1340610113614174
1340610205662865
1340610293920311
1340610381783995
1340610469873447
1340610557983076
1340610646113836
1340610737414060
1340610825527781
1340610913903478
1340611005682857
1340611095998010
1340611185551050
1340611273619314
1340611361545134
1340611450092036
1340611538595755
1340611631430600
1340611717913579
1340611809967322
1340611897903101
1340611989721569
1340612077662203
1340612165641983
1340612253539432
1340612341699736
1340612437785641
1340612533663119
1340612621834256
1340612709651755
1340612797966375
1340612886029316
1340612973777044
1340613062508466
1340613149717646
1340613238648791
1340613329070136
1340613417678277
1340613510182849
1340613598703892
1340613697755624
1340613785776731
1340613874184264
1340613961762666
1340614052091810
1340614141756332
1340614229808359
1340614317705113
1340614405604660
1340614493918721
1340614581509758
1340614670032317
1340614757847873
1340614845914997
1340614936983015
1340615025861666
1340615114655187
1340615201544758
1340615295468835
1340615381910032
1340615470279273
1340615557708325
1340615645744494
1340615733744543
1340615822026936
1340615913889379
1340616002237845
1340616094051576
1340616181695244
1340616277851678
1340616366322338
1340616454748611
1340616542031499
1340616629690865
1340616720351476
1340616812688663
1340616910892670
1340616998552563
1340617088781982
1340617177738906
1340617265703356
1340617354684476
1340617443785392
1340617535887288
1340617629541141
1340617724403912
1340617818861563
1340617914135297
1340618007420935
1340618095995514
1340618185961054
1340618274965290
1340618365722470
1340618454883361
1340618541649191
1340618631680692
1340618726281613
1340618821241217
1340618918115008
1340619012290860
