1340214853113397
1340214854476632
1340214855574524
1340214856716195
1340214857862577
1340214858874824
1340214859996787
1340214861206007
1340214862333037
1340214863422903
1340214864461943
1340214865635349
1340214866820735
1340214867881427
1340214868998164
1340214870023744
1340214870951051
1340214871872076
1340214873056120
1340214874162342
1340214875276889
1340214876420859
1340214877341942
1340214878081757
1340214878818604
1340214879696805
1340214880513788
1340214881264732
1340214882008466
1340214882729359
1340214883425229
1340214884123224
1340214884821557
1340214885516149
1340214886204034
1340214886947780
1340214887694182
1340214888388343
1340214889044807
1340214889693770
1340214890346062
1340214890981149
1340214891587257
1340214892201895
1340214892810749
1340214893418441
1340214894037254
1340214894669993
1340214895402670
1340214896176914
1340214896889541
1340214897553764
1340214898280444
1340214899075723
1340214899855417
1340214900647488
1340214901438415
1340214902216376
1340214902964737
1340214903683696
1340214904431563
1340214905186170
1340214905942355
1340214906698939
1340214907444948
1340214908172503
1340214908931523
1340214909656406
1340214910384974
1340214911109859
1340214911832519
1340214912559137
1340214913251647
1340214913868698
1340214914495029
1340214915134671
1340214915753583
1340214916360293
1340214916987389
1340214917608497
1340214918298886
1340214918974413
1340214919653612
1340214920344011
1340214921022033
1340214921711590
1340214922384912
1340214923053360
1340214923717105
1340214924389274
1340214925056749
1340214925715391
1340214926407594
1340214927143414
1340214927882298
1340214928801431
1340214929716108
1340214930575450
1340214931298871
1340214932167817
