1340348025401583
1340348124787387
1340348213283990
1340348301319275
1340348389425852
1340348477412713
1340348565332189
1340348653382828
1340348741396454
1340348829462080
1340348917300504
1340349005437827
1340349093412547
1340349181294049
1340349269412345
1340349357453843
1340349445338901
1340349533418447
1340349621303241
1340349709404489
1340349797340756
1340349885248119
1340349973410396
1340350061390211
1340350149221735
1340350237448372
1340350325346651
1340350413398438
1340350501331860
1340350589349227
1340350677314882
1340350765487994
1340350853436341
1340350941395789
1340351029275333
1340351117202029
1340351205303755
1340351297358341
1340351385294698
1340351473426716
1340351561338915
1340351649359985
1340351737290689
1340351825310984
1340351913303242
1340352001207865
1340352089441602
1340352184028057
1340352273406884
1340352361434354
1340352449435527
1340352537469729
1340352625480884
1340352713383286
1340352801334285
1340352889297586
1340352977318380
1340353065307223
1340353157168491
1340353245475818
1340353333312328
1340353421461669
1340353509382067
1340353597698999
1340353685507061
1340353773921061
1340353862610600
1340353949494845
1340354037366371
1340354125442110
1340354214196184
1340354304427551
1340354393919364
1340354482208847
1340354572052498
1340354662391079
1340354749526493
1340354837446362
1340354925452587
1340355017738562
1340355105455536
1340355193397314
1340355281408838
1340355369932201
1340355459264641
1340355549473111
1340355637555297
1340355726844433
1340355813475194
1340355905581836
1340355994104528
1340356082827341
1340356169413943
1340356257430392
1340356350326622
1340356437503241
1340356528195812
1340356625472025
1340356719461845
1340356806598284
