1340312589234358
1340312678447578
1340312765654464
1340312853839700
1340312941173417
1340313029821088
1340313117706185
1340313205827769
1340313297954907
1340313385798742
1340313474565511
1340313565625903
1340313653810471
1340313741977997
1340313830624556
1340313918006488
1340314006999873
1340314093556845
1340314181251456
1340314273814281
1340314362477805
1340314450469633
1340314539907144
1340314634334474
1340314723620698
1340314814416639
1340314901256604
1340314989731683
1340315077669401
1340315165033465
1340315253195956
1340315341146939
1340315429640001
1340315518094435
1340315607555084
1340315703941136
1340315800245725
1340315896334706
1340315989166170
1340316077723068
1340316169092615
1340316257081539
1340316345909334
1340316433173778
1340316521242922
1340316609693698
1340316701978779
1340316790782151
1340316884401077
1340316980263343
1340317071608887
1340317161171702
1340317249196967
1340317337187153
1340317429362590
1340317517154868
1340317606395413
1340317693704154
1340317781203625
1340317877256742
1340317966514339
1340318053242344
1340318141111604
1340318229098122
1340318317558179
1340318409446150
1340318498043825
1340318585646238
1340318673145615
1340318761849293
1340318849617481
1340318937676331
1340319029408906
1340319121233152
1340319214778371
1340319307599154
1340319397021069
1340319487532497
1340319577906894
1340319665801245
1340319754467645
1340319843002904
1340319929468493
1340320022231027
1340320113092852
1340320201813377
1340320289760549
1340320377228783
1340320470490126
1340320563518555
1340320659525182
1340320757651737
1340320845272233
1340320933484788
1340321021093869
1340321110038971
1340321197223267
1340321285199820
1340321373532098
1340321461125132
