1340447217983101
1340447306345260
1340447393837217
1340447481987338
1340447569956844
1340447658078643
1340447745980809
1340447834148409
1340447922082494
1340448009997796
1340448097862138
1340448185930375
1340448273966511
1340448366124222
1340448453963315
1340448542056036
1340448629906033
1340448718048392
1340448806033734
1340448893890404
1340448982210447
1340449069969029
1340449157732854
1340449246629505
1340449333800014
1340449422079130
1340449514347528
1340449601832280
1340449690167509
1340449778024262
1340449866140021
1340449953997372
1340450041783565
1340450129759041
1340450217799025
1340450305862025
1340450397931513
1340450485934529
1340450573845771
1340450669855356
1340450761826769
1340450850175919
1340450937986803
1340451026053173
1340451114075381
1340451201699331
1340451301893224
1340451390089642
1340451478101445
1340451565871160
1340451654100986
1340451742037153
1340451829898985
1340451917834324
1340452005945417
1340452093853704
1340452181967643
1340452269885776
1340452358052939
1340452445928441
1340452533929610
1340452621872614
1340452709856863
1340452797794041
1340452885771841
1340452973996331
1340453061837707
1340453153920363
1340453241843270
1340453329891453
1340453417939871
1340453506120416
1340453593891816
1340453681782773
1340453769970537
1340453857878680
1340453945876643
1340454034022531
1340454121915367
1340454209899745
1340454297899644
1340454386132034
1340454473932184
1340454561861839
1340454649871020
1340454737919505
1340454825901144
1340454913701300
1340455001647334
1340455089841274
1340455181878635
1340455269862204
1340455358009487
1340455445981156
1340455533969959
1340455621802510
1340455709784767
1340455797845588
1340455885761181
1340455973837948
