1340456061924922
1340456149901851
1340456238031770
1340456325844462
1340456413934896
1340456501760498
1340456589962630
1340456677891583
1340456766025563
1340456854195329
1340456941912083
1340457030011641
1340457118010075
1340457206258073
1340457293901981
1340457382085621
1340457470086376
1340457557914490
1340457645954024
1340457733829493
1340457821910757
1340457909918855
1340457997893267
1340458085970163
1340458173883299
1340458261998696
1340458349901924
1340458438213307
1340458526022242
1340458613957767
1340458701794888
1340458793977089
1340458881925009
1340458970012657
1340459057932831
1340459145746012
1340459234022964
1340459321907869
1340459410185508
1340459498110847
1340459585929730
1340459673938140
1340459762027008
1340459849935536
1340459937934918
1340460025890448
1340460113928095
1340460201973009
1340460290055016
1340460378086291
1340460465997056
1340460553857873
1340460641862399
1340460729911636
1340460822012800
1340460909907931
1340460997977475
1340461085746417
1340461173954522
1340461261846935
1340461349912438
1340461438013424
1340461526015512
1340461613904643
1340461701935936
1340461793908789
1340461881918222
1340461969914763
1340462057991722
1340462145844161
1340462234110995
1340462321913670
1340462410111733
1340462497869272
1340462586035094
1340462673895839
1340462761911690
1340462850067223
1340462937853622
1340463025987502
1340463113899600
1340463201786347
1340463289907713
1340463378072671
1340463465973578
1340463554005066
1340463641935231
1340463729904104
1340463818052889
1340463905912865
1340463993883768
1340464081921846
1340464173907189
1340464261972911
1340464349993242
1340464438126868
1340464525840137
1340464613919177
1340464701911732
1340464789872016
