1340473690121673
1340473781963716
1340473878504003
1340473970299469
1340474062016952
1340474154044201
1340474242605761
1340474331923774
1340474427936958
1340474519986090
1340474614202928
1340474703736566
1340474794165332
1340474887288993
1340474982517925
1340475081888947
1340475170117454
1340475258117261
1340475347535218
1340475436603192
1340475527188515
1340475617034105
1340475711433350
1340475802285701
1340475897102281
1340475992932951
1340476086355671
1340476174142270
1340476265212294
1340476362483338
1340476452801116
1340476544549041
1340476639405967
1340476734433251
1340476829140942
1340476925954538
1340477018943492
1340477109932140
1340477198200962
1340477289394347
1340477386567888
1340477474060756
1340477564247981
1340477661979805
1340477756239862
1340477848793249
1340477947164074
1340478044300227
1340478134132747
1340478222120981
1340478310048693
1340478398747366
1340478491390408
1340478585579737
1340478681962642
1340478777282951
1340478872159971
1340478971901467
1340479063600011
1340479154139513
1340479242076855
1340479331401436
1340479418916257
1340479506329395
1340479599076858
1340479693543341
1340479788353875
1340479885832366
1340479982536532
1340480077558849
1340480166138208
1340480254095125
1340480349515015
1340480448029569
1340480544524050
1340480640087130
1340480738575024
1340480833596913
1340480931187705
1340481031155085
1340481126238493
1340481214122746
1340481305970312
1340481402316705
1340481495010824
1340481587417259
1340481681480445
1340481777943827
1340481867419764
1340481962140153
1340482061506244
1340482154119402
1340482243419252
1340482336981655
1340482428738128
1340482519365304
1340482612832160
1340482703552362
1340482798573046
1340482892353185
