1340601121058480
1340601208974460
1340601298653176
1340601389091132
1340601477737185
1340601570229004
1340601661174144
1340601750763033
1340601842745760
1340601934262416
1340602026466779
1340602118065455
1340602212531543
1340602302165718
1340602393030956
1340602482617262
1340602574017483
1340602666864977
1340602753260723
1340602842668928
1340602934355467
1340603025956836
1340603123140544
1340603208939083
1340603297097875
1340603385968809
1340603479565377
1340603569076707
1340603657378236
1340603750904893
1340603842688623
1340603934137193
1340604026863050
1340604119482248
1340604209020145
1340604297082637
1340604384991878
1340604474640073
1340604566094474
1340604658644352
1340604750903041
1340604843539259
1340604938257777
1340605030415309
1340605122533909
1340605208921605
1340605297063070
1340605385014784
1340605478239931
1340605570061789
1340605660973942
1340605750894351
1340605843556154
1340605937797839
1340606025438441
1340606113031084
1340606200899805
1340606288811243
1340606385506332
1340606476900675
1340606564975833
1340606653454283
1340606746354315
1340606839076036
1340606929485686
1340607020863194
1340607109068919
1340607197196437
1340607285088742
1340607373156861
1340607462120717
1340607553826145
1340607642400145
1340607729925127
1340607822614953
1340607913865657
1340608006813843
1340608094639055
1340608181031324
1340608268777508
1340608358300353
1340608445852334
1340608537346584
1340608625924849
1340608721420694
1340608816834209
1340608905043704
1340609005960310
1340609093152501
1340609180779038
1340609268938196
1340609357963876
1340609445120257
1340609532975376
1340609622107675
1340609709893366
1340609802112457
1340609888802353
1340609981411593
1340610068974382
