1340420047040223
1340420137804972
1340420225769575
1340420314294338
1340420402620321
1340420491223011
1340420579910272
1340420670625192
1340420766001255
1340420855133962
1340420942979636
1340421030931596
1340421121624460
1340421209721985
1340421301463779
1340421394570234
1340421482894052
1340421570692921
1340421658473387
1340421746887128
1340421839765398
1340421932778812
1340422021779996
1340422110491793
1340422197799535
1340422288764554
1340422385919511
1340422476990278
1340422571839347
1340422666863211
1340422758923347
1340422845847178
1340422936147609
1340423030790535
1340423124454244
1340423214152545
1340423306666379
1340423394793841
1340423483315600
1340423576580513
1340423671708694
1340423768054252
1340423863052638
1340423949884735
1340424042772131
1340424129828054
1340424217821079
1340424308676632
1340424401860221
1340424490593804
1340424577925044
1340424668060611
1340424766389337
1340424861960620
1340424957477378
1340425049881046
1340425137856997
1340425225827873
1340425314925676
1340425406078428
1340425494077904
1340425586971743
1340425673889215
1340425763017037
1340425849863543
1340425938883144
1340426034107365
1340426125873895
1340426213882934
1340426302035933
1340426390330023
1340426477875031
1340426573501446
1340426662914730
1340426757908449
1340426847319366
1340426933807311
1340427023054081
1340427117449539
1340427205885054
1340427300103953
1340427393909754
1340427482811905
1340427573859695
1340427661954148
1340427752030031
1340427847091465
1340427937346781
1340428029874020
1340428118650562
1340428205981676
1340428299431400
1340428390572470
1340428479319683
1340428574671024
1340428666697880
1340428758173676
1340428848090465
1340428937846829
1340429030871012
