1340214767892117
1340214768528417
1340214769176401
1340214769796544
1340214770414843
1340214771032692
1340214771678476
1340214772313430
1340214772958241
1340214773600321
1340214774231748
1340214774850474
1340214775490228
1340214776136955
1340214776783581
1340214777428811
1340214778100617
1340214778738199
1340214779366645
1340214779997382
1340214780625609
1340214781240234
1340214781853089
1340214782450895
1340214783044894
1340214783788139
1340214784523968
1340214785233757
1340214785938101
1340214786618546
1340214787318255
1340214788033427
1340214788756270
1340214789489573
1340214790211044
1340214790972918
1340214791758878
1340214792569711
1340214793393568
1340214794201471
1340214795019546
1340214795854934
1340214796649104
1340214797431134
1340214798273849
1340214799116114
1340214799855707
1340214800613877
1340214801255903
1340214802044197
1340214802706622
1340214803543516
1340214804187988
1340214804934055
1340214805719553
1340214806553321
1340214807414091
1340214808230498
1340214808832832
1340214809452616
1340214810040640
1340214810615930
1340214811246602
1340214812132310
1340214813109066
1340214814143391
1340214815195991
1340214816198727
1340214817223647
1340214818292175
1340214819332065
1340214820322472
1340214821368869
1340214822430796
1340214823382708
1340214824392822
1340214825304183
1340214826225323
1340214827237161
1340214828221333
1340214829274843
1340214830367410
1340214831502262
1340214832602306
1340214833740080
1340214834812267
1340214835810049
1340214836836316
1340214837946670
1340214839053462
1340214840258226
1340214841335408
1340214842658373
1340214843907464
1340214845169931
1340214846435123
1340214847695851
1340214848948654
1340214850162465
1340214851405160
