1340383754504479
1340383841882377
1340383930810212
1340384022054024
1340384112337158
1340384201616175
1340384290530467
1340384378722310
1340384465593503
1340384556377725
1340384652957284
1340384749043842
1340384843583875
1340384938589105
1340385026628615
1340385122616928
1340385209691362
1340385302014700
1340385389702186
1340385477653401
1340385565931768
1340385655448615
1340385745579515
1340385836037075
1340385933730998
1340386024064466
1340386118839489
1340386205623656
1340386293683987
1340386381885528
1340386469681527
1340386558334556
1340386649646697
1340386738458125
1340386826547678
1340386915045312
1340387004769433
1340387100389670
1340387189658846
1340387278202700
1340387365566314
1340387454434332
1340387542067264
1340387635392361
1340387725711728
1340387814656669
1340387902081936
1340387991034112
1340388084747971
1340388173591414
1340388263588325
1340388359611120
1340388452028251
1340388545736719
1340388634518608
1340388722672592
1340388809652589
1340388901679262
1340388991252792
1340389082431705
1340389173620948
1340389262532966
1340389350538089
1340389439336499
1340389530128793
1340389618123485
1340389706320872
1340389793692038
1340389885836029
1340389975092891
1340390064348059
1340390153640720
1340390241617718
1340390330416868
1340390418778695
1340390510481566
1340390598626297
1340390693204961
1340390788435528
1340390883626258
1340390973599400
1340391062450145
1340391149514033
1340391237739247
1340391325991173
1340391414025371
1340391502443303
1340391589628038
1340391677915144
1340391766945025
1340391860959277
1340391957204629
1340392052527800
1340392145630237
1340392238413757
1340392325828915
1340392414313356
1340392502622079
1340392590417899
1340392677861939
