1340339169350399
1340339257356989
1340339345319128
1340339433343218
1340339521252958
1340339609221317
1340339697233016
1340339785256836
1340339873255820
1340339961364106
1340340049406387
1340340141399967
1340340229401854
1340340317163668
1340340405400299
1340340493231969
1340340581335354
1340340669369755
1340340757359241
1340340845340458
1340340933249766
1340341021321539
1340341109260745
1340341197247565
1340341285333171
1340341373358965
1340341461239437
1340341549537205
1340341637395824
1340341725359585
1340341813344392
1340341901378152
1340341989218493
1340342077271438
1340342165267739
1340342253261976
1340342341375191
1340342429455246
1340342517345312
1340342605236993
1340342693396061
1340342781267686
1340342869299425
1340342957508838
1340343045365035
1340343133205582
1340343221352158
1340343309265309
1340343397355016
1340343485245523
1340343573334151
1340343661374714
1340343749241817
1340343837279333
1340343925355450
1340344013527242
1340344101345398
1340344189175465
1340344277329359
1340344365343707
1340344453270549
1340344541244828
1340344629289705
1340344717377211
1340344805264617
1340344893373563
1340344986759684
1340345073234261
1340345165415237
1340345253380722
1340345341385312
1340345429334591
1340345517398837
1340345605253906
1340345693283757
1340345781264692
1340345869216738
1340345957329248
1340346045391737
1340346133373240
1340346221296976
1340346309428059
1340346397300912
1340346485252110
1340346573302766
1340346661354702
1340346749261083
1340346837352293
1340346925281417
1340347013295281
1340347101183844
1340347189366496
1340347277365163
1340347365285525
1340347453281954
1340347541346057
1340347629338344
1340347717356229
1340347805410508
1340347893304573
