1340401941044291
1340402036634476
1340402129757985
1340402220067244
1340402318546405
1340402406570497
1340402501469025
1340402597593176
1340402693034968
1340402789175766
1340402880110833
1340402975809411
1340403066701171
1340403153696156
1340403241703957
1340403331350776
1340403418879823
1340403507431638
1340403606367561
1340403695321833
1340403788247525
1340403878409394
1340403967533042
1340404063743649
1340404157728031
1340404245713721
1340404338785883
1340404427012229
1340404514944576
1340404605703165
1340404694355014
1340404781996094
1340404874901688
1340404966502501
1340405054345151
1340405141755582
1340405229724531
1340405323980549
1340405414852837
1340405501949801
1340405591499687
1340405681431272
1340405776855660
1340405870192028
1340405960601324
1340406053760025
1340406141757819
1340406229799871
1340406317724968
1340406405668104
1340406495893508
1340406594901789
1340406682525597
1340406774842983
1340406862647487
1340406949928876
1340407041120500
1340407129768161
1340407217879384
1340407306443453
1340407393661141
1340407481900008
1340407571342480
1340407659306334
1340407750853524
1340407846139940
1340407935736990
1340408030968316
1340408117717748
1340408205717790
1340408293788954
1340408382546211
1340408470712312
1340408560664723
1340408655410014
1340408742313133
1340408830668339
1340408917727698
1340409010886953
1340409105906028
1340409193793534
1340409286699006
1340409374490853
1340409462669063
1340409557582737
1340409653472531
1340409749012415
1340409842548137
1340409929664765
1340410017833147
1340410106643466
1340410193699439
1340410283860177
1340410380197091
1340410469784292
1340410561732847
1340410649906991
1340410741707729
1340410830683486
1340410921262708
