1340782665388248
1340782771734616
1340782863940265
1340782960723378
1340783057544890
1340783158423259
1340783249231078
1340783347368647
1340783437201045
1340783535459652
1340783630651810
1340783722732035
1340783820876223
1340783915624210
1340784012144503
1340784103521249
1340784190281004
1340784278364277
1340784370280245
1340784463572380
1340784564171202
1340784660323516
1340784760866144
1340784857064603
1340784954362036
1340785048313993
1340785146471971
1340785236148942
1340785334621788
1340785426869068
1340785522419832
1340785618295021
1340785711652652
1340785810069568
1340785902714980
1340785999096768
1340786091619520
1340786178347741
1340786270312099
1340786364437288
1340786455197938
1340786547598336
1340786636823651
1340786736184800
1340786834010835
1340786932064546
1340787030326666
1340787122376729
1340787210323033
1340787300077681
1340787390509390
1340787482493835
1340787577128637
1340787670389590
1340787759929663
1340787854413722
1340787949457194
1340788050612877
1340788142335930
1340788230427521
1340788329922029
1340788422477489
1340788518070719
1340788611899644
1340788707661992
1340788799857786
1340788899356497
1340788992518725
1340789095500425
1340789182297081
1340789273292849
1340789363513322
1340789452949150
1340789547349475
1340789642449454
1340789741064626
1340789838305813
1340789934350453
1340790026675146
1340790124835507
1340790214297073
1340790302422530
1340790390167393
1340790482319787
1340790574539859
1340790672354132
1340790771851283
1340790867767576
1340790960188689
1340791059638395
1340791150219716
1340791238393024
1340791332362806
1340791427622396
1340791519156905
1340791616947675
1340791713161812
1340791810787484
1340791903762108
1340792002702881
