1340565697556260
1340565786505162
1340565873131013
1340565961252724
1340566049288952
1340566137232274
1340566225189961
1340566313220932
1340566401250200
1340566489350152
1340566577098677
1340566665209945
1340566753122286
1340566841716963
1340566929161639
1340567024898628
1340567113240323
1340567201222804
1340567289149681
1340567377047963
1340567465107744
1340567553203651
1340567641236683
1340567729304602
1340567817259058
1340567905023995
1340567993193995
1340568081310024
1340568169061646
1340568257000565
1340568345115336
1340568433237115
1340568521270088
1340568608941844
1340568697170913
1340568785067673
1340568873220793
1340568961261202
1340569049171701
1340569137159986
1340569225132813
1340569313097975
1340569401241273
1340569489110526
1340569577199344
1340569665238307
1340569753099751
1340569841132467
1340569929303465
1340570017143717
1340570105248738
1340570193160096
1340570281145369
1340570369215750
1340570457166045
1340570545104173
1340570633127251
1340570721036582
1340570809134523
1340570897115644
1340570985043827
1340571073139411
1340571161147616
1340571249237234
1340571337112877
1340571425128988
1340571513069145
1340571601186992
1340571689207814
1340571777072176
1340571865093800
1340571953077246
1340572041231747
1340572129138785
1340572217133291
1340572304939263
1340572393236419
1340572481138549
1340572569118991
1340572657129285
1340572745142520
1340572833149954
1340572921098336
1340573009167592
1340573097166174
1340573185150943
1340573273122984
1340573361144642
1340573449122784
1340573537056457
1340573625220479
1340573713267513
1340573801098946
1340573889137825
1340573977120891
1340574065192065
1340574153096145
1340574241156488
1340574329079813
1340574417243684
