1340763931514723
1340764023149393
1340764120548575
1340764211338568
1340764308182575
1340764404892594
1340764501942666
1340764593963724
1340764689469377
1340764781416692
1340764881628526
1340764973769649
1340765067475256
1340765159318179
1340765247528170
1340765335246991
1340765425271714
1340765519596132
1340765616794267
1340765714555637
1340765805722079
1340765898619898
1340765991563733
1340766080244285
1340766171179740
1340766259457760
1340766347447443
1340766435358754
1340766527379121
1340766620166273
1340766715517727
1340766806083775
1340766899241385
1340766994452329
1340767091166253
1340767179481917
1340767267685847
1340767360935323
1340767452417989
1340767554484855
1340767649895699
1340767751663920
1340767845730410
1340767947487825
1340768043544261
1340768139430367
1340768229587220
1340768329083542
1340768421311023
1340768515429076
1340768609793530
1340768699993900
1340768795255380
1340768888302096
1340768988727165
1340769085692945
1340769175345278
1340769271827049
1340769369995360
1340769462290415
1340769563694840
1340769658211365
1340769758554651
1340769849611537
1340769948757803
1340770042528249
1340770135275410
1340770223306846
1340770311608840
1340770399691430
1340770494396078
1340770590198685
1340770683413208
1340770776392590
1340770867602229
1340770959802427
1340771055895642
1340771151524102
1340771239334892
1340771333455606
1340771424688350
1340771525086388
1340771621468017
1340771723511394
1340771819507578
1340771918647855
1340772010052077
1340772111691469
1340772203305168
1340772296604619
1340772387641676
1340772481368544
1340772571721541
1340772667227256
1340772760305578
1340772855634926
1340772948719687
1340773043778816
1340773139391131
1340773227336858
