1340520431209906
1340520526896336
1340520627522588
1340520730918744
1340520827894079
1340520926780269
1340521020685845
1340521118231948
1340521207477976
1340521305045320
1340521398492135
1340521486386460
1340521578216163
1340521674303452
1340521766746733
1340521855870773
1340521952650178
1340522053881025
1340522142342229
1340522234601374
1340522330505147
1340522418532087
1340522508019128
1340522606230350
1340522697019411
1340522794653424
1340522884207045
1340522981144224
1340523078874287
1340523166447647
1340523255477322
1340523351866763
1340523444053441
1340523541518616
1340523636451136
1340523740358880
1340523838802983
1340523929847042
1340524026868539
1340524124251849
1340524214365086
1340524302419079
1340524394388341
1340524489129871
1340524589722963
1340524686779795
1340524788054626
1340524882974879
1340524978807752
1340525072603163
1340525162433443
1340525250394006
1340525338455564
1340525426416504
1340525522471812
1340525612067934
1340525710776715
1340525810803219
1340525902414754
1340525999484469
1340526100175741
1340526190405615
1340526278459614
1340526367771170
1340526465802872
1340526562315203
1340526664066915
1340526763667609
1340526861836494
1340526951438443
1340527045413510
1340527142469702
1340527231827582
1340527332446552
1340527422679095
1340527518500888
1340527611831381
1340527709514031
1340527806733314
1340527908043188
1340528005453725
1340528103972247
1340528194416717
1340528283704273
1340528374789109
1340528471961623
1340528570312570
1340528667851359
1340528768021493
1340528868710214
1340528962906846
1340529057541445
1340529150408984
1340529239942674
1340529339400672
1340529430785042
1340529526331381
1340529614732557
1340529711461618
1340529812097040
