1340773365283848
1340773457978868
1340773557859821
1340773653062610
1340773746660307
1340773838037388
1340773931668529
1340774029807461
1340774117929293
1340774209736003
1340774298043253
1340774390035545
1340774486054067
1340774583582355
1340774679084793
1340774778024199
1340774875239714
1340774970033284
1340775063032540
1340775157889078
1340775245981626
1340775340640323
1340775430098966
1340775528235884
1340775624257675
1340775724819791
1340775820857965
1340775915873496
1340776012559325
1340776114311946
1340776201869721
1340776290280889
1340776381989695
1340776478287684
1340776572929126
1340776674199619
1340776771320903
1340776863329278
1340776959720111
1340777050288326
1340777145949743
1340777234834252
1340777329295951
1340777419392928
1340777516983499
1340777612422612
1340777708837597
1340777803920904
1340777898481855
1340777988400928
1340778086154523
1340778173936383
1340778262436613
1340778356087924
1340778445995249
1340778536042292
1340778634105960
1340778731780851
1340778830315547
1340778924937296
1340779021928387
1340779115781858
1340779210053186
1340779301953829
1340779394248287
1340779489000410
1340779579081167
1340779675417423
1340779763438981
1340779858975016
1340779946141194
1340780039718200
1340780137988076
1340780227059268
1340780317897371
1340780414161782
1340780506236766
1340780603832251
1340780699562352
1340780798051735
1340780892696208
1340780990486852
1340781087305076
1340781177946978
1340781271538155
1340781362687932
1340781456225541
1340781554582701
1340781651834207
1340781746223345
1340781837980283
1340781931530443
1340782027982738
1340782123560338
1340782209946410
1340782297970051
1340782385987060
1340782474029259
1340782568434232
1340782663877600
