1340763883857084
1340763979221950
1340764068083708
1340764166063848
1340764259149113
1340764356475676
1340764450828083
1340764546016340
1340764640804315
1340764734073554
1340764827856573
1340764926303523
1340765019067975
1340765113944165
1340765201964685
1340765289986786
1340765378114781
1340765471143281
1340765568502480
1340765663074974
1340765759211653
1340765850433996
1340765946580647
1340766035347362
1340766126009035
1340766214020825
1340766303166818
1340766390960127
1340766480676834
1340766571382814
1340766667770221
1340766758216202
1340766854374327
1340766942531830
1340767041394877
1340767134051315
1340767223173915
1340767311309711
1340767406386682
1340767500257889
1340767600265526
1340767697053297
1340767798232096
1340767892671131
1340767994050641
1340768094140384
1340768181970382
1340768277588090
1340768374821343
1340768469907738
1340768558814396
1340768655388692
1340768746438668
1340768841102118
1340768935345259
1340769036964677
1340769129963087
1340769222008261
1340769320237543
1340769413948256
1340769509018400
1340769610312565
1340769704521868
1340769802495904
1340769897462607
1340769994268154
1340770088360031
1340770178049582
1340770265957732
1340770353961697
1340770444642189
1340770538303398
1340770636978100
1340770727151922
1340770823145562
1340770910969949
1340771009334660
1340771103739653
1340771193986123
1340771282039914
1340771378667076
1340771472731467
1340771573878450
1340771668587350
1340771770018060
1340771867122589
1340771962332463
1340772056822020
1340772158133081
1340772246468850
1340772343368022
1340772434001455
1340772526200902
1340772621856907
1340772711121898
1340772811108597
1340772899473646
1340772995847593
1340773092331425
1340773182043571
