1340294665925834
1340294753156999
1340294841233576
1340294929674733
1340295017770001
1340295105566711
1340295193082047
1340295281096212
1340295373180690
1340295462530780
1340295549767171
1340295637174921
1340295725161534
1340295818165365
1340295905773939
1340295994282625
1340296082498482
1340296169120963
1340296261256572
1340296349170307
1340296442366470
1340296532095897
1340296628108445
1340296723844443
1340296814443404
1340296901621570
1340296989583951
1340297078180227
1340297165751063
1340297253204243
1340297341453935
1340297429201476
1340297518071536
1340297612172924
1340297707614041
1340297795729473
1340297891344642
1340297981735799
1340298069491861
1340298157074237
1340298246111997
1340298332992611
1340298421860277
1340298510019792
1340298597872217
1340298686134301
1340298775091546
1340298867718191
1340298963707248
1340299055260375
1340299145143555
1340299233038629
1340299321172486
1340299409406789
1340299497409422
1340299586110657
1340299673459430
1340299761734848
1340299850220772
1340299937227812
1340300027161976
1340300117318993
1340300205979803
1340300295588675
1340300382016998
1340300469893621
1340300557472924
1340300645671750
1340300734487344
1340300822212142
1340300909180145
1340300997625499
1340301085761945
1340301173121703
1340301261155367
1340301349729519
1340301437596405
1340301527195182
1340301614326609
1340301701489594
1340301789517908
1340301877309102
1340301965954021
1340302053792965
1340302145144827
1340302233193960
1340302321048426
1340302409230982
1340302498278534
1340302587778907
1340302680179204
1340302769229878
1340302858108362
1340302945658582
1340303034147864
1340303121124030
1340303209105214
1340303301104182
1340303389725176
1340303477818602
