1340501578397089
1340501671204679
1340501760061676
1340501860148282
1340501959025712
1340502051591086
1340502142291307
1340502230180711
1340502325558357
1340502415730638
1340502507854535
1340502602386053
1340502690965882
1340502782596554
1340502872810250
1340502964497187
1340503063712772
1340503158308741
1340503246375299
1340503337536268
1340503427104284
1340503517131092
1340503614404133
1340503706335496
1340503794206321
1340503886350330
1340503975511238
1340504070614233
1340504162226536
1340504250335948
1340504338297223
1340504429597183
1340504523697166
1340504621775650
1340504719698713
1340504819755045
1340504919778220
1340505017903438
1340505117082922
1340505206929153
1340505302943574
1340505394837383
1340505491027205
1340505578426206
1340505667685192
1340505765624652
1340505864673211
1340505964454036
1340506061188076
1340506150246724
1340506240062157
1340506339214284
1340506427778051
1340506525494658
1340506619302875
1340506708729322
1340506810432203
1340506907872141
1340506998314176
1340507095091661
1340507182304031
1340507273263585
1340507369178126
1340507459226437
1340507550383259
1340507641935727
1340507739344428
1340507844306664
1340507941203682
1340508038344869
1340508130325464
1340508218466135
1340508315365226
1340508406952819
1340508502203986
1340508602129364
1340508699769219
1340508802262731
1340508901617939
1340509000159112
1340509094013714
1340509186229109
1340509279554971
1340509372301473
1340509464071371
1340509558619148
1340509651780355
1340509752577064
1340509851061538
1340509947737213
1340510044426526
1340510138300290
1340510229796868
1340510327086828
1340510419683003
1340510512781384
1340510610725545
1340510705967448
1340510807037257
1340510902246091
