1340745299732036
1340745391056085
1340745481088791
1340745571101499
1340745663315318
1340745755211170
1340745844423314
1340745936573449
1340746032621513
1340746123249795
1340746215217231
1340746308114077
1340746403365667
1340746497891603
1340746587489582
1340746679870920
1340746771462773
1340746863351732
1340746952294365
1340747050675153
1340747139047332
1340747229090765
1340747323170577
1340747411674143
1340747503434115
1340747591203293
1340747683655590
1340747776958833
1340747867524716
1340747955167656
1340748048216325
1340748139262346
1340748227225211
1340748323319864
1340748416937402
1340748517734577
1340748618052494
1340748712456510
1340748805173871
1340748904096969
1340749004174266
1340749104799503
1340749195221292
1340749283655201
1340749371298888
1340749461897170
1340749563285528
1340749654099064
1340749747586580
1340749837583057
1340749936562294
1340750029223312
1340750129710433
1340750220775874
1340750315382163
1340750405125725
1340750503291491
1340750594453805
1340750689783797
1340750785179231
1340750885834525
1340750986776450
1340751085050887
1340751175130070
1340751267324604
1340751359121616
1340751449127362
1340751543208223
1340751635108534
1340751727169541
1340751823471923
1340751915678272
1340752014521657
1340752108651618
1340752199248933
1340752292330551
1340752387937281
1340752481475655
1340752584870152
1340752678839654
1340752777200117
1340752869895095
1340752969376906
1340753064192809
1340753163138904
1340753251373621
1340753339503164
1340753428774993
1340753523314680
1340753620686480
1340753711637637
1340753803820549
1340753899304491
1340753991738708
1340754083576611
1340754171045066
1340754259132339
1340754351677419
1340754443217825
1340754535635717
