1340810918201023
1340811010196187
1340811098340140
1340811194206692
1340811286038194
1340811378263080
1340811470362067
1340811562118535
1340811654310131
1340811742068548
1340811834193686
1340811926107708
1340812018039375
1340812110122310
1340812202008303
1340812294098189
1340812386197243
1340812478186230
1340812570183401
1340812658121547
1340812746103451
1340812838299712
1340812934025807
1340813026286189
1340813114115313
1340813210077643
1340813302151452
1340813394826053
1340813482111091
1340813574044716
1340813666056298
1340813758098000
1340813846075208
1340813938173495
1340814026158147
1340814118114914
1340814206111453
1340814294067907
1340814386227559
1340814478048360
1340814570066439
1340814662107067
1340814750079881
1340814842195473
1340814934182427
1340815026261119
1340815118038449
1340815206012084
1340815298304035
1340815390191081
1340815482205524
1340815575137563
1340815662146363
1340815754163000
1340815842236454
1340815934087918
1340816022258499
1340816114126455
1340816214236575
1340816306166647
1340816398208408
1340816490076385
1340816578049151
1340816670017906
1340816758059003
1340816846092779
1340816937901823
1340817030281955
1340817118131887
1340817210168994
1340817302125513
1340817394180990
1340817486018461
1340817578062849
1340817669980081
1340817762008123
1340817854316232
1340817946057513
1340818038278580
1340818126143338
1340818217430305
1340818310110293
1340818398281726
1340818490045930
1340818578235442
1340818670032278
1340818762304663
1340818850078432
1340818943311349
1340819030222724
1340819121965669
1340819210188327
1340819298310131
1340819390182006
1340819482077693
1340819569997160
1340819658275162
1340819746103566
1340819834146485
1340819926048237
