1340534491616566
1340534537378833
1340534582625303
1340534627776531
1340534675331668
1340534720066476
1340534767471300
1340534813388692
1340534857408534
1340534901429686
1340534945491465
1340534989392767
1340535033729314
1340535077658819
1340535121429471
1340535165386226
1340535209363503
1340535253336257
1340535297311652
1340535345948153
1340535389424932
1340535433449333
1340535477850750
1340535522021735
1340535565380958
1340535610529445
1340535653956749
1340535697091952
1340535742503924
1340535788155530
1340535836375320
1340535883280264
1340535927655644
1340535974870237
1340536019422140
1340536065577864
1340536109981011
1340536153357285
1340536197383435
1340536241357970
1340536285307537
1340536329317846
1340536373237857
1340536418495194
1340536463933658
1340536509341943
1340536554254215
1340536599210277
1340536641917259
1340536687866228
1340536733340634
1340536778055923
1340536822728637
1340536867863736
1340536913445344
1340536958243481
1340537007609068
1340537049975123
1340537093088506
1340537137394193
1340537181357064
1340537225329361
1340537270698983
1340537316329694
1340537364596692
1340537409758058
1340537454565066
1340537499029278
1340537543895459
1340537590002016
1340537633641609
1340537678490020
1340537723446220
1340537770404627
1340537813856955
1340537857751006
1340537901378938
1340537945778026
1340537990135909
1340538034252036
1340538077174815
1340538121336238
1340538165304139
1340538209428735
1340538253351211
1340538297598988
1340538342916712
1340538385689793
1340538430177016
1340538474805919
1340538519566830
1340538567942519
1340538614816542
1340538659755602
1340538708225207
1340538756635466
1340538804761555
1340538851602490
1340538900178576
1340538947812260
