1340401894550563
1340401990613965
1340402086616133
1340402173908659
1340402269452605
1340402363579884
1340402452373340
1340402550069176
1340402647449732
1340402742609577
1340402834623650
1340402929941278
1340403021891085
1340403109840670
1340403197820922
1340403285914409
1340403373683161
1340403462838776
1340403556983342
1340403651495667
1340403741965979
1340403833823925
1340403923561611
1340404016645181
1340404113396050
1340404201769992
1340404289869768
1340404381718629
1340404469747359
1340404561219826
1340404650131903
1340404738036078
1340404826067859
1340404918120969
1340405010653811
1340405097693665
1340405185906929
1340405276280967
1340405370046051
1340405458540737
1340405546176443
1340405635554344
1340405729001380
1340405826619160
1340405914913634
1340406008026378
1340406098714831
1340406185926549
1340406273823847
1340406361634919
1340406449924792
1340406545531061
1340406639615686
1340406728353249
1340406817997948
1340406906461544
1340406994107652
1340407087009664
1340407173842485
1340407261880559
1340407349833682
1340407438007846
1340407527122715
1340407613872658
1340407705752353
1340407796600529
1340407889780887
1340407985920353
1340408074684855
1340408161900035
1340408249847539
1340408338667434
1340408425710949
1340408515021901
1340408610044291
1340408698790061
1340408786635942
1340408874514250
1340408964047921
1340409057428106
1340409149847334
1340409237770199
1340409329940151
1340409418885055
1340409508188764
1340409605462189
1340409702635287
1340409797951215
1340409886022642
1340409974788027
1340410063042148
1340410149854625
1340410237821206
1340410333431644
1340410425907945
1340410516260070
1340410605932567
1340410699405297
1340410787230148
1340410875402735
