1340223961474876
1340224053714389
1340224140637778
1340224228591954
1340224316851019
1340224404635250
1340224492821882
1340224580880809
1340224669841704
1340224756670980
1340224845181248
1340224933778420
1340225021165884
1340225112720605
1340225200734738
1340225289150184
1340225376761817
1340225465452373
1340225556749114
1340225645329050
1340225733746767
1340225820724596
1340225908904821
1340225997621938
1340226084957576
1340226172789080
1340226260700629
1340226349338751
1340226436915964
1340226525275883
1340226614030790
1340226702023018
1340226789495216
1340226876907556
1340226965389963
1340227052602609
1340227140619185
1340227228646464
1340227317104319
1340227404959709
1340227493332681
1340227582035398
1340227670017638
1340227758112035
1340227844973386
1340227933663744
1340228021278716
1340228109866472
1340228196702343
1340228285530414
1340228372667113
1340228461109683
1340228549104060
1340228637165543
1340228724666558
1340228813175507
1340228901199812
1340228988971900
1340229076971973
1340229164705590
1340229252848622
1340229341486944
1340229428857908
1340229517829591
1340229605506817
1340229694028312
1340229784945047
1340229876940209
1340229964989846
1340230053250440
1340230140618248
1340230228812587
1340230316937576
1340230404870414
1340230493185424
1340230581993768
1340230670068830
1340230756903661
1340230844560606
1340230932854291
1340231021409839
1340231109723756
1340231196596604
1340231284748996
1340231372696846
1340231461383952
1340231548799135
1340231636823258
1340231725579248
1340231814000212
1340231900838861
1340231993180639
1340232082008696
1340232168599455
1340232261084307
1340232349057026
1340232437070223
1340232525809948
1340232614027991
1340232702009338
