1340574461481482
1340574548760315
1340574636786416
1340574724851329
1340574812745462
1340574900769376
1340574988751692
1340575076773737
1340575164785967
1340575252928151
1340575340779562
1340575428784791
1340575516688067
1340575604914085
1340575692886587
1340575780788465
1340575868790794
1340575956733229
1340576044879839
1340576132683371
1340576220792503
1340576308744292
1340576396898215
1340576484820138
1340576572752508
1340576660781435
1340576748883467
1340576836833269
1340576924842711
1340577012854917
1340577100720373
1340577188773772
1340577276769980
1340577364754948
1340577452797406
1340577540751086
1340577628898821
1340577716774112
1340577804784888
1340577892803678
1340577980783678
1340578068790697
1340578156695430
1340578244812833
1340578332803335
1340578420841361
1340578508801808
1340578596775994
1340578684871622
1340578772879922
1340578860783074
1340578948771713
1340579036887812
1340579124744948
1340579212860052
1340579300787139
1340579388857061
1340579476659728
1340579564770433
1340579652837367
1340579740745722
1340579828796978
1340579916771519
1340580004826324
1340580092719383
1340580180728980
1340580268724597
1340580356821061
1340580444893508
1340580532859991
1340580620864051
1340580708960448
1340580796945914
1340580884749561
1340580972783163
1340581060754465
1340581148805575
1340581236820120
1340581324714010
1340581412865700
1340581500752971
1340581588769435
1340581676783250
1340581764792147
1340581852885308
1340581940912097
1340582028920043
1340582116682075
1340582204809459
1340582292821125
1340582380826381
1340582468770288
1340582556785657
1340582644767886
1340582732746252
1340582820663322
1340582908656208
1340582996704357
1340583084776627
1340583172893549
