1340655385903559
1340655478269686
1340655569230584
1340655663133248
1340655749558405
1340655843663635
1340655941690760
1340656035147389
1340656121244694
1340656209291757
1340656301332573
1340656393755914
1340656489129919
1340656582149982
1340656678745660
1340656774354495
1340656861171906
1340656949417398
1340657038657852
1340657129147134
1340657217160259
1340657305325188
1340657393415078
1340657481988736
1340657573792579
1340657668326767
1340657757652956
1340657851165310
1340657938406046
1340658030843444
1340658119293589
1340658205286264
1340658293941502
1340658389176578
1340658477980275
1340658570080624
1340658667599509
1340658765300895
1340658857824277
1340658945964684
1340659039577699
1340659133413680
1340659221304412
1340659309381259
1340659401736780
1340659495935819
1340659593469876
1340659687090304
1340659774730276
1340659866801904
1340659959726174
1340660055633834
1340660153279058
1340660241315934
1340660329421110
1340660417683590
1340660509329479
1340660597447094
1340660685420760
1340660778919546
1340660876518798
1340660969193214
1340661057356252
1340661145333085
1340661233435123
1340661321480683
1340661409518666
1340661503974096
1340661599389231
1340661699724299
1340661789240327
1340661878146093
1340661971971772
1340662066720138
1340662157126559
1340662245225783
1340662337994611
1340662426181725
1340662518934074
1340662613436109
1340662708147199
1340662807662311
1340662907098986
1340662994263476
1340663085302179
1340663173401603
1340663261350627
1340663349290657
1340663437488322
1340663531113539
1340663617413718
1340663709381739
1340663802446688
1340663893261770
1340663981305336
1340664075227084
1340664161263293
1340664249307608
1340664338088553
1340664430027075
