1340646257845307
1340646350946390
1340646437933538
1340646530967380
1340646618669860
1340646710315566
1340646803240132
1340646894265608
1340646986949327
1340647077965850
1340647173235471
1340647261270230
1340647357210829
1340647446818953
1340647539755113
1340647635476411
1340647730143282
1340647823787605
1340647918541920
1340648009620757
1340648101339257
1340648189247915
1340648277800078
1340648366982659
1340648458738611
1340648551824398
1340648646409442
1340648739406057
1340648838570873
1340648936283790
1340649029533379
1340649117719779
1340649205247046
1340649294649999
1340649385422269
1340649474986313
1340649565336878
1340649659798034
1340649749953485
1340649846495126
1340649938446710
1340650034656921
1340650125184419
1340650213269883
1340650301923318
1340650389185790
1340650483700684
1340650578446901
1340650671498720
1340650761477200
1340650850866014
1340650938745752
1340651030730822
1340651121149528
1340651209320533
1340651297860213
1340651389457879
1340651482971901
1340651573277644
1340651667128942
1340651753675369
1340651843029200
1340651936142886
1340652026334245
1340652115499770
1340652209236663
1340652297329909
1340652389341887
1340652478497674
1340652569196870
1340652657225738
1340652749210294
1340652838696776
1340652932843938
1340653026588459
1340653117254373
1340653205240490
1340653293267845
1340653381174367
1340653470701090
1340653566118974
1340653657243925
1340653746328054
1340653839307504
1340653936108751
1340654025342161
1340654114018866
1340654201255305
1340654290850510
1340654385246698
1340654474685130
1340654565231943
1340654654661186
1340654747456220
1340654846006659
1340654933324244
1340655027156205
1340655119719425
1340655209303795
1340655297256945
