1340829115105822
1340829206306269
1340829298243606
1340829390532969
1340829482219454
1340829574468318
1340829666226478
1340829758403233
1340829850233306
1340829942350512
1340830034307979
1340830126343466
1340830218338852
1340830310350454
1340830402322993
1340830494398776
1340830586221938
1340830678319986
1340830770181744
1340830862322288
1340830954235754
1340831046343032
1340831138317990
1340831230442127
1340831322361432
1340831414299282
1340831506453472
1340831598264405
1340831690093271
1340831782385744
1340831874230715
1340831966362156
1340832058267263
1340832150333011
1340832242259571
1340832334287752
1340832426289957
1340832518235794
1340832610198797
1340832702258910
1340832794242937
1340832886207417
1340832978220419
1340833070231141
1340833162304155
1340833254290198
1340833346220012
1340833438175489
1340833530147722
1340833622253286
1340833714200729
1340833806286455
1340833898375415
1340833990382091
1340834083884120
1340834178526133
1340834270464929
1340834363768525
1340834458488629
1340834553762430
1340834655450905
1340834751926621
1340834850754072
1340834949638611
1340835044754121
1340835146351234
1340835242964595
1340835342033783
1340835440429097
1340835542404558
1340835638126148
1340835734715472
1340835829497851
1340835927105807
1340836027087834
1340836122417789
1340836214372638
1340836307539479
1340836403813325
1340836499893305
1340836599792228
1340836695485134
1340836792014159
1340836888976230
1340836986469106
1340837090537750
1340837182393784
1340837274354107
1340837366467988
1340837462033508
1340837562681539
1340837656900321
1340837750421842
1340837847493408
1340837943519094
1340838042408938
1340838134393735
1340838226405823
1340838319793579
1340838420012432
