1340529891127589
1340529891575495
1340529892045691
1340529892489528
1340529892917492
1340529893387101
1340529893853771
1340529894300872
1340529894768461
1340529895222861
1340529895723923
1340529896186233
1340529896665250
1340529897134537
1340529897544264
1340529898149040
1340529898567651
1340529898988562
1340529899518851
1340529900017382
1340529900589854
1340529901039560
1340529901494440
1340529901990920
1340529902485217
1340529903085261
1340529903680117
1340529904238334
1340529908255912
1340529908977595
1340529909471054
1340529909979225
1340529910472761
1340529910958696
1340529911456942
1340529911956803
1340529912440281
1340529913073786
1340529913659106
1340529914283417
1340529914810253
1340529915339785
1340529915811923
1340529916290725
1340529916791755
1340529917316508
1340529919580709
1340529920104388
1340529920642918
1340529921102020
1340529921645078
1340529922239319
1340529922836435
1340529923333657
1340529923820036
1340529924388379
1340529924898063
1340529925403473
1340529925992928
1340529926539653
1340529927094499
1340529927620444
1340529928170321
1340529928743438
1340529929272254
1340529929786842
1340529930314906
1340529930807617
1340529931239204
1340529931710455
1340529932250323
1340529932751862
1340529933333289
1340529933849105
1340529934333129
1340529934865825
1340529936279941
1340529936841763
1340529937289036
1340529937894502
1340529938382653
1340529938831410
1340529939319365
1340529939907888
1340529940540975
1340529941019691
1340529941499988
1340529942006492
1340529942478872
1340529942918913
1340529943413746
1340529943889823
1340529944384750
1340529946260428
1340529946796272
1340529947320700
1340529947789602
1340529948323668
1340529948802512
1340529949334638
