1340838572248029
1340838664738108
1340838766963285
1340838858318183
1340838957216591
1340839054177617
1340839148376612
1340839240315804
1340839338498548
1340839431117388
1340839525489647
1340839624924734
1340839724023911
1340839832041816
1340839926519973
1340840024424833
1340840119412499
1340840208379610
1340840305163859
1340840396149515
1340840493054492
1340840595474351
1340840696578412
1340840792204497
1340840898492166
1340840994824662
1340841093517013
1340841184362255
1340841285855315
1340841377522358
1340841474537621
1340841565818073
1340841666333686
1340841760375769
1340841861373036
1340841959552665
1340842056180534
1340842148221444
1340842240602744
1340842342133814
1340842432883901
1340842536080762
1340842628975460
1340842727776174
1340842823176294
1340842922386521
1340843017725723
1340843117438125
1340843208155372
1340843300400110
1340843394847169
1340843490698500
1340843583045133
1340843676200633
1340843780340003
1340843877668338
1340843979550531
1340844079803400
1340844176066233
1340844273413108
1340844373754495
1340844484416492
1340844580288103
1340844679342341
1340844776815859
1340844876383202
1340844975266338
1340845075309826
1340845168118427
1340845261517639
1340845356191896
1340845454467173
1340845548738884
1340845650072436
1340845743679089
1340845840497659
1340845938932078
1340846032687006
1340846129382963
1340846221314638
1340846325849251
1340846419236698
1340846519104469
1340846610813105
1340846706350637
1340846798312717
1340846897446925
1340846992998904
1340847094057323
1340847183903935
1340847281933998
1340847379783357
1340847472991385
1340847567126961
1340847660629185
1340847764434096
1340847860718875
1340847958895161
1340848052054195
1340848148329578
