1340610156887614
1340610248918471
1340610337459870
1340610425123995
1340610513079947
1340610601111147
1340610689909016
1340610781610036
1340610869353811
1340610960916172
1340611048967208
1340611140805273
1340611228914576
1340611317171252
1340611405228227
1340611493138827
1340611582420072
1340611673156626
1340611761084645
1340611853446497
1340611945131780
1340612032985528
1340612121024734
1340612208916529
1340612296911772
1340612392301941
1340612485128738
1340612578047151
1340612665222344
1340612753138549
1340612841083199
1340612929108219
1340613017135428
1340613105158577
1340613193080676
1340613282231038
1340613373170869
1340613461094923
1340613553144542
1340613646248498
1340613741145679
1340613829135907
1340613918485237
1340614005532125
1340614098804361
1340614184837485
1340614273088934
1340614360878669
1340614449097656
1340614536874103
1340614624863720
1340614712969013
1340614801076843
1340614889886986
1340614982782317
1340615069311809
1340615157070779
1340615249034953
1340615338615810
1340615425601356
1340615513875320
1340615601065396
1340615689166254
1340615776946283
1340615869204899
1340615957402395
1340616049056932
1340616137071404
1340616225148375
1340616321053597
1340616409183573
1340616497884271
1340616585968345
1340616673487988
1340616767022403
1340616859641489
1340616953443562
1340617042720402
1340617133103416
1340617221199744
1340617309036578
1340617397355722
1340617489113845
1340617582378677
1340617677262201
1340617771027296
1340617863415488
1340617959060089
1340618049227921
1340618141044241
1340618229038637
1340618318591222
1340618409353137
1340618498443406
1340618585567100
1340618678774773
1340618771355630
1340618867346065
1340618963740027
1340619058240042
