1340232704275811
1340232793370542
1340232880952101
1340232969383687
1340233057516670
1340233144754886
1340233232759438
1340233320692040
1340233408911692
1340233497841267
1340233586271617
1340233674027093
1340233762228598
1340233848663519
1340233936602989
1340234026843193
1340234114039353
1340234200871994
1340234292742560
1340234380922281
1340234468940900
1340234556737304
1340234645611309
1340234733122390
1340234822058480
1340234908882338
1340234997232365
1340235086022786
1340235175430569
1340235264589640
1340235356711103
1340235444938591
1340235533516614
1340235621385933
1340235709067304
1340235797060736
1340235885150229
1340235972866492
1340236061571990
1340236148674511
1340236236692721
1340236324825016
1340236412752370
1340236501088998
1340236588941220
1340236677634959
1340236764878449
1340236852673992
1340236945254407
1340237036925425
1340237128692814
1340237216674364
1340237305055570
1340237392846712
1340237481656992
1340237568843771
1340237656838196
1340237745261877
1340237833380733
1340237921352164
1340238008891778
1340238097179472
1340238184766186
1340238272809260
1340238361250210
1340238449315080
1340238537883395
1340238626312586
1340238714059915
1340238801330588
1340238889069966
1340238976860219
1340239064957257
1340239152669378
1340239240594590
1340239328846723
1340239417259210
1340239504927425
1340239593212195
1340239680818858
1340239769119068
1340239858306894
1340239946233660
1340240032717399
1340240124607127
1340240212649493
1340240300676342
1340240388774623
1340240476991224
1340240565545190
1340240654047923
1340240740887592
1340240828985353
1340240917678705
1340241006400967
1340241097083028
1340241184559858
1340241272752094
1340241365045913
1340241453250501
