1340628241169520
1340628329734113
1340628417679167
1340628511089507
1340628598508063
1340628691762101
1340628782263226
1340628874434424
1340628961167642
1340629049260880
1340629137166650
1340629225434161
1340629317268921
1340629409316450
1340629507794095
1340629598519360
1340629689221046
1340629778793094
1340629869736807
1340629962349746
1340630049308857
1340630137149219
1340630225098912
1340630313357822
1340630401212060
1340630489128783
1340630577322721
1340630665200626
1340630753087505
1340630841196261
1340630934873883
1340631025151273
1340631113337100
1340631201137224
1340631290171345
1340631381256674
1340631469612296
1340631557766228
1340631645249582
1340631733269279
1340631822585541
1340631913167354
1340632002445818
1340632089424183
1340632181178468
1340632269149632
1340632357616098
1340632445679234
1340632539518207
1340632635187352
1340632721422129
1340632813557222
1340632905963437
1340632993274653
1340633081195549
1340633173196620
1340633261349380
1340633349218097
1340633437158806
1340633525395244
1340633617352984
1340633705154482
1340633797196744
1340633886591555
1340633978387419
1340634065151040
1340634153069895
1340634241164754
1340634333510995
1340634421159926
1340634509522107
1340634597313066
1340634686921221
1340634778864099
1340634865199874
1340634953091476
1340635045245350
1340635133299783
1340635221140209
1340635310889549
1340635401226717
1340635489163039
1340635577187907
1340635669290366
1340635757100591
1340635845373809
1340635933278003
1340636021513119
1340636115663747
1340636205038261
1340636298900434
1340636389073402
1340636477192273
1340636565077585
1340636657245345
1340636745001919
1340636833357082
1340636925724359
1340637017191928
1340637110958862
