1340447173890251
1340447261931143
1340447349806143
1340447438018824
1340447526162455
1340447614166519
1340447702048070
1340447789950839
1340447878082877
1340447966081207
1340448053922632
1340448141893082
1340448229845484
1340448321995488
1340448409922905
1340448497747997
1340448585761034
1340448673869534
1340448762662954
1340448849953814
1340448938152741
1340449026296948
1340449114045014
1340449202984357
1340449289916330
1340449378052530
1340449470148924
1340449558323016
1340449645951808
1340449734090555
1340449822044222
1340449910172679
1340449998083136
1340450085986256
1340450173792092
1340450261858250
1340450351904152
1340450441837536
1340450530083423
1340450619917692
1340450714112604
1340450805985724
1340450894177115
1340450981919906
1340451069866350
1340451157967719
1340451256486145
1340451346064559
1340451434057797
1340451522097363
1340451609919308
1340451697943914
1340451785867599
1340451873888310
1340451961846255
1340452049961638
1340452137920766
1340452225837284
1340452313891018
1340452402036127
1340452489880640
1340452577949481
1340452665969106
1340452753868809
1340452841926887
1340452929880540
1340453018908372
1340453106011497
1340453197932231
1340453285832637
1340453373977012
1340453461971094
1340453549915926
1340453637867959
1340453725920679
1340453813869942
1340453901897359
1340453990006384
1340454077830156
1340454166047812
1340454253969301
1340454341882633
1340454430022672
1340454517778486
1340454605845573
1340454693780103
1340454781820850
1340454869864664
1340454957961990
1340455045972018
1340455133914238
1340455226084411
1340455313786129
1340455401947845
1340455490061507
1340455577845407
1340455665902318
1340455753926310
1340455841827567
1340455929940555
