1340482893725717
1340482995458285
1340483095351799
1340483186173623
1340483275622120
1340483367395859
1340483459527934
1340483551730226
1340483645978297
1340483742711102
1340483835067246
1340483930181994
1340484022190862
1340484118657829
1340484206275085
1340484294183908
1340484382810742
1340484474798430
1340484570156007
1340484661349256
1340484760492891
1340484860140546
1340484959344688
1340485054553824
1340485146227848
1340485234155971
1340485323394131
1340485414858449
1340485507897271
1340485607385666
1340485703344144
1340485806025496
1340485905973676
1340486002474725
1340486096716432
1340486190120660
1340486278999726
1340486370425180
1340486460306054
1340486558030758
1340486652480532
1340486756770450
1340486859391511
1340486957243213
1340487053728197
1340487146127484
1340487248918031
1340487344212333
1340487440884508
1340487530948648
1340487622197012
1340487714595440
1340487813069981
1340487913694514
1340488008394400
1340488106167077
1340488194238574
1340488282203524
1340488370440923
1340488465455143
1340488561320028
1340488656833118
1340488755312769
1340488855363154
1340488951414278
1340489042609043
1340489130201537
1340489218229375
1340489306539582
1340489394161231
1340489483572439
1340489581183679
1340489670871677
1340489762080279
1340489854224917
1340489942598283
1340490030093979
1340490118105990
1340490210144763
1340490298183978
1340490390337893
1340490482197309
1340490574160085
1340490662162341
1340490750149879
1340490838216484
1340490926321628
1340491018568249
1340491106160868
1340491194310832
1340491282136121
1340491370253452
1340491458694294
1340491551132873
1340491638973698
1340491734148142
1340491830475702
1340491924963928
1340492021403353
1340492117970260
