1340214685629805
1340214686624178
1340214687520049
1340214688359523
1340214689109316
1340214689764056
1340214690412233
1340214690990289
1340214691671024
1340214692237626
1340214692855223
1340214693458527
1340214693987396
1340214694531476
1340214695064771
1340214695669751
1340214696025965
1340214696435591
1340214696800539
1340214697116572
1340214697442020
1340214697765677
1340214698076184
1340214698392663
1340214698690342
1340214698986867
1340214699335463
1340214699672546
1340214699981435
1340214700318485
1340214700695762
1340214700992655
1340214701307813
1340214701614893
1340214701934022
1340214702240551
1340214702538805
1340214702856336
1340214703172143
1340214703463840
1340214703783246
1340214704135658
1340214704468268
1340214704783151
1340214705081774
1340214705380522
1340214705677154
1340214705999057
1340214706346543
1340214706707973
1340214707052331
1340214707416337
1340214707778928
1340214708143733
1340214708560786
1340214708980291
1340214709373386
1340214709764300
1340214710154018
1340214710543376
1340214710937979
1340214711313428
1340214711647233
1340214711939609
1340214712235946
1340214712541328
1340214712827608
1340214713102690
1340214713365653
1340214713627257
1340214713913816
1340214714194738
1340214714485408
1340214714774586
1340214715060520
1340214715322334
1340214715581172
1340214715847325
1340214716118699
1340214716383122
1340214716645431
1340214716905866
1340214717171759
1340214717432426
1340214717738648
1340214718028963
1340214718315330
1340214718592555
1340214718866972
1340214719144124
1340214719442332
1340214719728622
1340214719993931
1340214720294805
1340214720598097
1340214720891770
1340214721170137
1340214721462728
1340214721736158
1340214722014467
