1340534536815619
1340534581497837
1340534626095793
1340534673888972
1340534718347164
1340534766026771
1340534812827820
1340534856903376
1340534900883620
1340534944862785
1340534988874313
1340535032999879
1340535077061434
1340535120874692
1340535164865803
1340535208827461
1340535252831726
1340535296853719
1340535345212528
1340535388869076
1340535432963511
1340535477081345
1340535521261958
1340535564838407
1340535609469603
1340535653171718
1340535696661284
1340535741463371
1340535786408985
1340535834561206
1340535881710920
1340535926065869
1340535973671906
1340536017980403
1340536064997505
1340536109169142
1340536152846800
1340536196875047
1340536240804733
1340536284821524
1340536328801223
1340536372763050
1340536417415829
1340536462150247
1340536508831949
1340536553289719
1340536597874318
1340536641180524
1340536686243084
1340536732837133
1340536777242300
1340536821579126
1340536866277833
1340536912909694
1340536957376932
1340537005989702
1340537049220671
1340537092649867
1340537136817511
1340537180836740
1340537224847897
1340537269658728
1340537314689994
1340537362424904
1340537409096080
1340537453512977
1340537497721056
1340537542248220
1340537589245649
1340537633011568
1340537677478038
1340537722021075
1340537769405082
1340537813116483
1340537857116777
1340537900806104
1340537945044502
1340537989313691
1340538032834805
1340538076692828
1340538120813906
1340538164833454
1340538208833860
1340538252846868
1340538296998086
1340538341665059
1340538385070718
1340538429316804
1340538473596525
1340538517915794
1340538566156458
1340538613641340
1340538658196392
1340538706364390
1340538754675904
1340538802656355
1340538850212710
1340538898397109
1340538946090022
1340538994604735
