1340838618381588
1340838712367320
1340838811356771
1340838905315943
1340839002968869
1340839102681416
1340839194369286
1340839289534617
1340839383308363
1340839478269469
1340839571799831
1340839672829218
1340839776252788
1340839879321026
1340839973003369
1340840070306352
1340840162391931
1340840254779521
1340840351299855
1340840442571469
1340840540763988
1340840644180488
1340840745476186
1340840844184703
1340840944079595
1340841040998158
1340841138407233
1340841235374788
1340841330705101
1340841422507579
1340841518880904
1340841614162007
1340841710203065
1340841811066130
1340841907752073
1340842007613412
1340842102638655
1340842194202842
1340842288367747
1340842386311120
1340842481363314
1340842582681272
1340842677690126
1340842774403285
1340842870133933
1340842966618857
1340843065354686
1340843162355079
1340843254322192
1340843346759801
1340843441619502
1340843534653616
1340843631056527
1340843724098446
1340843827668397
1340843924188971
1340844028591157
1340844128792184
1340844222368004
1340844321130011
1340844427652370
1340844531685608
1340844627675530
1340844730309214
1340844824356905
1340844925982021
1340845019947285
1340845122321937
1340845214288560
1340845306728028
1340845402247845
1340845498714097
1340845595656463
1340845694444174
1340845794516902
1340845887989453
1340845985641016
1340846080543157
1340846174300218
1340846269215685
1340846371233856
1340846465282286
1340846563212978
1340846658261066
1340846750290469
1340846844894763
1340846942736282
1340847042498015
1340847139409024
1340847230499891
1340847328103431
1340847427486275
1340847518903161
1340847614287446
1340847707849867
1340847812674100
1340847909216208
1340848002811610
1340848101018379
1340848194375660
