1340259256769598
1340259344754785
1340259433294872
1340259521133715
1340259610146812
1340259698955165
1340259786651751
1340259874032744
1340259961575562
1340260050419764
1340260136822562
1340260224921973
1340260312906938
1340260400719355
1340260493174247
1340260581327216
1340260670965746
1340260758959511
1340260846957886
1340260933113449
1340261021397661
1340261108900204
1340261196896689
1340261284903392
1340261372959251
1340261461850201
1340261549092533
1340261637316804
1340261725130233
1340261813001332
1340261901897736
1340261990982019
1340262078698724
1340262168803739
1340262261180414
1340262349620207
1340262436877381
1340262526225522
1340262612970973
1340262701172754
1340262789820760
1340262877636316
1340262964881975
1340263054028551
1340263140797465
1340263228795319
1340263316921378
1340263404980263
1340263493049741
1340263581204277
1340263669023854
1340263757078770
1340263849627390
1340263936944442
1340264024929089
1340264117958749
1340264204899366
1340264293250321
1340264381364292
1340264469213081
1340264557461208
1340264645091820
1340264732966546
1340264824803960
1340264913408432
1340265001539934
1340265089462174
1340265176877074
1340265264893621
1340265353092875
1340265440811897
1340265529837691
1340265618666080
1340265706647905
1340265794968878
1340265881216172
1340265969431692
1340266056916312
1340266144670798
1340266232905027
1340266321008811
1340266409000099
1340266497276072
1340266585629713
1340266675032073
1340266762968967
1340266851033147
1340266938967980
1340267025023659
1340267113095428
1340267200883381
1340267288941607
1340267376828253
1340267465869175
1340267553354148
1340267641082043
1340267729226152
1340267817655370
1340267906375701
1340267994651609
