1340601074496863
1340601165588890
1340601254557240
1340601345224772
1340601434103569
1340601524183587
1340601617737139
1340601707237870
1340601797700179
1340601888926465
1340601980940648
1340602073629876
1340602161615477
1340602258594809
1340602348737191
1340602438878199
1340602528408970
1340602620690610
1340602709640727
1340602799347700
1340602889777927
1340602981260617
1340603072533766
1340603165677912
1340603253839658
1340603342026074
1340603431697926
1340603527520130
1340603614509343
1340603703543578
1340603798451628
1340603889628852
1340603980806970
1340604073124653
1340604165569791
1340604253710740
1340604343308057
1340604430812907
1340604521207622
1340604611549588
1340604704938776
1340604797337739
1340604893868046
1340604983959319
1340605077179920
1340605165590864
1340605253645736
1340605342540462
1340605430899497
1340605524132761
1340605617395090
1340605707211088
1340605797110908
1340605893763629
1340605982743483
1340606069712282
1340606157427871
1340606245584754
1340606338680478
1340606433434183
1340606521796705
1340606609689073
1340606699521547
1340606793234045
1340606884113576
1340606975753458
1340607065775776
1340607153675415
1340607243072177
1340607330198759
1340607418293449
1340607509223803
1340607599157233
1340607687011750
1340607776107462
1340607868735542
1340607959751083
1340608051063361
1340608137585549
1340608225592146
1340608314032397
1340608402148037
1340608492038144
1340608581940263
1340608673015633
1340608773087717
1340608861695636
1340608954872622
1340609049860745
1340609137494931
1340609225775903
1340609313552550
1340609401626182
1340609490843032
1340609578804655
1340609666300502
1340609757083850
1340609846171693
1340609937587403
1340610025434114
