1340810875684859
1340810963756327
1340811055696986
1340811147953013
1340811239819707
1340811331914650
1340811423912531
1340811516964180
1340811607795780
1340811699745927
1340811787816892
1340811879899730
1340811971855994
1340812063891725
1340812159764762
1340812247875383
1340812339940679
1340812431836776
1340812523919311
1340812615720697
1340812703629295
1340812791835691
1340812887798247
1340812979838719
1340813071619366
1340813167655049
1340813255734436
1340813348274064
1340813439569632
1340813527943487
1340813619734356
1340813711853566
1340813803716912
1340813891780497
1340813983654004
1340814071962880
1340814163537513
1340814251785982
1340814340033747
1340814431885717
1340814523738262
1340814615763976
1340814707633040
1340814795931658
1340814887863476
1340814979691419
1340815071792631
1340815163736668
1340815251728872
1340815343752128
1340815435970706
1340815528100015
1340815619752720
1340815707903169
1340815799590420
1340815887762127
1340815979650845
1340816067779796
1340816170918911
1340816259913789
1340816351779649
1340816443789694
1340816535650024
1340816623824434
1340816715625334
1340816803683466
1340816891742435
1340816983809817
1340817075667003
1340817163795561
1340817258528699
1340817347854782
1340817439734690
1340817531850315
1340817623820326
1340817715779614
1340817807738160
1340817899804632
1340817991696751
1340818083669967
1340818171700065
1340818263851295
1340818355637639
1340818443781769
1340818535668807
1340818623761029
1340818715714294
1340818807668930
1340818895823206
1340818987711366
1340819075747789
1340819167743711
1340819255769375
1340819343808885
1340819435735507
1340819527647054
1340819615616892
1340819703691968
1340819791579362
1340819879831929
