1340214934709917
1340214935715096
1340214936621657
1340214937614909
1340214938735649
1340214939850719
1340214940886251
1340214941991795
1340214942986221
1340214944031621
1340214945124122
1340214946501798
1340214947663878
1340214948888185
1340214950074898
1340214951232546
1340214952369450
1340214953635707
1340214954920043
1340214956134475
1340214957320142
1340214958644288
1340214959922965
1340214961373823
1340214962611542
1340214963853408
1340214965271731
1340214966738445
1340214968112097
1340214969694974
1340214971184513
1340214972454902
1340214973698372
1340214974961107
1340214976205704
1340214977461512
1340214978711285
1340214979942542
1340214981203357
1340214982446116
1340214983662395
1340214984928550
1340214986177821
1340214987442380
1340214988711191
1340214989831239
1340214991005379
1340214992236644
1340214993409184
1340214994440121
1340214995365848
1340214996333607
1340214997242700
1340214998165854
1340214999067870
1340215000603439
1340215001819943
1340215002755210
1340215003729835
1340215004688463
1340215005704038
1340215006568923
1340215007528276
1340215008411537
1340215009286499
1340215010173455
1340215011123682
1340215011977015
1340215012905513
1340215013902683
1340215014903651
1340215015930522
1340215017026870
1340215018088894
1340215018978370
1340215019942796
1340215021068754
1340215022201524
1340215023408174
1340215024745290
1340215026021079
1340215027221737
1340215028476558
1340215029802438
1340215031140592
1340215032379298
1340215033705689
1340215035024165
1340215036441464
1340215037869691
1340215039192609
1340215040655940
1340215042081248
1340215043437792
1340215044809397
1340215046201282
1340215047502613
1340215048585610
1340215049755016
1340215050828025
