1340294709485865
1340294797892283
1340294886159070
1340294973131879
1340295061434375
1340295149007150
1340295237078515
1340295325122339
1340295417965135
1340295507007115
1340295594170911
1340295681617899
1340295773436936
1340295861018858
1340295949764397
1340296037063497
1340296124964470
1340296213154774
1340296305491199
1340296397235815
1340296486809521
1340296579822247
1340296675523940
1340296769673836
1340296857788142
1340296945598029
1340297033086630
1340297121396243
1340297210092773
1340297297779261
1340297385108363
1340297473474667
1340297562833783
1340297659459416
1340297750828442
1340297843536410
1340297935860132
1340298026245991
1340298113572561
1340298201496995
1340298289214427
1340298377283645
1340298465442259
1340298553234266
1340298641492989
1340298729972447
1340298819911427
1340298915595054
1340299011263202
1340299101094394
1340299189122514
1340299277103283
1340299366222795
1340299453802575
1340299541682101
1340299629943059
1340299718361759
1340299805471937
1340299893188020
1340299982068442
1340300071442953
1340300161020645
1340300250631244
1340300338174924
1340300425135889
1340300513477756
1340300601673016
1340300690129989
1340300777046679
1340300865503920
1340300953645350
1340301041961140
1340301129068434
1340301217116616
1340301305697010
1340301393156363
1340301482244864
1340301569575065
1340301657932958
1340301745622263
1340301835131902
1340301921842312
1340302010634940
1340302097567611
1340302189084586
1340302277089180
1340302365688585
1340302453503505
1340302542836838
1340302635132007
1340302726310668
1340302813527895
1340302901597313
1340302989114994
1340303077113403
1340303165096497
1340303253094190
1340303345192796
1340303433201703
1340303521517324
