1340628241168988
1340628329733430
1340628417678451
1340628511088210
1340628598507076
1340628691760622
1340628782262377
1340628874433451
1340628961167117
1340629049260333
1340629137166088
1340629225433560
1340629317268382
1340629409315881
1340629507792732
1340629598518325
1340629689220435
1340629778791749
1340629869736140
1340629962348813
1340630049308167
1340630137148423
1340630225098275
1340630313357356
1340630401211450
1340630489128277
1340630577321221
1340630665200107
1340630753087021
1340630841195799
1340630934872791
1340631025150801
1340631113336193
1340631201136290
1340631290170468
1340631381256274
1340631469611652
1340631557765032
1340631645249002
1340631733268800
1340631822584561
1340631913166055
1340632002445360
1340632089423548
1340632181177936
1340632269148633
1340632357615012
1340632445678601
1340632539516699
1340632635186062
1340632721421479
1340632813556218
1340632905962555
1340632993274034
1340633081195012
1340633173186170
1340633261348766
1340633349217698
1340633437158184
1340633525394476
1340633617352449
1340633705153961
1340633797196241
1340633886590529
1340633978386468
1340634065150645
1340634153069302
1340634241164146
1340634333510408
1340634421159348
1340634509509668
1340634597312477
1340634686920142
1340634778863014
1340634865199394
1340634953090909
1340635045244814
1340635133299263
1340635221139649
1340635310888463
1340635401226125
1340635489162531
1340635577186165
1340635669289689
1340635757100121
1340635845372409
1340635933277452
1340636021512629
1340636115662286
1340636205037747
1340636298899448
1340636389073092
1340636477191662
1340636565076924
1340636657244815
1340636745001402
1340636833356439
1340636925723645
1340637017191323
1340637110957688
