1340718206819662
1340718300545568
1340718390842865
1340718484180144
1340718580654545
1340718676166849
1340718770848430
1340718863327383
1340718951115545
1340719044459787
1340719134952879
1340719222844265
1340719315063279
1340719403873572
1340719497878465
1340719594992880
1340719682985950
1340719771013640
1340719858889511
1340719955013410
1340720044842279
1340720134877772
1340720222864696
1340720314917020
1340720403360011
1340720496352945
1340720589842454
1340720682394009
1340720774766097
1340720867560892
1340720959592438
1340721055123623
1340721146862152
1340721234731845
1340721323385673
1340721412352016
1340721507075392
1340721601616703
1340721701001645
1340721794875985
1340721886146670
1340721978843328
1340722072592950
1340722162925978
1340722250843214
1340722338900661
1340722428034262
1340722523179618
1340722613129762
1340722706748165
1340722795312361
1340722883341659
1340722974319059
1340723063193138
1340723150878963
1340723238871842
1340723326959105
1340723417541422
1340723508849464
1340723599965012
1340723700661502
1340723795173973
1340723887932542
1340723984624544
1340724084079778
1340724174848475
1340724262977688
1340724354904024
1340724444672522
1340724535329698
1340724629870265
1340724725392694
1340724816690842
1340724908807364
1340725001203067
1340725092886248
1340725182857443
1340725273386233
1340725367313734
1340725456197196
1340725550573186
1340725640759500
1340725738098730
1340725831021032
1340725923348825
1340726013263479
1340726104704772
1340726194874671
1340726282919830
1340726374720727
1340726466870075
1340726554939851
1340726642794515
1340726730823953
1340726822910988
1340726910817548
1340727001016393
1340727090845742
1340727178898787
1340727266835317
