1340303567744412
1340303663959123
1340303759554952
1340303856449939
1340303952130147
1340304042014678
1340304129254547
1340304217239816
1340304305192062
1340304393229653
1340304481981313
1340304569742555
1340304657275852
1340304746761280
1340304834182889
1340304923519483
1340305015574558
1340305103264849
1340305189282289
1340305278154217
1340305365671998
1340305455270204
1340305541693245
1340305630798839
1340305717459639
1340305805919662
1340305894124463
1340305983545491
1340306075935695
1340306169140162
1340306258195848
1340306350050637
1340306437845659
1340306525821655
1340306613578695
1340306701599540
1340306789237883
1340306877821958
1340306966308365
1340307053252607
1340307141111170
1340307233637475
1340307321741711
1340307409294294
1340307497708445
1340307585323950
1340307673451807
1340307762735958
1340307850531492
1340307937374270
1340308026343998
1340308113225764
1340308201313692
1340308289284179
1340308377110212
1340308466353797
1340308559484279
1340308651984390
1340308741448619
1340308830828139
1340308917716351
1340309006305233
1340309093201522
1340309181152812
1340309269201403
1340309357619938
1340309445835069
1340309533929955
1340309624353672
1340309719987593
1340309816039735
1340309912482080
1340310002500502
1340310089786389
1340310181194692
1340310269604706
1340310357813765
1340310447353192
1340310533849461
1340310621623242
1340310709882512
1340310799824767
1340310896449297
1340310991487866
1340311084466608
1340311173297536
1340311261032566
1340311349815628
1340311437772010
1340311525931573
1340311614406648
1340311703184426
1340311789551547
1340311877683532
1340311966587666
1340312059325324
1340312149140986
1340312237590626
1340312326006057
1340312413939141
