1340574548731412
1340574636760607
1340574724821958
1340574812728334
1340574900742559
1340574988726401
1340575076745883
1340575164758649
1340575252888518
1340575340751746
1340575428756544
1340575516661530
1340575604884786
1340575692858822
1340575780761053
1340575868762888
1340575956706799
1340576044850456
1340576132654938
1340576220749224
1340576308716718
1340576396871091
1340576484793914
1340576572726140
1340576660754042
1340576748854756
1340576836803170
1340576924815178
1340577012824576
1340577100692925
1340577188746082
1340577276740954
1340577364725303
1340577452757823
1340577540724376
1340577628870674
1340577716746366
1340577804756278
1340577892775859
1340577980757269
1340578068763255
1340578156668468
1340578244782031
1340578332767120
1340578420809615
1340578508773370
1340578596755442
1340578684842972
1340578772851995
1340578860756243
1340578948745350
1340579036858387
1340579124717369
1340579212828447
1340579300758989
1340579388826129
1340579476633541
1340579564743730
1340579652807803
1340579740719238
1340579828768404
1340579916745569
1340580004796793
1340580092699601
1340580180709442
1340580268703247
1340580356799792
1340580444864824
1340580532830327
1340580620844865
1340580708938688
1340580796917387
1340580884720342
1340580972754306
1340581060727088
1340581148778641
1340581236788561
1340581324686987
1340581412838085
1340581500724688
1340581588741669
1340581676753676
1340581764766507
1340581852857034
1340581940882227
1340582028877261
1340582116652947
1340582204780322
1340582292791927
1340582380797335
1340582468742640
1340582556759052
1340582644740111
1340582732719490
1340582820643760
1340582908628673
1340582996678617
1340583084748298
1340583172864195
1340583260867852
