1340312589234891
1340312678448463
1340312765655078
1340312853840369
1340312941173907
1340313029821761
1340313117706859
1340313205828429
1340313297955713
1340313385799382
1340313474566322
1340313565626788
1340313653811162
1340313741978693
1340313830625716
1340313918007043
1340314007000835
1340314093557453
1340314181251979
1340314273814924
1340314362478701
1340314450470505
1340314539908115
1340314634335012
1340314723621913
1340314814417452
1340314901257439
1340314989732416
1340315077670032
1340315165033915
1340315253196470
1340315341147299
1340315429640630
1340315518095216
1340315607555990
1340315703942267
1340315800246349
1340315896335939
1340315989166684
1340316077723619
1340316169093047
1340316257081951
1340316345909989
1340316433174210
1340316521243422
1340316609694292
1340316701979482
1340316790782844
1340316884402656
1340316980264040
1340317071610090
1340317161172207
1340317249197474
1340317337187591
1340317429363094
1340317517155384
1340317606396218
1340317693704766
1340317781204578
1340317877257247
1340317966514935
1340318053243036
1340318141111824
1340318229098458
1340318317558677
1340318409446698
1340318498044613
1340318585646879
1340318673146138
1340318761849925
1340318849618128
1340318937676945
1340319029409561
1340319121233695
1340319214779121
1340319307600185
1340319397021446
1340319487533708
1340319577907825
1340319665801955
1340319754468489
1340319843003863
1340319929469105
1340320022231849
1340320113093320
1340320201813975
1340320289761193
1340320377229212
1340320470490936
1340320563519417
1340320659526040
1340320757652638
1340320845272750
1340320933485504
1340321021094569
1340321110039853
1340321197223767
1340321285200459
1340321373532692
1340321461125577
