1340801583554793
1340801674762895
1340801770332715
1340801862202429
1340801954163670
1340802050021123
1340802146174214
1340802239216336
1340802330188594
1340802423389563
1340802515359697
1340802613323187
1340802706162582
1340802798164908
1340802892151785
1340802991941571
1340803088658804
1340803183446448
1340803270254293
1340803362242102
1340803456847018
1340803554324859
1340803646065170
1340803746234864
1340803835243124
1340803927423480
1340804022352281
1340804119316276
1340804211406106
1340804307986170
1340804407121485
1340804499252398
1340804599195989
1340804693229751
1340804784657005
1340804878160793
1340804976244263
1340805072819718
1340805174230458
1340805266116676
1340805358519673
1340805451965775
1340805551282460
1340805648747363
1340805742693523
1340805836597123
1340805930633423
1340806029282557
1340806122187544
1340806210192188
1340806302166638
1340806394316897
1340806486547986
1340806574125324
1340806666152815
1340806754146829
1340806848985171
1340806950111478
1340807042226545
1340807134117882
1340807222144477
1340807310102140
1340807402241742
1340807490169766
1340807578188750
1340807666144716
1340807758244562
1340807854202331
1340807946130612
1340808038184496
1340808125962560
1340808218273218
1340808306107693
1340808398454025
1340808490049391
1340808578155999
1340808671132485
1340808762143320
1340808850111096
1340808938275770
1340809030241788
1340809118058450
1340809210257617
1340809298239129
1340809390025883
1340809478103773
1340809570094955
1340809662110461
1340809750102696
1340809838257010
1340809930191171
1340810022098870
1340810110133648
1340810198134850
1340810290159160
1340810378289819
1340810466238260
1340810554079478
1340810646319832
1340810738069844
