1340637201173422
1340637290695648
1340637381472420
1340637470680147
1340637561056456
1340637651297015
1340637738599864
1340637831252702
1340637917162848
1340638005154245
1340638094731108
1340638181204305
1340638273904034
1340638362439980
1340638451033308
1340638538665825
1340638625844754
1340638713094619
1340638801567581
1340638889202446
1340638977435629
1340639065446638
1340639153021064
1340639241468346
1340639333731971
1340639421300550
1340639509275598
1340639598030991
1340639685695929
1340639773388632
1340639865249453
1340639957421228
1340640045190186
1340640133282437
1340640221196805
1340640309455809
1340640397212345
1340640485486779
1340640573794233
1340640667610615
1340640763044138
1340640854259822
1340640945506461
1340641039053201
1340641133216564
1340641221097961
1340641309242581
1340641397125014
1340641493441264
1340641585047213
1340641673184215
1340641761255527
1340641849663338
1340641942179267
1340642030449045
1340642125422283
1340642229328350
1340642318635715
1340642409480845
1340642503245569
1340642593268985
1340642681198125
1340642771683492
1340642866385967
1340642961186762
1340643049838237
1340643141232789
1340643229188642
1340643317244455
1340643409701780
1340643503621843
1340643599220414
1340643693555783
1340643783135003
1340643874826786
1340643965197661
1340644053237300
1340644145223556
1340644233248227
1340644321664393
1340644409532901
1340644502968505
1340644589728498
1340644687131919
1340644781873638
1340644875659549
1340644975339808
1340645066390755
1340645157195187
1340645246510573
1340645339364374
1340645429807545
1340645523622611
1340645614360322
1340645705250858
1340645799315128
1340645895276085
1340645990512612
1340646081000412
1340646169170182
