1340429165784669
1340429253992748
1340429342304319
1340429430842577
1340429519257131
1340429614827787
1340429709233968
1340429804758357
1340429894883766
1340429981901936
1340430070890138
1340430157792228
1340430245889987
1340430335996939
1340430427051839
1340430515312938
1340430601916431
1340430696877835
1340430790543521
1340430884955454
1340430981503327
1340431074972611
1340431161842400
1340431250854962
1340431338664507
1340431426090154
1340431515258791
1340431606855968
1340431694873645
1340431782744879
1340431876796037
1340431974076433
1340432067955805
1340432161847759
1340432249783060
1340432338891140
1340432425750603
1340432516507586
1340432610026101
1340432698957943
1340432789876060
1340432877898819
1340432967326495
1340433053972131
1340433141879900
1340433229856734
1340433320595222
1340433409825212
1340433499010150
1340433586836677
1340433675477532
1340433768477068
1340433858077365
1340433954117101
1340434042335062
1340434129934118
1340434217840672
1340434312078883
1340434401812358
1340434497190007
1340434595679438
1340434686027547
1340434774843702
1340434863177920
1340434953772330
1340435042757522
1340435133880727
1340435221844742
1340435311005545
1340435398012239
1340435490992904
1340435586845692
1340435682795069
1340435778142029
1340435870446176
1340435959317819
1340436046857685
1340436133825388
1340436221890896
1340436309972724
1340436405814772
1340436495470138
1340436584167566
1340436675898164
1340436772936346
1340436867583148
1340436965695123
1340437058473084
1340437145892113
1340437233988744
1340437326328193
1340437418432268
1340437506888016
1340437594557533
1340437684163908
1340437773919931
1340437862263701
1340437953020969
1340438048440678
1340438141850427
