1340664521315262
1340664610604322
1340664701777761
1340664791233659
1340664885776588
1340664979559490
1340665073966255
1340665169347528
1340665257329355
1340665345394780
1340665433356286
1340665526639274
1340665613314295
1340665703257843
1340665793810896
1340665888387078
1340665986276972
1340666074631446
1340666165386035
1340666253649806
1340666345362034
1340666434460545
1340666521435041
1340666615385318
1340666710276494
1340666799904646
1340666894355712
1340666985432186
1340667078057987
1340667169359874
1340667257381714
1340667351008900
1340667438060647
1340667530570944
1340667621766353
1340667715103809
1340667806086611
1340667899617492
1340667989788179
1340668083783049
1340668173395522
1340668261360939
1340668350218022
1340668438091249
1340668529768889
1340668623544790
1340668713432144
1340668806894484
1340668893312370
1340668986887471
1340669074448022
1340669169368335
1340669257343864
1340669350046982
1340669437310926
1340669532254512
1340669621421528
1340669714689589
1340669802434930
1340669896638213
1340669985619393
1340670079197006
1340670165363601
1340670254963749
1340670346246525
1340670435617615
1340670526055102
1340670619049738
1340670706884506
1340670800685548
1340670890057415
1340670982272946
1340671069782407
1340671165419138
1340671253969674
1340671347725258
1340671438166322
1340671527497871
1340671617909471
1340671711847803
1340671802251376
1340671895197131
1340671987018129
1340672079756676
1340672169371349
1340672257356279
1340672346183398
1340672434068328
1340672523022797
1340672618773795
1340672706608459
1340672800274207
1340672890440008
1340672984804125
1340673078049986
1340673165530691
1340673254371797
1340673346950680
1340673434531844
1340673526241051
