1340547841417426
1340547929259290
1340548017837865
1340548106152279
1340548192815717
1340548280741295
1340548368694596
1340548457740023
1340548549427133
1340548641563245
1340548728843068
1340548820952161
1340548910131845
1340548997181275
1340549088911708
1340549176674580
1340549264850623
1340549353205374
1340549441109104
1340549528840909
1340549617070827
1340549705739132
1340549793383357
1340549885077094
1340549972870281
1340550060838323
1340550148795299
1340550237218710
1340550325008086
1340550413040582
1340550500814894
1340550593106710
1340550681962906
1340550774378203
1340550868682934
1340550956811564
1340551045553273
1340551132791723
1340551220745215
1340551308638436
1340551396825759
1340551485595779
1340551572977980
1340551661429345
1340551750382827
1340551840858188
1340551929051667
1340552017557534
1340552106480902
1340552192801612
1340552280812699
1340552369378861
1340552456798867
1340552545186710
1340552633983375
1340552722155937
1340552813152731
1340552901962989
1340552990505032
1340553082039636
1340553172694287
1340553260788799
1340553348779260
1340553437177566
1340553524933282
1340553612781671
1340553705045481
1340553793882624
1340553884847059
1340553973990703
1340554061964037
1340554152823528
1340554240799899
1340554329109148
1340554417076424
1340554505615310
1340554594134709
1340554681618157
1340554773957387
1340554862146401
1340554950119523
1340555037574542
1340555125902445
1340555212788538
1340555305645783
1340555392928838
1340555481754693
1340555569562947
1340555657468291
1340555746472474
1340555834160677
1340555921805289
1340556013638516
1340556106379436
1340556192685111
1340556280837683
1340556369741971
1340556457255292
1340556545276550
1340556634138586
