1340539044954404
1340539132747753
1340539220930505
1340539309306756
1340539397203285
1340539485263477
1340539574486923
1340539662564284
1340539751133668
1340539842842414
1340539930519218
1340540017680884
1340540106302486
1340540192680490
1340540281507023
1340540371066463
1340540457607180
1340540546175910
1340540633232515
1340540721333895
1340540809346278
1340540897594557
1340540985825502
1340541074575461
1340541160835942
1340541248906863
1340541337773930
1340541425385287
1340541512904936
1340541600936495
1340541689792745
1340541777321709
1340541866342597
1340541953320181
1340542042320722
1340542132973007
1340542220934192
1340542309981652
1340542397065879
1340542485282367
1340542574327154
1340542662113578
1340542751123688
1340542842768350
1340542933023535
1340543022074625
1340543110769110
1340543197221815
1340543285010057
1340543376966016
1340543466318211
1340543552837025
1340543642137990
1340543731119665
1340543823060147
1340543913123911
1340544002917032
1340544089997644
1340544176950865
1340544269107028
1340544358540531
1340544445518070
1340544534146375
1340544621876049
1340544710797968
1340544798520184
1340544884909786
1340544973028255
1340545060978122
1340545148933418
1340545236916819
1340545324916422
1340545412982726
1340545502259988
1340545588820905
1340545677977579
1340545765033078
1340545853303376
1340545941430186
1340546029864045
1340546116945138
1340546204922390
1340546297673213
1340546384845788
1340546473279807
1340546560939389
1340546650339548
1340546739152712
1340546831032024
1340546918808129
1340547005344110
1340547093461599
1340547180885764
1340547268853489
1340547357606713
1340547445313182
1340547532943040
1340547621740515
1340547709693791
1340547796948767
