1340330325962722
1340330413376270
1340330501355473
1340330589171236
1340330677392771
1340330765408442
1340330853388530
1340330941369333
1340331030326729
1340331117340217
1340331205245178
1340331293317599
1340331381507728
1340331469349923
1340331557488555
1340331645427950
1340331733298952
1340331821292295
1340331909391384
1340331997428194
1340332085364718
1340332173385643
1340332261397093
1340332349278610
1340332437319407
1340332525239335
1340332613176792
1340332701209589
1340332789410824
1340332877603739
1340332965370756
1340333053376637
1340333141374316
1340333229363424
1340333317348749
1340333405387147
1340333493418378
1340333581294885
1340333669331646
1340333757232389
1340333845454742
1340333933330398
1340334021322678
1340334109159721
1340334197419206
1340334285419833
1340334373415910
1340334461410126
1340334549404910
1340334637137724
1340334725314754
1340334813285359
1340334901233194
1340334989279302
1340335077340200
1340335165389186
1340335253360948
1340335341481754
1340335429333901
1340335517303269
1340335605322915
1340335693417038
1340335781369675
1340335869428445
1340335957255366
1340336045332134
1340336133342384
1340336221249944
1340336309307519
1340336397382038
1340336485398844
1340336573402633
1340336661346960
1340336749711050
1340336837473440
1340336925526006
1340337013384441
1340337101285169
1340337189367653
1340337277216601
1340337365354380
1340337453335068
1340337541372184
1340337629381743
1340337717305502
1340337805312830
1340337893395758
1340337981245023
1340338069312163
1340338157195135
1340338245499601
1340338333299831
1340338421401515
1340338509328858
1340338597269800
1340338685269856
1340338773434163
1340338861469204
1340338949474896
1340339037417230
