1340801631394230
1340801724306534
1340801818118207
1340801910696737
1340802002166177
1340802100539162
1340802191911496
1340802285975067
1340802376022656
1340802467729331
1340802565901949
1340802660199134
1340802754358586
1340802844891820
1340802945134994
1340803042667393
1340803135759109
1340803227707541
1340803318144170
1340803409844025
1340803510695931
1340803599776286
1340803695764760
1340803791679210
1340803880388009
1340803976876639
1340804067988071
1340804163796195
1340804261812670
1340804361128721
1340804455713822
1340804549382370
1340804643906382
1340804739501625
1340804832070612
1340804928025000
1340805026291818
1340805129289002
1340805219768693
1340805311766496
1340805404449139
1340805507127901
1340805601266025
1340805695734280
1340805789408654
1340805885592161
1340805980402705
1340806075881092
1340806167636842
1340806255828985
1340806351315574
1340806440735829
1340806531651532
1340806619841696
1340806711552581
1340806799897750
1340806904632955
1340806995755440
1340807087597480
1340807179746537
1340807267693220
1340807355835262
1340807447616779
1340807535613568
1340807623463455
1340807711834393
1340807803774508
1340807899838527
1340807991754884
1340808083641529
1340808171769055
1340808263696835
1340808351897181
1340808443765879
1340808535671205
1340808623746761
1340808715767320
1340808807531644
1340808895657997
1340808983687654
1340809075694367
1340809167761354
1340809255553522
1340809343740278
1340809435681381
1340809523775536
1340809615709475
1340809707612552
1340809795605503
1340809884743792
1340809975717936
1340810067689055
1340810155732332
1340810243770187
1340810335670994
1340810423721634
1340810511648343
1340810599983073
1340810692284441
1340810783775684
