1340223961475950
1340224053715654
1340224140638200
1340224228592350
1340224316851827
1340224404635836
1340224492822496
1340224580881442
1340224669843187
1340224756671483
1340224845182082
1340224933779471
1340225021166788
1340225112721109
1340225200735266
1340225289151063
1340225376762438
1340225465453352
1340225556749666
1340225645330001
1340225733747832
1340225820725056
1340225908905861
1340225997623075
1340226084958382
1340226172789562
1340226260701663
1340226349339675
1340226436916772
1340226525276797
1340226614032498
1340226702024301
1340226789496542
1340226876908177
1340226965391086
1340227052603132
1340227140619621
1340227228646986
1340227317105056
1340227404960405
1340227493333503
1340227582036601
1340227670018866
1340227758113223
1340227844974112
1340227933664786
1340228021279653
1340228109867675
1340228196702868
1340228285531251
1340228372667681
1340228461110492
1340228549104799
1340228637166406
1340228724666959
1340228813176343
1340228901200622
1340228988972936
1340229076972651
1340229164706053
1340229252849179
1340229341487862
1340229428858463
1340229517830745
1340229605507892
1340229694029670
1340229784945697
1340229876940967
1340229964990462
1340230053251384
1340230140618615
1340230228813107
1340230316938296
1340230404871019
1340230493186217
1340230581995131
1340230670070213
1340230756904339
1340230844561136
1340230932854878
1340231021410905
1340231109724959
1340231196597007
1340231284749487
1340231372697418
1340231461385228
1340231548799626
1340231636823846
1340231725580255
1340231814001405
1340231900839442
1340231993181519
1340232082010310
1340232168599884
1340232261085059
1340232349057743
1340232437071044
1340232525810978
1340232614029188
1340232702010706
