1340214685631294
1340214686624785
1340214687521627
1340214688359972
1340214689110360
1340214689764455
1340214690412587
1340214690990642
1340214691672055
1340214692238107
1340214692855629
1340214693458948
1340214693987785
1340214694531853
1340214695065222
1340214695670140
1340214696026916
1340214696435890
1340214696800755
1340214697116876
1340214697442276
1340214697765904
1340214698076416
1340214698392895
1340214698690585
1340214698987129
1340214699335705
1340214699672813
1340214699981686
1340214700318726
1340214700696006
1340214700992877
1340214701308553
1340214701615157
1340214701934261
1340214702240794
1340214702539059
1340214702856591
1340214703172403
1340214703464102
1340214703783500
1340214704135901
1340214704468518
1340214704783390
1340214705082029
1340214705380777
1340214705677407
1340214705999297
1340214706346810
1340214706708249
1340214707052610
1340214707416627
1340214707779204
1340214708143997
1340214708561078
1340214708980580
1340214709373654
1340214709764587
1340214710154315
1340214710543663
1340214710938266
1340214711313712
1340214711647467
1340214711939815
1340214712236923
1340214712541529
1340214712827777
1340214713102921
1340214713365815
1340214713627424
1340214713913984
1340214714194997
1340214714485580
1340214714774754
1340214715060689
1340214715322513
1340214715581349
1340214715847491
1340214716118917
1340214716383267
1340214716645590
1340214716906024
1340214717171955
1340214717432584
1340214717738876
1340214718029191
1340214718315567
1340214718592772
1340214718867185
1340214719144343
1340214719442546
1340214719728811
1340214719994149
1340214720295018
1340214720598304
1340214720891972
1340214721170344
1340214721462993
1340214721736361
1340214722014699
