1340294709501895
1340294797911775
1340294886182813
1340294973143918
1340295061452273
1340295149016438
1340295237087855
1340295325131783
1340295417984851
1340295507042604
1340295594196850
1340295681633431
1340295773451744
1340295861030007
1340295949782143
1340296037073022
1340296124974399
1340296213164804
1340296305507994
1340296397245414
1340296486841726
1340296579866253
1340296675559675
1340296769690029
1340296857807773
1340296945613436
1340297033096353
1340297121409129
1340297210114377
1340297297798255
1340297385117017
1340297473487555
1340297562863032
1340297659495084
1340297750857655
1340297843576693
1340297935900314
1340298026269119
1340298113587232
1340298201509405
1340298289223169
1340298377295139
1340298465453782
1340298553245383
1340298641521322
1340298729993856
1340298819951474
1340298915630749
1340299011286160
1340299101102922
1340299189130976
1340299277111749
1340299366244156
1340299453819487
1340299541699340
1340299629961968
1340299718384825
1340299805485405
1340299893196732
1340299982096651
1340300071482131
1340300161029993
1340300250669364
1340300338186482
1340300425145850
1340300513496988
1340300601689144
1340300690152147
1340300777061609
1340300865522173
1340300953661580
1340301041989893
1340301129079294
1340301217126032
1340301305732101
1340301393165149
1340301482267828
1340301569590400
1340301657957188
1340301745638276
1340301835179210
1340301921863216
1340302010662138
1340302097590545
1340302189094128
1340302277098606
1340302365714272
1340302453518083
1340302542866032
1340302635164141
1340302726319478
1340302813541916
1340302901611902
1340302989123543
1340303077121893
1340303165105214
1340303253102729
1340303345203549
1340303433210648
1340303521531400
