1340464878088147
1340464966045734
1340465053976196
1340465142015775
1340465230061887
1340465317985030
1340465406114838
1340465494198118
1340465581978914
1340465669970736
1340465757981855
1340465845946154
1340465934034994
1340466022221982
1340466109815403
1340466198082802
1340466286062780
1340466374101224
1340466466056560
1340466553989416
1340466641940585
1340466729964796
1340466818008353
1340466909971949
1340466998099095
1340467085956276
1340467173957907
1340467261890368
1340467349870308
1340467437966131
1340467526170660
1340467613962057
1340467701993748
1340467789964171
1340467877947148
1340467965891513
1340468053992301
1340468142023821
1340468230035208
1340468317970138
1340468406184249
1340468493949000
1340468582188343
1340468669962759
1340468759226782
1340468845991598
1340468934029394
1340469021993012
1340469109999969
1340469197949082
1340469285968637
1340469374003836
1340469462012949
1340469550075108
1340469637955011
1340469725909781
1340469814089936
1340469902015208
1340469989956053
1340470078012322
1340470166035452
1340470254010543
1340470341880616
1340470430169721
1340470517989217
1340470606003054
1340470693974942
1340470781945146
1340470869987508
1340470957861852
1340471046026347
1340471134113416
1340471222049046
1340471310002729
1340471398234714
1340471486122449
1340471573994417
1340471661885926
1340471749872508
1340471837957889
1340471925991049
1340472013975314
1340472102033008
1340472190068481
1340472277966149
1340472366274073
1340472457929722
1340472546093946
1340472634062663
1340472721963035
1340472810025648
1340472898049429
1340472986256218
1340473073966155
1340473162028280
1340473250038369
1340473337947386
1340473426009422
1340473514113191
1340473602061632
