1340464834046761
1340464921967557
1340465010025049
1340465097981249
1340465186025482
1340465274011102
1340465362104504
1340465450142058
1340465538016983
1340465626010438
1340465713868729
1340465802110577
1340465890129876
1340465978008580
1340466066013480
1340466153872174
1340466242060444
1340466330026369
1340466417933303
1340466510526620
1340466597963094
1340466685972983
1340466773958678
1340466867521166
1340466953966947
1340467042044267
1340467130034451
1340467218013672
1340467305981712
1340467394028994
1340467482061114
1340467570062463
1340467657975746
1340467745981111
1340467833947506
1340467922077037
1340468010061991
1340468097807847
1340468186047836
1340468273950011
1340468361996125
1340468450160425
1340468537958202
1340468625963550
1340468714127254
1340468802007701
1340468890189783
1340468978000191
1340469066047586
1340469153915518
1340469241965462
1340469329973462
1340469418174539
1340469506199846
1340469594037259
1340469682033798
1340469769985269
1340469857994297
1340469946106666
1340470034109213
1340470121997699
1340470209955784
1340470297909539
1340470386246435
1340470474010138
1340470562023431
1340470650062383
1340470737977060
1340470825978051
1340470913919263
1340471001996148
1340471089969546
1340471178041532
1340471266018562
1340471353993318
1340471442153975
1340471530102849
1340471617915824
1340471705951039
1340471794112674
1340471881999172
1340471970090646
1340472058023345
1340472146030958
1340472234009620
1340472321917376
1340472410146112
1340472502265589
1340472590114332
1340472677959700
1340472766003149
1340472854031419
1340472942112857
1340473030032075
1340473118009858
1340473205906761
1340473294008855
1340473382145652
1340473470028999
1340473558086935
