1340214768196070
1340214768847609
1340214769481238
1340214770099446
1340214770718404
1340214771345418
1340214771982273
1340214772629728
1340214773272818
1340214773913921
1340214774535433
1340214775162965
1340214775805888
1340214776452892
1340214777098350
1340214777758938
1340214778420439
1340214779040698
1340214779682464
1340214780307020
1340214780926189
1340214781540267
1340214782148503
1340214782741757
1340214783396310
1340214784134856
1340214784862182
1340214785581623
1340214786283695
1340214786959194
1340214787666867
1340214788375727
1340214789101335
1340214789850481
1340214790587938
1340214791356713
1340214792136253
1340214792984911
1340214793798759
1340214794602610
1340214795434807
1340214796234948
1340214797045539
1340214797860135
1340214798697660
1340214799511161
1340214800285887
1340214800930024
1340214801611921
1340214802352291
1340214803125605
1340214803865575
1340214804571234
1340214805310914
1340214806116345
1340214806981123
1340214807834880
1340214808531194
1340214809132835
1340214809754519
1340214810332034
1340214810903405
1340214811656792
1340214812563553
1340214813607820
1340214814640719
1340214815685578
1340214816725918
1340214817729137
1340214818790798
1340214819799301
1340214820847172
1340214821912458
1340214822939797
1340214823911725
1340214824855744
1340214825765300
1340214826736264
1340214827734341
1340214828677467
1340214829782469
1340214830941281
1340214832020177
1340214833175812
1340214834259768
1340214835333972
1340214836292489
1340214837388861
1340214838502888
1340214839652435
1340214840801162
1340214841944824
1340214843301939
1340214844554067
1340214845826057
1340214847028919
1340214848297758
1340214849525948
1340214850784892
1340214852013193
