1340529890869215
1340529891323488
1340529891781521
1340529892238861
1340529892678238
1340529893097740
1340529893592545
1340529894047500
1340529894503908
1340529894964469
1340529895466213
1340529895920090
1340529896409855
1340529896888869
1340529897310871
1340529897841451
1340529898331280
1340529898752428
1340529899208373
1340529899753369
1340529900298966
1340529900786330
1340529901241235
1340529901684435
1340529902231367
1340529902755957
1340529903363990
1340529903917638
1340529904467008
1340529908622149
1340529909184775
1340529909705328
1340529910175420
1340529910690466
1340529911169856
1340529911683866
1340529912167084
1340529912725617
1340529913327784
1340529913934531
1340529914519753
1340529915027892
1340529915548659
1340529916027720
1340529916505140
1340529917021598
1340529919218694
1340529919787578
1340529920331369
1340529920845254
1340529921343943
1340529921907924
1340529922517674
1340529923042592
1340529923568510
1340529924079573
1340529924650977
1340529925155083
1340529925743057
1340529926248614
1340529926844783
1340529927367087
1340529927862892
1340529928437446
1340529928982253
1340529929510417
1340529930022740
1340529930546819
1340529930990103
1340529931446581
1340529931945308
1340529932492945
1340529933036300
1340529933557951
1340529934073927
1340529934546175
1340529935119496
1340529936581568
1340529937037755
1340529937596836
1340529938087176
1340529938578168
1340529939022816
1340529939550187
1340529940235917
1340529940755754
1340529941225525
1340529941735597
1340529942215133
1340529942678402
1340529943145641
1340529943616842
1340529944116697
1340529945749608
1340529946536214
1340529947025198
1340529947534491
1340529948010611
1340529948544165
1340529949018617
