1340700334265967
1340700421786306
1340700509712304
1340700601797853
1340700689800520
1340700777814419
1340700865709645
1340700953781528
1340701041815579
1340701133611856
1340701221714584
1340701309785193
1340701397773044
1340701485937001
1340701573748721
1340701661547554
1340701749778205
1340701841644515
1340701929897551
1340702017776802
1340702105796788
1340702193587194
1340702281778664
1340702369519888
1340702457987215
1340702549712672
1340702637603512
1340702725802705
1340702813872650
1340702901605814
1340702989813752
1340703077772818
1340703165626154
1340703253729289
1340703341677381
1340703429692231
1340703517675141
1340703605675750
1340703693658679
1340703781767946
1340703869703750
1340703957770368
1340704045660644
1340704137620849
1340704225585966
1340704313725305
1340704401806417
1340704489687179
1340704577814314
1340704665734009
1340704753675485
1340704841778960
1340704929889983
1340705018024217
1340705105645729
1340705197622374
1340705285774095
1340705373606229
1340705461672274
1340705549614421
1340705637812142
1340705725612896
1340705813774942
1340705901763773
1340705989600069
1340706077691862
1340706165591348
1340706253530296
1340706341722602
1340706429780149
1340706517883802
1340706605669639
1340706693746275
1340706781737269
1340706873741306
1340706961736827
1340707049981245
1340707137616133
1340707225729468
1340707313631573
1340707405569230
1340707493553343
1340707581675277
1340707669756539
1340707757627999
1340707845895251
1340707933794919
1340708021763964
1340708109716242
1340708197514200
1340708285842242
1340708373833180
1340708461755479
1340708553819347
1340708641892288
1340708729902364
1340708817711742
1340708905684804
1340708993658493
1340709085912601
