1340810830612842
1340810918272644
1340811010264138
1340811098408376
1340811194276928
1340811286122532
1340811378332024
1340811470420730
1340811562195643
1340811654382428
1340811742162268
1340811834253831
1340811926193255
1340812018106600
1340812110206145
1340812202067070
1340812294168555
1340812386265570
1340812478253253
1340812570252106
1340812658207469
1340812746162624
1340812838375204
1340812934095328
1340813026345217
1340813114183911
1340813210145572
1340813302246503
1340813394905788
1340813482205754
1340813574129226
1340813666141982
1340813758183245
1340813846151549
1340813938255641
1340814026249065
1340814118183620
1340814206177411
1340814294155074
1340814386288370
1340814478133295
1340814570149740
1340814662192335
1340814750163484
1340814842279806
1340814934268244
1340815026336717
1340815118110206
1340815206070545
1340815298362559
1340815390278750
1340815482298126
1340815575229127
1340815662237607
1340815754248002
1340815842320686
1340815934165230
1340816022322577
1340816114184149
1340816214308526
1340816306250176
1340816398295327
1340816490161755
1340816578133172
1340816670093706
1340816758142238
1340816846170496
1340816937996778
1340817030350044
1340817118196922
1340817210252959
1340817302210785
1340817394269334
1340817486105551
1340817578148743
1340817670064606
1340817762095718
1340817854383862
1340817946142967
1340818038336482
1340818126211433
1340818217498260
1340818310177907
1340818398350193
1340818490134853
1340818578311120
1340818670120911
1340818762363845
1340818850153092
1340818943404987
1340819030300797
1340819122033093
1340819210256951
1340819298395135
1340819390249475
1340819482165731
1340819570081906
1340819658344401
1340819746170987
1340819834220623
