1340583348755091
1340583436837618
1340583524930571
1340583612941402
1340583700816514
1340583788787051
1340583876859930
1340583964913856
1340584052807237
1340584140757043
1340584228879592
1340584316970536
1340584404944714
1340584496918681
1340584584885896
1340584672882758
1340584760716723
1340584848709197
1340584936934105
1340585024780989
1340585112822492
1340585200814365
1340585288799029
1340585376918567
1340585464797452
1340585552824082
1340585640928961
1340585728699266
1340585816802375
1340585904877951
1340585992806695
1340586080745004
1340586168586515
1340586256746146
1340586344802374
1340586432810569
1340586520795645
1340586608825532
1340586696842765
1340586784787303
1340586873044073
1340586960788534
1340587048837397
1340587136755043
1340587224687734
1340587312807540
1340587400899027
1340587488795891
1340587576794450
1340587664883622
1340587752744383
1340587840813162
1340587928857947
1340588016904778
1340588104871715
1340588192757003
1340588280813797
1340588368895560
1340588456806153
1340588544763272
1340588632835559
1340588720802145
1340588808926948
1340588896837549
1340588984800116
1340589072793736
1340589160755448
1340589248820154
1340589336795008
1340589424800163
1340589512742036
1340589600820026
1340589688915122
1340589776806960
1340589864811874
1340589952885776
1340590040917365
1340590128732041
1340590216906753
1340590304806387
1340590392843094
1340590480830056
1340590568789187
1340590656808594
1340590744802215
1340590832807403
1340590920818177
1340591012857621
1340591100807046
1340591188879001
1340591276661226
1340591364994720
1340591452811982
1340591540734916
1340591628844271
1340591716813525
1340591804782409
1340591892782617
1340591980898414
1340592068796174
