1340401941112750
1340402036686622
1340402129774943
1340402220111954
1340402318623497
1340402406597614
1340402501530874
1340402597654945
1340402693090995
1340402789210395
1340402880155314
1340402975850850
1340403066730968
1340403153712910
1340403241720306
1340403331388755
1340403418910744
1340403507470211
1340403606391438
1340403695363007
1340403788289157
1340403878435317
1340403967571871
1340404063785066
1340404157744821
1340404245730616
1340404338815340
1340404427043786
1340404514975607
1340404605729196
1340404694380960
1340404782016817
1340404874921734
1340404966529877
1340405054374743
1340405141777714
1340405229740830
1340405324036411
1340405414888944
1340405501972414
1340405591516151
1340405681493109
1340405776896762
1340405870215800
1340405960652965
1340406053777060
1340406141774993
1340406229816297
1340406317747802
1340406405684434
1340406495934738
1340406594979602
1340406682553183
1340406774874211
1340406862675682
1340406949948292
1340407041179212
1340407129784499
1340407217897819
1340407306469195
1340407393677792
1340407481918823
1340407571379046
1340407659348430
1340407750884689
1340407846208599
1340407935776213
1340408031001005
1340408117736810
1340408205734141
1340408293805854
1340408382575950
1340408470740575
1340408560716361
1340408655446460
1340408742338157
1340408830696580
1340408917744046
1340409010919514
1340409105967809
1340409193810264
1340409286727123
1340409374516313
1340409462697358
1340409557647609
1340409653531390
1340409749068632
1340409842575467
1340409929681113
1340410017852044
1340410106671673
1340410193715789
1340410283901432
1340410380225255
1340410469801000
1340410561754998
1340410649927296
1340410741724102
1340410830711835
1340410921316327
