1340511002871704
1340511098279037
1340511186340641
1340511277310949
1340511374935686
1340511463254678
1340511556278677
1340511646378473
1340511744802234
1340511842553254
1340511940488553
1340512040827131
1340512134371299
1340512222405763
1340512320976469
1340512415349344
1340512510726995
1340512608817110
1340512702411549
1340512798829303
1340512896218479
1340512996515967
1340513095344731
1340513186356403
1340513276832985
1340513371350220
1340513462781362
1340513551689112
1340513651298331
1340513739773311
1340513839933755
1340513936050911
1340514031713183
1340514129124538
1340514218307818
1340514307697810
1340514402384528
1340514496587386
1340514590435819
1340514686633211
1340514775923869
1340514872700045
1340514964154359
1340515063221776
1340515154331737
1340515242360267
1340515331431465
1340515419252937
1340515515831936
1340515610525992
1340515700599788
1340515799192081
1340515894647418
1340515986357740
1340516083566912
1340516174329882
1340516262324605
1340516353523262
1340516445197813
1340516540828678
1340516642662492
1340516738365031
1340516834241183
1340516931947341
1340517039864100
1340517134359145
1340517222340828
1340517311760689
1340517406271470
1340517501074083
1340517594311904
1340517689164540
1340517787814429
1340517884357172
1340517982649825
1340518079924554
1340518170330281
1340518258112985
1340518348826444
1340518438860532
1340518535909043
1340518632643708
1340518726717426
1340518815568034
1340518908588667
1340519009391100
1340519102458187
1340519190459732
1340519278554163
1340519367707892
1340519459285982
1340519551314964
1340519642539874
1340519730264745
1340519822422226
1340519919223105
1340520010527441
1340520102436205
1340520190298811
1340520288880176
