1340365834658630
1340365921694209
1340366010958564
1340366099302878
1340366185436828
1340366273540995
1340366361572050
1340366449575141
1340366538251639
1340366626363056
1340366714263127
1340366801560354
1340366891464566
1340366981625816
1340367070456496
1340367157514943
1340367245666031
1340367335245790
1340367422055607
1340367515019139
1340367601955287
1340367692355591
1340367781851939
1340367869546432
1340367958841584
1340368050432489
1340368137570577
1340368225595960
1340368313520703
1340368402361414
1340368497363906
1340368593368809
1340368689403769
1340368782417775
1340368870104644
1340368958392272
1340369047190873
1340369133500998
1340369221560270
1340369311553102
1340369401788872
1340369490246489
1340369584875251
1340369675967969
1340369773366361
1340369864389838
1340369958001355
1340370048172431
1340370137459267
1340370225509388
1340370313522533
1340370402572642
1340370494303889
1340370582514723
1340370670168628
1340370759300483
1340370850945270
1340370944410998
1340371038391655
1340371126356516
1340371214368565
1340371302973172
1340371389554556
1340371477639641
1340371566681691
1340371657882069
1340371745704507
1340371833493434
1340371922145307
1340372011481388
1340372100367480
1340372189537959
1340372278387231
1340372366194528
1340372454302882
1340372542495079
1340372631578779
1340372722761371
1340372811486174
1340372902419585
1340372990737915
1340373078379164
1340373165570231
1340373254674082
1340373343558496
1340373434733804
1340373527084144
1340373614762728
1340373701778224
1340373790316271
1340373878432913
1340373965649913
1340374054992540
1340374141578203
1340374230201242
1340374318350590
1340374405526035
1340374496140147
1340374591283143
1340374683707522
