1340464878087501
1340464966045151
1340465053975609
1340465142015469
1340465230061550
1340465317984730
1340465406113995
1340465494197558
1340465581978498
1340465669970341
1340465757981632
1340465845945644
1340465934034445
1340466022221404
1340466109814999
1340466198082339
1340466286062334
1340466374100533
1340466466056004
1340466553988974
1340466641940357
1340466729964560
1340466818008125
1340466909971444
1340466998098584
1340467085955879
1340467173957529
1340467261890083
1340467349870077
1340467437965682
1340467526170220
1340467613961616
1340467701993362
1340467789963890
1340467877946519
1340467965891107
1340468053991848
1340468142023465
1340468230034755
1340468317969753
1340468406183741
1340468493948565
1340468582187887
1340468669962416
1340468759225626
1340468845991157
1340468934028878
1340469021992562
1340469109999506
1340469197948795
1340469285968345
1340469374003394
1340469462012490
1340469550074673
1340469637954626
1340469725909539
1340469814089426
1340469902014801
1340469989955552
1340470078011889
1340470166035133
1340470254010199
1340470341880330
1340470430169059
1340470517988788
1340470606002537
1340470693974591
1340470781944521
1340470869987180
1340470957861411
1340471046025915
1340471134112901
1340471222048542
1340471310002326
1340471398234009
1340471486121964
1340471573994033
1340471661885613
1340471749872278
1340471837957438
1340471925990819
1340472013974842
1340472102032667
1340472190067622
1340472277965693
1340472366273462
1340472457929244
1340472546093445
1340472634062224
1340472721962757
1340472810025168
1340472898048918
1340472986255604
1340473073965755
1340473162027899
1340473250038077
1340473337946993
1340473426008801
1340473514112833
1340473602061130
