1340848240488807
1340848337670807
1340848430807866
1340848532543473
1340848635168873
1340848728524103
1340848821030140
1340848916312962
1340849011629540
1340849108825825
1340849200130354
1340849294506901
1340849384624288
1340849477773182
1340849580793960
1340849678123135
1340849778781665
1340849874228690
1340849971017169
1340850072901715
1340850168503954
1340850264893784
1340850360630867
1340850452715711
1340850545460581
1340850645857246
1340850746885467
1340850845156389
1340850946155233
1340851045587031
1340851136257685
1340851228252156
1340851326034941
1340851423383574
1340851517981921
1340851615108209
1340851713101540
1340851808238235
1340851912374927
1340852011050257
1340852109413781
1340852206393066
1340852309732542
1340852400449168
1340852504735753
1340852602121922
1340852700735901
1340852796474474
1340852896830514
1340852998004779
1340853095285840
1340853184388898
1340853283246412
1340853376265318
1340853471735338
1340853572358210
1340853668352221
1340853766157692
1340853863423152
1340853964051679
1340854065434474
1340854160263891
1340854252167851
1340854344480822
1340854441282981
1340854536679855
1340854638855842
1340854732029393
1340854834515429
1340854924960410
1340855026066277
1340855121974511
1340855216526919
1340855314460181
1340855408861025
1340855513784037
1340855611727013
1340855712687544
1340855812856994
1340855914360796
1340856006810739
1340856110343188
1340856200377130
1340856302998078
1340856392303949
1340856486880378
1340856584770739
1340856680551293
1340856781254699
1340856877525576
1340856980546087
1340857078031928
1340857172248443
1340857264271620
1340857360689422
1340857456299873
1340857556964045
1340857650185206
1340857749198380
1340857847072448
