1340285790386685
1340285877964545
1340285966716047
1340286054137176
1340286144848749
1340286233069993
1340286321052443
1340286409077515
1340286497394877
1340286585938368
1340286674462771
1340286761726956
1340286853095090
1340286941501739
1340287029612772
1340287122971037
1340287208932027
1340287297063219
1340287384995813
1340287477043896
1340287565539927
1340287653094578
1340287741550232
1340287829555327
1340287921765991
1340288009036631
1340288097673984
1340288184974896
1340288272908813
1340288365378029
1340288453913559
1340288543182293
1340288633316538
1340288721436339
1340288809786039
1340288897570158
1340288986376503
1340289073544636
1340289160930048
1340289249072114
1340289337429863
1340289425533379
1340289514368482
1340289601126187
1340289689305977
1340289778511534
1340289866943661
1340289953228353
1340290043061830
1340290129055648
1340290217034033
1340290305144221
1340290393395378
1340290482902000
1340290571185352
1340290662972492
1340290753043878
1340290842219175
1340290929195405
1340291017428899
1340291105293659
1340291192953716
1340291281038121
1340291373264326
1340291461020449
1340291550292421
1340291638188405
1340291731647117
1340291827056774
1340291919502104
1340292009046203
1340292097127815
1340292185056558
1340292273971067
1340292360906150
1340292449083001
1340292537765263
1340292625532113
1340292713027411
1340292802013240
1340292891326287
1340292985558477
1340293075194127
1340293161117888
1340293249257838
1340293337137370
1340293425548237
1340293513458209
1340293601456538
1340293690165923
1340293777120537
1340293865446315
1340293957066912
1340294047049466
1340294136969182
1340294224926326
1340294313277279
1340294401469655
1340294489119777
1340294577115487
