1340241590499603
1340241677741210
1340241766455438
1340241853853541
1340241941082055
1340242029135902
1340242117040744
1340242205332512
1340242293248765
1340242380986914
1340242468967811
1340242557552717
1340242645526491
1340242736877554
1340242829476701
1340242922524062
1340243010086572
1340243096843102
1340243184847203
1340243273008819
1340243361278340
1340243450208538
1340243537478518
1340243624803841
1340243712877702
1340243800875416
1340243889573592
1340243977366275
1340244066252890
1340244152730271
1340244240823726
1340244328872966
1340244417026391
1340244504870477
1340244597397975
1340244688870253
1340244777213734
1340244865028722
1340244952983397
1340245040868724
1340245128674453
1340245216712715
1340245305335853
1340245392819017
1340245481499790
1340245569401753
1340245657135868
1340245745398232
1340245833518206
1340245921242719
1340246009380163
1340246097054893
1340246184868671
1340246272825885
1340246361817342
1340246449752089
1340246538259417
1340246626255753
1340246713892765
1340246801027223
1340246888899967
1340246977178003
1340247065891798
1340247152667151
1340247240828010
1340247329096200
1340247417147376
1340247505128832
1340247593430124
1340247682504187
1340247770432851
1340247858517811
1340247944877932
1340248033006066
1340248120835466
1340248208864995
1340248297284815
1340248384728269
1340248472989515
1340248561176385
1340248649368556
1340248737466977
1340248826274045
1340248914456822
1340249002009243
1340249089991862
1340249176950856
1340249265003227
1340249357084406
1340249445039354
1340249532832334
1340249621727796
1340249708832245
1340249797053379
1340249885173501
1340249973136973
1340250062266758
1340250148722194
1340250236789562
1340250329434523
