1340259256762076
1340259344748204
1340259433279903
1340259521123092
1340259610125625
1340259698926034
1340259786625602
1340259874007737
1340259961561841
1340260050396371
1340260136816324
1340260224915434
1340260312900790
1340260400712013
1340260493162042
1340260581315491
1340260670936540
1340260758930379
1340260846928564
1340260933105058
1340261021384337
1340261108893991
1340261196890520
1340261284897234
1340261372952853
1340261461832229
1340261549081347
1340261637303888
1340261725120775
1340261812993744
1340261901879684
1340261990952661
1340262078669127
1340262168796677
1340262261170212
1340262349605543
1340262436867126
1340262526204219
1340262612964800
1340262701162599
1340262789804153
1340262877619608
1340262964874904
1340263054009070
1340263140791304
1340263228789188
1340263316915219
1340263404972218
1340263493039263
1340263581193607
1340263669015939
1340263757070628
1340263849608988
1340263936938197
1340264024921820
1340264117937770
1340264204893218
1340264293239588
1340264381351923
1340264469202842
1340264557444423
1340264645081174
1340264732960364
1340264824797688
1340264913395968
1340265001529193
1340265089449094
1340265176869902
1340265264885210
1340265353084930
1340265440800394
1340265529817302
1340265618640145
1340265706621712
1340265794939701
1340265881205543
1340265969416908
1340266056908892
1340266144664253
1340266232898818
1340266321002648
1340266408993592
1340266497264498
1340266585611856
1340266675002856
1340266762939670
1340266851003915
1340266938938703
1340267025015496
1340267113084170
1340267200876290
1340267288935386
1340267376821690
1340267465851211
1340267553342940
1340267641075108
1340267729213917
1340267817640749
1340267906352235
1340267994625750
