1340214934252363
1340214935202228
1340214936180150
1340214937065015
1340214938165213
1340214939301681
1340214940337591
1340214941466968
1340214942508812
1340214943498995
1340214944584691
1340214945811928
1340214947077448
1340214948275475
1340214949488263
1340214950651630
1340214951853160
1340214953001810
1340214954307667
1340214955523513
1340214956737771
1340214957978633
1340214959243910
1340214960655106
1340214962025290
1340214963203758
1340214964583907
1340214966030102
1340214967424348
1340214968904119
1340214970534980
1340214971799199
1340214973073573
1340214974359502
1340214975583291
1340214976877520
1340214978111605
1340214979322976
1340214980604079
1340214981869472
1340214983090766
1340214984306140
1340214985548843
1340214986796170
1340214988095785
1340214989322790
1340214990358408
1340214991662756
1340214992823673
1340214993975869
1340214994900089
1340214995845376
1340214996797684
1340214997719217
1340214998626161
1340214999647556
1340215001318050
1340215002275137
1340215003223765
1340215004230495
1340215005198629
1340215006157678
1340215007049890
1340215007983626
1340215008825883
1340215009753263
1340215010669392
1340215011554615
1340215012443061
1340215013372627
1340215014373816
1340215015401428
1340215016467890
1340215017579035
1340215018544412
1340215019433193
1340215020524592
1340215021646290
1340215022769569
1340215024085472
1340215025387749
1340215026611694
1340215027838505
1340215029144498
1340215030485927
1340215031787537
1340215033072229
1340215034362903
1340215035706131
1340215037156402
1340215038549039
1340215039964133
1340215041378625
1340215042757325
1340215044110849
1340215045514751
1340215046982342
1340215048075777
1340215049154576
1340215050296946
