1340601121057810
1340601208973955
1340601298652039
1340601389090584
1340601477736350
1340601570228013
1340601661173126
1340601750761925
1340601842744644
1340601934261391
1340602026465673
1340602118064455
1340602212531178
1340602302164739
1340602393030317
1340602482616095
1340602574016108
1340602666863698
1340602753260040
1340602842667754
1340602934354395
1340603025955966
1340603123139239
1340603208938546
1340603297097433
1340603385967860
1340603479563749
1340603569075783
1340603657377559
1340603750903542
1340603842687355
1340603934135963
1340604026861582
1340604119480524
1340604209019580
1340604297082115
1340604384991321
1340604474639016
1340604566093480
1340604658643208
1340604750901498
1340604843537575
1340604938256643
1340605030414216
1340605122532847
1340605208921314
1340605297062541
1340605385014256
1340605478238900
1340605570060421
1340605660973445
1340605750893157
1340605843554275
1340605937796905
1340606025437647
1340606113030608
1340606200898775
1340606288810721
1340606385504783
1340606476900083
1340606564975308
1340606653453361
1340606746353119
1340606839074651
1340606929484984
1340607020862738
1340607109068314
1340607197195758
1340607285088125
1340607373155854
1340607462119521
1340607553825249
1340607642399006
1340607729924195
1340607822613819
1340607913864813
1340608006812701
1340608094638028
1340608181030798
1340608268777080
1340608358299197
1340608445851520
1340608537345839
1340608625923977
1340608721419780
1340608816833895
1340608905042904
1340609005959986
1340609093151997
1340609180778723
1340609268937367
1340609357962978
1340609445119670
1340609532974882
1340609622106813
1340609709892516
1340609802111512
1340609888801850
1340609981410886
1340610068973820
