1340700334104993
1340700421624459
1340700509564931
1340700601616070
1340700689645864
1340700777641971
1340700865540764
1340700953610246
1340701041644149
1340701133457397
1340701221544141
1340701309603830
1340701397618800
1340701485755598
1340701573567465
1340701661393360
1340701749623826
1340701841487899
1340701929732698
1340702017619439
1340702105638593
1340702193422926
1340702281633610
1340702369375265
1340702457806580
1340702549534256
1340702637455634
1340702725644648
1340702813709885
1340702901427209
1340702989641026
1340703077610833
1340703165482316
1340703253581331
1340703341519252
1340703429521623
1340703517498784
1340703605496726
1340703693481634
1340703781595317
1340703869525252
1340703957573348
1340704045507900
1340704137469097
1340704225434914
1340704313546935
1340704401635123
1340704489509577
1340704577642778
1340704665553215
1340704753496272
1340704841588064
1340704929694314
1340705017852785
1340705105501332
1340705197475939
1340705285633056
1340705373464931
1340705461519607
1340705549465823
1340705637666031
1340705725459388
1340705813620723
1340705901584104
1340705989432187
1340706077532721
1340706165424442
1340706253383729
1340706341561211
1340706429598552
1340706517701944
1340706605522989
1340706693565852
1340706781549047
1340706873550568
1340706961567532
1340707049803854
1340707137472228
1340707225585774
1340707313486644
1340707405425241
1340707493408272
1340707581515719
1340707669611739
1340707757483548
1340707845744289
1340707933649145
1340708021608751
1340708109539153
1340708197366224
1340708285681614
1340708373670128
1340708461582545
1340708553664317
1340708641712360
1340708729712208
1340708817524475
1340708905508833
1340708993481744
1340709085720425
