1340365834630590
1340365921678731
1340366010940537
1340366099267044
1340366185422452
1340366273526357
1340366361557644
1340366449561120
1340366538228064
1340366626338834
1340366714239840
1340366801546160
1340366891426477
1340366981602544
1340367070429875
1340367157500563
1340367245650113
1340367335207963
1340367422035049
1340367514987797
1340367601935971
1340367692319765
1340367781834650
1340367869532396
1340367958812149
1340368050408315
1340368137554808
1340368225580449
1340368313506485
1340368402337164
1340368497304944
1340368593309620
1340368689344848
1340368782392189
1340368870084077
1340368958368097
1340369047157627
1340369133486923
1340369221545962
1340369311537971
1340369401771748
1340369490224458
1340369584819170
1340369675923697
1340369773307118
1340369864345680
1340369957981590
1340370048158324
1340370137445214
1340370225494794
1340370313508475
1340370402547345
1340370494279741
1340370582486281
1340370670139452
1340370759265194
1340370850913831
1340370944362673
1340371038366980
1340371126330808
1340371214342075
1340371302937420
1340371389538509
1340371477622096
1340371566653755
1340371657863709
1340371745690477
1340371833479383
1340371922124005
1340372011443413
1340372100311284
1340372189523956
1340372278363157
1340372366171343
1340372454278594
1340372542469703
1340372631540544
1340372722728263
1340372811448139
1340372902394228
1340372990699482
1340373078355051
1340373165555720
1340373254645955
1340373343520321
1340373434705890
1340373527051166
1340373614727383
1340373701761905
1340373790292915
1340373878407534
1340373965626841
1340374054961238
1340374141564187
1340374230176586
1340374318326493
1340374405511512
1340374496094827
1340374591247777
1340374683666615
