1340501626523645
1340501714376002
1340501808317094
1340501907733434
1340502003511300
1340502098362786
1340502186337460
1340502275725940
1340502370428852
1340502462404712
1340502557317541
1340502646433064
1340502736272770
1340502826418141
1340502918348521
1340503016245011
1340503113680605
1340503202333644
1340503290312372
1340503383470126
1340503471234906
1340503564843561
1340503658347173
1340503750229682
1340503838328208
1340503930413293
1340504021605699
1340504118554682
1340504206330957
1340504294283142
1340504382451086
1340504477126517
1340504574714981
1340504669937674
1340504770059466
1340504871064072
1340504969273829
1340505064934986
1340505162323155
1340505254032677
1340505349489510
1340505440168945
1340505534292056
1340505622653082
1340505718576455
1340505815820504
1340505915836629
1340506012133658
1340506106647716
1340506194592768
1340506289435282
1340506382364267
1340506476851240
1340506574354428
1340506663260392
1340506759783798
1340506860573400
1340506955050862
1340507045492686
1340507138302466
1340507226341137
1340507323047785
1340507414569468
1340507505557699
1340507595508135
1340507690044527
1340507791850148
1340507892984369
1340507989510631
1340508087047858
1340508174300751
1340508265629754
1340508363094709
1340508452537367
1340508551704319
1340508648085934
1340508751799053
1340508851471024
1340508950474957
1340509047536637
1340509142263320
1340509230294453
1340509327039929
1340509419401644
1340509514594879
1340509603847550
1340509701296915
1340509801381294
1340509897204113
1340509999001187
1340510092725444
1340510182667380
1340510279134157
1340510372616501
1340510466091463
1340510561643109
1340510655677939
1340510756596954
1340510854699015
1340510950126009
