1340838517998930
1340838618501767
1340838712494268
1340838811451862
1340838905469919
1340839003066085
1340839102863957
1340839194450843
1340839289717346
1340839383405320
1340839478459189
1340839571901553
1340839672977090
1340839776369433
1340839879411559
1340839973140676
1340840070397732
1340840162482068
1340840254850215
1340840351388623
1340840442637853
1340840540896738
1340840644295748
1340840745601948
1340840844309823
1340840944199397
1340841041131355
1340841138481704
1340841235468085
1340841330785179
1340841422572586
1340841518957631
1340841614351380
1340841710268408
1340841811265568
1340841907820887
1340842007761356
1340842102706610
1340842194274951
1340842288484543
1340842386393900
1340842481509140
1340842582764463
1340842677852625
1340842774487558
1340842870306353
1340842966686845
1340843065502549
1340843162446444
1340843254413034
1340843346843475
1340843441733441
1340843534728471
1340843631265612
1340843724222472
1340843827776092
1340843924316862
1340844028693930
1340844128887273
1340844222444228
1340844321280550
1340844427761267
1340844531796354
1340844627776194
1340844730498043
1340844824482788
1340844926129924
1340845020075209
1340845122394186
1340845214378236
1340845306802841
1340845402309113
1340845498785415
1340845595759532
1340845694510662
1340845794698788
1340845888103818
1340845985802498
1340846080677530
1340846174391356
1340846269364537
1340846371315202
1340846465442548
1340846563303365
1340846658461582
1340846750355217
1340846845035822
1340846942808777
1340847042682858
1340847139498921
1340847230580920
1340847328216884
1340847427561864
1340847518979462
1340847614487576
1340847707955807
1340847812804431
1340847909321042
1340848002876223
1340848101156806
