1340511098231368
1340511186329848
1340511277286944
1340511374925883
1340511463240506
1340511556266969
1340511646366772
1340511744755545
1340511842527111
1340511940469594
1340512040808717
1340512134360911
1340512222394439
1340512320955396
1340512415334517
1340512510699112
1340512608784074
1340512702395613
1340512798817767
1340512896206162
1340512996479470
1340513095312225
1340513186346201
1340513276812276
1340513371339012
1340513462768370
1340513551673484
1340513651269967
1340513739757309
1340513839900319
1340513936032476
1340514031694631
1340514129112800
1340514218295211
1340514307681109
1340514402373442
1340514496567307
1340514590425924
1340514686605057
1340514775905751
1340514872679960
1340514964136682
1340515063191552
1340515154316922
1340515242348923
1340515331415473
1340515419239218
1340515515799370
1340515610513973
1340515700577852
1340515799155448
1340515894624253
1340515986348326
1340516083529070
1340516174319955
1340516262314485
1340516353498774
1340516445173039
1340516540807717
1340516642634485
1340516738353826
1340516834223558
1340516931914169
1340517039833735
1340517134349033
1340517222330272
1340517311745208
1340517406258916
1340517501044906
1340517594296195
1340517689135255
1340517787797474
1340517884336983
1340517982621611
1340518079888066
1340518170319907
1340518258103042
1340518348804033
1340518438843297
1340518535872804
1340518632618518
1340518726700954
1340518815550943
1340518908566989
1340519009352260
1340519102447496
1340519190448923
1340519278543361
1340519367691298
1340519459275020
1340519551284191
1340519642518016
1340519730254551
1340519822412152
1340519919193347
1340520010512245
1340520102418948
1340520190288121
1340520288860035
1340520383662902
