1340673527587587
1340673620118904
1340673714961633
1340673803607883
1340673897976552
1340673991247001
1340674086650793
1340674173606294
1340674261733237
1340674355792424
1340674442223967
1340674529704930
1340674622198219
1340674709744817
1340674801760418
1340674895821713
1340674989977076
1340675083820258
1340675169608427
1340675258379232
1340675350314170
1340675439206417
1340675533381497
1340675627845474
1340675721794322
1340675809718861
1340675901654303
1340676000423461
1340676093683655
1340676181644047
1340676269663769
1340676359487658
1340676450313565
1340676544483619
1340676634461079
1340676727809000
1340676818307000
1340676906687668
1340676998575349
1340677093420589
1340677181637407
1340677275509222
1340677365587061
1340677455165474
1340677546823467
1340677635906069
1340677726198092
1340677820119561
1340677914167345
1340678007833691
1340678094593940
1340678181666327
1340678270025498
1340678364442593
1340678454476170
1340678546818720
1340678634697229
1340678732950256
1340678822481200
1340678915906790
1340679007008370
1340679100960849
1340679189588530
1340679278486669
1340679370086356
1340679459174077
1340679546623705
1340679638614454
1340679729802004
1340679824140013
1340679913557589
1340680008135279
1340680099465246
1340680185608925
1340680273614105
1340680368240473
1340680459612508
1340680550998323
1340680637460159
1340680727364726
1340680814697611
1340680908589559
1340680998355527
1340681092436516
1340681181373439
1340681269543148
1340681357602743
1340681446314055
1340681534673777
1340681626509022
1340681716117437
1340681805515219
1340681894683934
1340681987755503
1340682074896271
1340682165734030
1340682253499321
1340682348121816
1340682438251231
1340682531379211
