1340829159914660
1340829252111934
1340829343963906
1340829436092292
1340829527826306
1340829620109742
1340829711919675
1340829804049633
1340829896108980
1340829987983835
1340830079977530
1340830172178753
1340830264030884
1340830355984572
1340830447952970
1340830539967998
1340830631905776
1340830723853789
1340830815953185
1340830907914166
1340830999958789
1340831091919330
1340831184225387
1340831276026354
1340831368115726
1340831459989844
1340831552115126
1340831643934935
1340831735823961
1340831827929082
1340831920030504
1340832011892656
1340832104242967
1340832196146397
1340832288202646
1340832380038874
1340832472128282
1340832564048671
1340832656053422
1340832747765069
1340832840239649
1340832931993273
1340833023949209
1340833116019828
1340833207816349
1340833299962518
1340833392030307
1340833483883015
1340833576093334
1340833668049351
1340833760065370
1340833851983338
1340833943893111
1340834036134551
1340834132331955
1340834223871234
1340834315950092
1340834414466475
1340834504923975
1340834610992306
1340834704286240
1340834806443420
1340834899722445
1340834997392703
1340835100303455
1340835192230087
1340835292297336
1340835389011046
1340835496054262
1340835591150374
1340835690592237
1340835781177785
1340835881915896
1340835976389363
1340836076884785
1340836168144959
1340836260864800
1340836357630917
1340836452170164
1340836554249120
1340836648075086
1340836745842535
1340836842148501
1340836941818671
1340837040346526
1340837136087959
1340837228880056
1340837322640928
1340837414320210
1340837516165601
1340837611418567
1340837704096513
1340837798627462
1340837896153841
1340837993622683
1340838088565926
1340838179977653
1340838273003758
1340838372361978
1340838469689707
