1340259214654348
1340259301088894
1340259388943006
1340259477076718
1340259565215804
1340259654680116
1340259742687785
1340259830984712
1340259917212448
1340260005877239
1340260094710076
1340260180801841
1340260268757019
1340260356709652
1340260449000326
1340260537148023
1340260626232302
1340260714981632
1340260802703053
1340260889703877
1340260977501862
1340261065252890
1340261152747346
1340261240920320
1340261329245963
1340261417127095
1340261505505186
1340261593674681
1340261681817235
1340261769057494
1340261857364621
1340261946691705
1340262034135118
1340262125531775
1340262212905599
1340262305250904
1340262392974644
1340262481312028
1340262569366030
1340262657233935
1340262745283893
1340262833169770
1340262921224154
1340263009248544
1340263098452692
1340263184872056
1340263273155590
1340263361696013
1340263448893986
1340263537126284
1340263624949700
1340263713350749
1340263800974327
1340263892804960
1340263981151874
1340264069211068
1340264160810954
1340264248856737
1340264338041677
1340264425607249
1340264513467159
1340264602010605
1340264688896327
1340264781382410
1340264869725147
1340264957260947
1340265045099101
1340265132953788
1340265220884035
1340265309418745
1340265397142270
1340265485338934
1340265574257813
1340265663017031
1340265751010615
1340265837228856
1340265925346238
1340266013282254
1340266101281331
1340266188861891
1340266276844747
1340266365406983
1340266453150074
1340266541440573
1340266630609513
1340266719005181
1340266807032196
1340266894992493
1340266982425757
1340267069290204
1340267156947515
1340267244901249
1340267333509578
1340267421132140
1340267509040673
1340267597599893
1340267685268560
1340267773691431
1340267862377802
1340267951013941
