1340574461573905
1340574548857868
1340574636874575
1340574724952813
1340574812811855
1340574900858731
1340574988839812
1340575076863185
1340575164848245
1340575253020104
1340575340868572
1340575428883614
1340575516775621
1340575604979113
1340575692986500
1340575780878167
1340575868861127
1340575956822098
1340576044980767
1340576132748156
1340576220871899
1340576308832970
1340576396990524
1340576484899247
1340576572840912
1340576660870293
1340576748984155
1340576836932444
1340576924943615
1340577012955906
1340577100818211
1340577188835680
1340577276867766
1340577364822528
1340577452887293
1340577540811971
1340577629000092
1340577716862773
1340577804883894
1340577892891791
1340577980872331
1340578068880232
1340578156757172
1340578244876063
1340578332892756
1340578420943136
1340578508902213
1340578596841639
1340578684962907
1340578772980559
1340578860873020
1340578948860544
1340579036989369
1340579124807089
1340579212925402
1340579300885501
1340579388922618
1340579476749051
1340579564858794
1340579652938770
1340579740842473
1340579828896002
1340579916860287
1340580004917774
1340580092785587
1340580180794345
1340580268791289
1340580356885561
1340580444958422
1340580532925897
1340580620932292
1340580709033329
1340580797012567
1340580884816125
1340580972872929
1340581060844568
1340581148868408
1340581236883412
1340581324784323
1340581412939583
1340581500840264
1340581588857431
1340581676876869
1340581764880343
1340581852967607
1340581940978042
1340582029002101
1340582116749187
1340582204871792
1340582292922125
1340582380892875
1340582468868388
1340582556874745
1340582644856683
1340582732834956
1340582820729153
1340582908745684
1340582996773273
1340583084875811
1340583172959945
