1340214933768892
1340214934716882
1340214935717857
1340214936624125
1340214937617176
1340214938738768
1340214939852834
1340214940888912
1340214941994243
1340214942988555
1340214944036737
1340214945126855
1340214946505140
1340214947666912
1340214948891262
1340214950078898
1340214951235097
1340214952375511
1340214953638751
1340214954924236
1340214956137598
1340214957323272
1340214958648134
1340214959926803
1340214961378913
1340214962615061
1340214963856537
1340214965276267
1340214966741333
1340214968116562
1340214969698663
1340214971186969
1340214972458478
1340214973700900
1340214974966523
1340214976208476
1340214977465961
1340214978714144
1340214979945130
1340214981205950
1340214982448665
1340214983666143
1340214984931056
1340214986180388
1340214987444904
1340214988714018
1340214989835197
1340214991008564
1340214992239459
1340214993413015
1340214994442914
1340214995371198
1340214996336184
1340214997245144
1340214998168228
1340214999072555
1340215000607368
1340215001823155
1340215002757515
1340215003731948
1340215004691308
1340215005705927
1340215006571373
1340215007533847
1340215008413773
1340215009288496
1340215010175329
1340215011125590
1340215011981888
1340215012909127
1340215013904831
1340215014906188
1340215015932839
1340215017029152
1340215018091994
1340215018980561
1340215019944981
1340215021071987
1340215022203750
1340215023410959
1340215024749116
1340215026024742
1340215027228742
1340215028480230
1340215029805787
1340215031146611
1340215032386041
1340215033709694
1340215035028870
1340215036444950
1340215037873495
1340215039198079
1340215040659911
1340215042084691
1340215043441820
1340215044813244
1340215046206612
1340215047505439
1340215048587959
1340215049757722
