1340529950467651
1340529951140788
1340529951816957
1340529952584030
1340529953263624
1340529953955286
1340529954709462
1340529955575257
1340529956792853
1340529957501640
1340529958315849
1340529958991310
1340529960913237
1340529963433917
1340529964101718
1340529964864719
1340529965646651
1340529966298776
1340529967000204
1340529968403768
1340529969129959
1340529969809588
1340529970413699
1340529971065572
1340529971684060
1340529972320734
1340529972989655
1340529973686828
1340529974360516
1340529975155172
1340529975808378
1340529976563041
1340529977318641
1340529978059017
1340529978693839
1340529979348351
1340529979994342
1340529980697196
1340529981390659
1340529982045374
1340529982747883
1340529983524342
1340529984167377
1340529984811227
1340529985483992
1340529986195204
1340529986935437
1340529987628184
1340529988253590
1340529988887861
1340529989572237
1340529990276768
1340529991040021
1340529991802172
1340529994167514
1340529994887662
1340529995611403
1340529996320935
1340529997161127
1340530000753704
1340530001554691
1340530002380625
1340530003120838
1340530003834516
1340530004561183
1340530005294319
1340530005973776
1340530007283320
1340530008656431
1340530009424998
1340530010069227
1340530011981580
1340530012919871
1340530013600478
1340530014222862
1340530015001432
1340530015764538
1340530016551886
1340530017300368
1340530018015371
1340530018727165
1340530019414656
1340530020160457
1340530020815669
1340530021472927
1340530022120120
1340530022736270
1340530023329237
1340530023990721
1340530024666997
1340530025322493
1340530026038343
1340530026706187
1340530027679535
1340530028380609
1340530029100656
1340530029728649
1340530036212528
1340530037050825
1340530037825798
