1340682709990111
1340682798260687
1340682891647538
1340682982393307
1340683073390707
1340683161414711
1340683254246944
1340683342072961
1340683430191395
1340683517655149
1340683609498521
1340683697786827
1340683787293467
1340683877372472
1340683966191207
1340684058505569
1340684145386113
1340684233436910
1340684325478772
1340684414099030
1340684508120801
1340684597351652
1340684685599308
1340684773707598
1340684868606293
1340684963594240
1340685053485880
1340685141380506
1340685229571680
1340685322361429
1340685413731240
1340685507098284
1340685593376469
1340685681418363
1340685770211536
1340685858595075
1340685949407259
1340686037865816
1340686125394246
1340686213428246
1340686301993149
1340686393532920
1340686481368586
1340686569318382
1340686657390778
1340686750232242
1340686837452442
1340686925337363
1340687013458154
1340687101328498
1340687189371901
1340687277425226
1340687365308405
1340687453507485
1340687545332546
1340687633499567
1340687725360347
1340687813508260
1340687901372276
1340687989457062
1340688077331060
1340688165475918
1340688253643079
1340688341427786
1340688429445888
1340688517435188
1340688605334663
1340688693431407
1340688781421616
1340688869426088
1340688957412136
1340689045437845
1340689133366793
1340689225305437
1340689313346103
1340689401623871
1340689489426083
1340689577475588
1340689665367477
1340689753490356
1340689841315955
1340689929331111
1340690017390074
1340690105479026
1340690193391097
1340690281352143
1340690369462944
1340690457344638
1340690545398762
1340690633404968
1340690721345914
1340690809445945
1340690897318725
1340690985320626
1340691073321541
1340691161331449
1340691249410435
1340691337466625
1340691425484146
1340691513381928
