1340456061924486
1340456149901309
1340456238031141
1340456325844172
1340456413934393
1340456501759346
1340456589962117
1340456677891353
1340456766025020
1340456854194825
1340456941911646
1340457030011143
1340457118009565
1340457206256920
1340457293901482
1340457382085040
1340457470085342
1340457557914054
1340457645953346
1340457733829113
1340457821910110
1340457909918466
1340457997893040
1340458085969673
1340458173882836
1340458261998368
1340458349901533
1340458438212701
1340458526021751
1340458613957280
1340458701794639
1340458793976588
1340458881924673
1340458970012156
1340459057932397
1340459145745552
1340459234022470
1340459321907471
1340459410185054
1340459498110318
1340459585929138
1340459673937860
1340459762026645
1340459849935090
1340459937934632
1340460025890054
1340460113927628
1340460201972553
1340460290054517
1340460378085709
1340460465996459
1340460553857625
1340460641862158
1340460729911406
1340460822012314
1340460909907640
1340460997976974
1340461085746019
1340461173954109
1340461261846572
1340461349912095
1340461438012873
1340461526014814
1340461613904244
1340461701935485
1340461793908468
1340461881917823
1340461969914438
1340462057991395
1340462145843813
1340462234110459
1340462321913237
1340462410111217
1340462497868586
1340462586034584
1340462673895498
1340462761911451
1340462850066598
1340462937853391
1340463025987002
1340463113899141
1340463201786108
1340463289907294
1340463378072097
1340463465972595
1340463554003881
1340463641934773
1340463729903877
1340463818052066
1340463905912469
1340463993883540
1340464081921447
1340464173906790
1340464261972518
1340464349992804
1340464438125917
1340464525839745
1340464613918724
1340464701911344
1340464789871776
