1340529950092206
1340529950762931
1340529951441376
1340529952125190
1340529952889257
1340529953568733
1340529954258841
1340529955023677
1340529956296696
1340529957099491
1340529957881852
1340529958616634
1340529960451541
1340529962984400
1340529963740051
1340529964473970
1340529965241491
1340529965946695
1340529966587188
1340529967320150
1340529968737112
1340529969464812
1340529970066434
1340529970705314
1340529971334090
1340529971970510
1340529972591750
1340529973272566
1340529973980888
1340529974683354
1340529975447555
1340529976098276
1340529976909726
1340529977651561
1340529978340330
1340529978977679
1340529979637151
1340529980323202
1340529981027332
1340529981686188
1340529982341899
1340529983104698
1340529983796786
1340529984449412
1340529985103174
1340529985795079
1340529986517517
1340529987280542
1340529987889909
1340529988532328
1340529989155215
1340529989890421
1340529990685893
1340529991405962
1340529992100886
1340529994494994
1340529995252192
1340529995900044
1340529996686098
1340530000343473
1340530001132989
1340530001868954
1340530002715526
1340530003472195
1340530004151084
1340530004881838
1340530005595051
1340530006507654
1340530007905756
1340530009047914
1340530009693629
1340530011491564
1340530012358367
1340530013226774
1340530013871248
1340530014566899
1340530015372897
1340530016113965
1340530016931682
1340530017616063
1340530018329053
1340530019025977
1340530019722320
1340530020449387
1340530021111289
1340530021742893
1340530022380294
1340530022991009
1340530023599892
1340530024294391
1340530024939013
1340530025656829
1340530026345785
1340530027004713
1340530027989706
1340530028680301
1340530029376863
1340530035698075
1340530036559107
1340530037357507
