1340792190076846
1340792288662783
1340792386418633
1340792480737307
1340792574716857
1340792673400034
1340792762507562
1340792857934085
1340792950363260
1340793043756675
1340793138043393
1340793226113880
1340793318541895
1340793414850241
1340793506918305
1340793600303572
1340793695852529
1340793794307952
1340793892256382
1340793990093759
1340794090207880
1340794182049024
1340794274015366
1340794366288117
1340794461749215
1340794558138755
1340794658129955
1340794751197148
1340794850447448
1340794943777723
1340795043213014
1340795134088362
1340795226359013
1340795318061509
1340795410178826
1340795500702721
1340795599329050
1340795692564432
1340795790122416
1340795882048246
1340795974430479
1340796069052195
1340796166051341
1340796256272746
1340796358681245
1340796448424548
1340796547289780
1340796640699326
1340796735054851
1340796829101382
1340796923769207
1340797028895038
1340797124513269
1340797218162010
1340797307561986
1340797406145156
1340797501425246
1340797602147179
1340797696770230
1340797794140704
1340797895833282
1340797994380930
1340798095296869
1340798186164431
1340798280823050
1340798378116957
1340798473895138
1340798567212608
1340798663104502
1340798755959787
1340798854261815
1340798948550987
1340799050090454
1340799142112964
1340799234107375
1340799326946871
1340799418392444
1340799510613994
1340799602536195
1340799699435739
1340799794884870
1340799891568433
1340799983676570
1340800086308828
1340800174193232
1340800266330020
1340800359920639
1340800451289255
1340800542278402
1340800636030625
1340800731629215
1340800832102932
1340800928892415
1340801026039654
1340801125962456
1340801214067024
1340801303761502
1340801402013682
1340801490004375
1340801582551143
