1340214854468489
1340214855571581
1340214856712081
1340214857860223
1340214858872341
1340214859994456
1340214861203582
1340214862328368
1340214863419626
1340214864458672
1340214865631963
1340214866817417
1340214867877434
1340214868995331
1340214870018545
1340214870948323
1340214871865040
1340214873052869
1340214874158999
1340214875273931
1340214876417992
1340214877338899
1340214878079763
1340214878816681
1340214879694124
1340214880511436
1340214881261583
1340214882006468
1340214882727218
1340214883423135
1340214884121006
1340214884817726
1340214885514056
1340214886201938
1340214886945554
1340214887691077
1340214888386486
1340214889042952
1340214889690978
1340214890344166
1340214890979276
1340214891585407
1340214892199990
1340214892807766
1340214893416537
1340214894035368
1340214894668139
1340214895400594
1340214896169650
1340214896887308
1340214897551697
1340214898278150
1340214899072476
1340214899853194
1340214900645192
1340214901436189
1340214902214115
1340214902961383
1340214903681478
1340214904429300
1340214905183836
1340214905940130
1340214906695728
1340214907442705
1340214908170193
1340214908926714
1340214909654175
1340214910382710
1340214911106582
1340214911830278
1340214912556900
1340214913248953
1340214913866928
1340214914493186
1340214915132868
1340214915751809
1340214916357562
1340214916985623
1340214917606685
1340214918297060
1340214918972637
1340214919650955
1340214920340051
1340214921020236
1340214921709779
1340214922379937
1340214923051535
1340214923715305
1340214924387481
1340214925054972
1340214925712753
1340214926405790
1340214927141620
1340214927880122
1340214928799267
1340214929713056
1340214930573286
1340214931296723
1340214932165815
1340214933051563
