1340438229941951
1340438323462109
1340438409772280
1340438498905053
1340438587517576
1340438674711126
1340438762760964
1340438853950491
1340438941936092
1340439034941766
1340439128545079
1340439218008090
1340439306858023
1340439397967088
1340439486758866
1340439574827595
1340439661976848
1340439750182214
1340439842161500
1340439933918241
1340440022082488
1340440111389214
1340440197899803
1340440292337011
1340440386661559
1340440479344922
1340440574398221
1340440666023258
1340440758962693
1340440846242302
1340440936103176
1340441029789923
1340441117964009
1340441205850076
1340441293946505
1340441386614420
1340441473947909
1340441561976022
1340441652575867
1340441749221223
1340441841976422
1340441930812356
1340442018594240
1340442112513602
1340442202032775
1340442289957656
1340442377766607
1340442466732249
1340442554487867
1340442647518173
1340442741887863
1340442830036502
1340442924835418
1340443019381145
1340443106962206
1340443193996463
1340443281907234
1340443369966357
1340443462837414
1340443556317820
1340443654014124
1340443741968244
1340443831201510
1340443922391722
1340444019550965
1340444106935139
1340444193908470
1340444283137429
1340444370342489
1340444457872048
1340444547012128
1340444638967805
1340444732108421
1340444823866506
1340444914002139
1340445001854957
1340445093042151
1340445181917712
1340445269870820
1340445358871607
1340445446158223
1340445533812573
1340445622502524
1340445709828756
1340445797941278
1340445885740662
1340445975015282
1340446062425093
1340446149744772
1340446237841506
1340446325885253
1340446413812997
1340446505868619
1340446594014191
1340446682068170
1340446769953987
1340446857930647
1340446945891809
1340447041852700
1340447129789463
