1340473603061747
1340473690259733
1340473782331123
1340473878905678
1340473970428536
1340474062406385
1340474154188274
1340474242804265
1340474332165817
1340474428213597
1340474520228486
1340474614335979
1340474703960568
1340474794305730
1340474887502636
1340474982951867
1340475082200745
1340475170269938
1340475258268989
1340475347748508
1340475436886976
1340475527403895
1340475617313073
1340475711638148
1340475802438353
1340475897413866
1340475993221932
1340476086751362
1340476174293617
1340476265526505
1340476362889025
1340476453093134
1340476544823408
1340476639608390
1340476734843094
1340476829456729
1340476926317756
1340477019133375
1340477110310799
1340477198344329
1340477289688099
1340477386735316
1340477474200082
1340477564402921
1340477662350867
1340477756498593
1340477849087022
1340477947605014
1340478044466858
1340478134283816
1340478222273138
1340478310198655
1340478398918538
1340478491593044
1340478585918361
1340478682329084
1340478777630832
1340478872418381
1340478972402524
1340479063868963
1340479154292072
1340479242231730
1340479331604601
1340479419083344
1340479506494144
1340479599279217
1340479693878851
1340479788614936
1340479886197896
1340479982934691
1340480077897945
1340480166289050
1340480254246089
1340480349856112
1340480448280391
1340480544803980
1340480640333961
1340480739002966
1340480833978800
1340480931658032
1340481031599709
1340481126372582
1340481214295056
1340481306335234
1340481402454594
1340481495227863
1340481587620801
1340481681815177
1340481778313656
1340481867622736
1340481962479787
1340482061847994
1340482154269227
1340482243621800
1340482337312337
1340482429067387
1340482519569056
1340482613014247
1340482703763669
1340482798974302
