1340530038856505
1340530085274638
1340530128950269
1340530173234022
1340530217406324
1340530265230189
1340530313173559
1340530357193827
1340530401116291
1340530445836189
1340530489334984
1340530533282119
1340530576960020
1340530621267905
1340530665182767
1340530709606490
1340530754331652
1340530799885607
1340530846913102
1340530892022234
1340530939520374
1340530984881148
1340531028982543
1340531073353602
1340531117016963
1340531161190970
1340531205345597
1340531249083938
1340531293346725
1340531337649814
1340531381212376
1340531425223974
1340531473071380
1340531517423525
1340531562026307
1340531605808624
1340531649221241
1340531693180064
1340531741239037
1340531785181993
1340531829307422
1340531873311098
1340531917170370
1340531961374930
1340532005537783
1340532053675523
1340532098771724
1340532141316850
1340532185203375
1340532229200576
1340532273194744
1340532317238795
1340532362001480
1340532405195859
1340532449131462
1340532493020378
1340532537379888
1340532582194284
1340532626874042
1340532671293434
1340532715573364
1340532764084619
1340532809268730
1340532853713966
1340532897229106
1340532941687224
1340532986355135
1340533029108657
1340533073931598
1340533120588341
1340533165207149
1340533209218674
1340533253249130
1340533297264179
1340533341303833
1340533385208015
1340533429254722
1340533474539350
1340533517394582
1340533561218158
1340533605057959
1340533649432299
1340533697256789
1340533741292390
1340533785033878
1340533829253463
1340533873146472
1340533917297723
1340533961209876
1340534005239976
1340534048816623
1340534093279480
1340534137216690
1340534181193989
1340534225268787
1340534269334177
1340534313402688
1340534357431831
1340534401171064
1340534445292908
