1340250461139227
1340250548837178
1340250637489238
1340250729155816
1340250818062723
1340250905146779
1340250993056324
1340251080856917
1340251172788940
1340251260739133
1340251349449040
1340251436945684
1340251525133814
1340251616881155
1340251709198847
1340251797531869
1340251885197737
1340251973403578
1340252061096147
1340252148847444
1340252236779418
1340252325651090
1340252412918008
1340252501066656
1340252590004867
1340252678719471
1340252765476239
1340252853105645
1340252941274897
1340253030574707
1340253120810533
1340253208698869
1340253297016135
1340253384946006
1340253472923580
1340253562070595
1340253650551234
1340253738518915
1340253826537173
1340253912867809
1340254001152220
1340254089146464
1340254176770267
1340254268688060
1340254357703020
1340254444953835
1340254533199112
1340254621295933
1340254708864271
1340254797604192
1340254886799518
1340254974762985
1340255062490372
1340255148874730
1340255236883277
1340255325067451
1340255416951497
1340255504910520
1340255593109765
1340255680983292
1340255768959565
1340255857358926
1340255945213166
1340256033769635
1340256121288568
1340256208781833
1340256296772728
1340256384906273
1340256473072332
1340256561054973
1340256650012555
1340256737299880
1340256826692607
1340256913099581
1340257001683420
1340257088985649
1340257176933839
1340257264744411
1340257353181497
1340257441429485
1340257529285089
1340257617145897
1340257708905120
1340257797388194
1340257884834864
1340257973111864
1340258060921205
1340258148857870
1340258236870378
1340258324823848
1340258412942319
1340258505161674
1340258594267817
1340258682818073
1340258769051163
1340258857073221
1340258945078328
1340259034542028
1340259120876497
1340259213498344
