1340763979125178
1340764067937891
1340764165997942
1340764259066856
1340764356345613
1340764450746686
1340764545936643
1340764640684860
1340764734017776
1340764827726302
1340764926241506
1340765018985345
1340765113892708
1340765201883801
1340765289907150
1340765378045623
1340765471057921
1340765568432253
1340765662996979
1340765759128946
1340765850372036
1340765946399658
1340766035262437
1340766125930423
1340766213943881
1340766303083170
1340766390878876
1340766480570689
1340766571291991
1340766667670174
1340766758158343
1340766854194152
1340766942466038
1340767041245426
1340767133981832
1340767223090609
1340767311220000
1340767406326695
1340767500146602
1340767600129638
1340767696912082
1340767798171929
1340767892542276
1340767993999895
1340768093962025
1340768181892200
1340768277425846
1340768374746094
1340768469742353
1340768558740491
1340768655287988
1340768746366840
1340768841007160
1340768935250202
1340769036826787
1340769129893697
1340769221937108
1340769320117765
1340769413894530
1340769508874487
1340769610248366
1340769704406539
1340769802425268
1340769897312758
1340769994211701
1340770088239577
1340770177960640
1340770265887412
1340770353883800
1340770444511172
1340770538244606
1340770636840408
1340770727070732
1340770823058059
1340770910891480
1340771009185031
1340771103641028
1340771193907326
1340771281961738
1340771378596784
1340771472605141
1340771573718978
1340771668461365
1340771769938914
1340771867038286
1340771962274437
1340772056681436
1340772158080484
1340772246407995
1340772343279252
1340772433949596
1340772526145863
1340772621696525
1340772711036551
1340772810913912
1340772899379634
1340772995741732
1340773092213718
1340773181991242
1340773270452392
