1340214854468163
1340214855571275
1340214856711779
1340214857859920
1340214858872044
1340214859994198
1340214861203337
1340214862328002
1340214863419267
1340214864458333
1340214865631617
1340214866817065
1340214867877107
1340214868995004
1340214870018240
1340214870948010
1340214871864745
1340214873052503
1340214874158641
1340214875273605
1340214876417677
1340214877338667
1340214878079518
1340214878816437
1340214879693850
1340214880511188
1340214881261355
1340214882006219
1340214882726994
1340214883422891
1340214884120777
1340214884817479
1340214885513809
1340214886201706
1340214886945320
1340214887690845
1340214888386272
1340214889042728
1340214889690787
1340214890343966
1340214890979073
1340214891585202
1340214892199774
1340214892807564
1340214893416324
1340214894035152
1340214894667921
1340214895400369
1340214896169388
1340214896887083
1340214897551479
1340214898277920
1340214899072216
1340214899852921
1340214900644952
1340214901435935
1340214902213864
1340214902961142
1340214903681225
1340214904429056
1340214905183579
1340214905939883
1340214906695485
1340214907442487
1340214908169952
1340214908926485
1340214909653943
1340214910382464
1340214911106348
1340214911830018
1340214912556666
1340214913248758
1340214913866733
1340214914492986
1340214915132654
1340214915751620
1340214916357359
1340214916985411
1340214917606486
1340214918296859
1340214918972444
1340214919650757
1340214920339856
1340214921020034
1340214921709575
1340214922379737
1340214923051327
1340214923715106
1340214924387275
1340214925054761
1340214925712536
1340214926405599
1340214927141430
1340214927879902
1340214928799031
1340214929712823
1340214930573050
1340214931296496
1340214932165612
1340214933051353
