1340547885065849
1340547974462447
1340548062705977
1340548149020997
1340548237041142
1340548325064059
1340548413890388
1340548505363679
1340548599238956
1340548686802444
1340548773038329
1340548866254705
1340548954910072
1340549040979485
1340549133066301
1340549221041259
1340549309092443
1340549397023094
1340549485877009
1340549573517710
1340549662714353
1340549749529650
1340549839246677
1340549929055190
1340550017305959
1340550105431213
1340550193026143
1340550282861149
1340550369721800
1340550456995534
1340550545091076
1340550638332882
1340550727251071
1340550823632030
1340550913037017
1340551001222902
1340551089379985
1340551177035290
1340551265062785
1340551353546108
1340551442305751
1340551529314564
1340551617120717
1340551706992433
1340551795554901
1340551885217226
1340551974019736
1340552063279116
1340552149052170
1340552237038632
1340552325503607
1340552413483916
1340552501258264
1340552590260878
1340552678435861
1340552769055538
1340552858208591
1340552947224845
1340553038940734
1340553129085962
1340553217054441
1340553305873249
1340553393565510
1340553482040501
1340553569774583
1340553657844472
1340553749958727
1340553839331476
1340553929533890
1340554018004703
1340554107223680
1340554197126139
1340554285049405
1340554372975097
1340554462081788
1340554551037679
1340554639128564
1340554727207415
1340554818521721
1340554906938583
1340554994931074
1340555082927683
1340555169058771
1340555261406614
1340555350949896
1340555437835970
1340555525673844
1340555613136280
1340555703068952
1340555790516961
1340555879249731
1340555967276384
1340556059309229
1340556149025912
1340556237054564
1340556325513804
1340556413186021
1340556501150185
1340556590543652
1340556678920410
