1340250374023206
1340250461218198
1340250548889122
1340250637585915
1340250729220616
1340250818189434
1340250905214159
1340250993119127
1340251080909538
1340251172847823
1340251260813831
1340251349539113
1340251437002311
1340251525198970
1340251616928004
1340251709269252
1340251797640074
1340251885264832
1340251973490654
1340252061163550
1340252148900651
1340252236858448
1340252325754212
1340252412969137
1340252501132454
1340252590125863
1340252678888308
1340252765572008
1340252853175468
1340252941341637
1340253030740014
1340253120857238
1340253208758533
1340253297072033
1340253385001543
1340253472976295
1340253562193819
1340253650709739
1340253738674747
1340253826697566
1340253912911590
1340254001222663
1340254089203151
1340254176829012
1340254268760220
1340254357805654
1340254445005174
1340254533270629
1340254621362921
1340254708914977
1340254797697531
1340254886965688
1340254974936602
1340255062643968
1340255148932271
1340255236961744
1340255325128140
1340255417003079
1340255504963537
1340255593171065
1340255681041027
1340255769014707
1340255857438783
1340255945280938
1340256033907029
1340256121365087
1340256208833427
1340256296842959
1340256384957839
1340256473141247
1340256561107672
1340256650147770
1340256737365855
1340256826871922
1340256913164349
1340257001754903
1340257089034719
1340257176987539
1340257264801824
1340257353248219
1340257441516987
1340257529361338
1340257617212851
1340257708987486
1340257797465972
1340257884884527
1340257973178030
1340258060972929
1340258148921276
1340258236932115
1340258324896575
1340258412986378
1340258505232381
1340258594402549
1340258682996060
1340258769127211
1340258857125760
1340258945146224
1340259034705152
1340259120938470
