1340482941918232
1340483044017597
1340483142106417
1340483230151442
1340483322205796
1340483412555760
1340483506018338
1340483599456211
1340483692256618
1340483788567628
1340483880147726
1340483976405787
1340484067754252
1340484162042809
1340484250157233
1340484339349075
1340484427961579
1340484520112758
1340484615484384
1340484710561656
1340484810210770
1340484909759865
1340485008968359
1340485099903729
1340485190172690
1340485278259032
1340485367570845
1340485461919730
1340485560611824
1340485652626701
1340485755168917
1340485856059822
1340485954647147
1340486050010333
1340486146257251
1340486234391519
1340486324211332
1340486414891000
1340486508666360
1340486604608650
1340486703266824
1340486807859069
1340486910835178
1340487006569816
1340487102601400
1340487196068882
1340487299139073
1340487394668913
1340487486426513
1340487576303313
1340487667463640
1340487764035803
1340487863969312
1340487962555452
1340488058075169
1340488150166820
1340488238209727
1340488327553854
1340488419522643
1340488511680402
1340488608990791
1340488705544495
1340488805587709
1340488905414536
1340488997009218
1340489087235391
1340489174387452
1340489262226042
1340489351433555
1340489438582810
1340489530271716
1340489626810824
1340489714306085
1340489810138035
1340489898263839
1340489986298262
1340490074356788
1340490162962023
1340490254141677
1340490342156961
1340490438202318
1340490530113919
1340490618232167
1340490706001954
1340490794256107
1340490882273391
1340490970721672
1340491062169323
1340491150255552
1340491238050042
1340491326219552
1340491415013680
1340491503908254
1340491594229633
1340491684565147
1340491780709897
1340491876385497
1340491973672893
1340492068392892
1340492162181908
