1340583348755386
1340583436838038
1340583524931094
1340583612942351
1340583700816924
1340583788787286
1340583876860391
1340583964914254
1340584052807737
1340584140757483
1340584228880137
1340584316971254
1340584404945343
1340584496919615
1340584584886412
1340584672883139
1340584760717022
1340584848709559
1340584936934571
1340585024782002
1340585112822999
1340585200814679
1340585288799456
1340585376919195
1340585464797915
1340585552824326
1340585640929481
1340585728699717
1340585816802624
1340585904878528
1340585992807029
1340586080745512
1340586168586855
1340586256746504
1340586344802672
1340586432810959
1340586520796187
1340586608825986
1340586696843248
1340586784787558
1340586873044615
1340586960788946
1340587048837787
1340587136755354
1340587224688032
1340587312807891
1340587400899560
1340587488796251
1340587576794865
1340587664884084
1340587752744616
1340587840813453
1340587928858474
1340588016905302
1340588104872201
1340588192757347
1340588280814218
1340588368896106
1340588456806594
1340588544763734
1340588632835909
1340588720802444
1340588808927470
1340588896838057
1340588984800509
1340589072794123
1340589160755741
1340589248820602
1340589336795315
1340589424800560
1340589512742389
1340589600820364
1340589688915611
1340589776807368
1340589864812166
1340589952886283
1340590040917924
1340590128732442
1340590216907415
1340590304806744
1340590392843619
1340590480830390
1340590568789475
1340590656808952
1340590744802506
1340590832807767
1340590920818519
1340591012858094
1340591100807394
1340591188879435
1340591276661640
1340591364995241
1340591452812564
1340591540735238
1340591628844814
1340591716813889
1340591804782693
1340591892782950
1340591980898890
1340592068796773
