1340709218705000
1340709306779941
1340709394789446
1340709482725891
1340709570681885
1340709658692495
1340709746607868
1340709834679487
1340709922731253
1340710011002245
1340710098692347
1340710186735171
1340710274617229
1340710362788227
1340710450651768
1340710538664085
1340710626619789
1340710714666487
1340710802631624
1340710890788687
1340710978627661
1340711066598836
1340711154730571
1340711242642098
1340711330648901
1340711418703297
1340711506632170
1340711594580326
1340711682713807
1340711770862624
1340711858755243
1340711946641227
1340712034731465
1340712122785410
1340712210702309
1340712298670856
1340712386827637
1340712474536401
1340712562715102
1340712650700821
1340712738761304
1340712826670293
1340712914758955
1340713002550007
1340713090743301
1340713182757141
1340713270665866
1340713358866214
1340713446657354
1340713534684355
1340713622784336
1340713710708561
1340713798853697
1340713886701380
1340713974927565
1340714064610625
1340714158894336
1340714246812049
1340714335328259
1340714422834979
1340714514565183
1340714605830809
1340714704476912
1340714798845375
1340714886940111
1340714976677234
1340715075980997
1340715170952739
1340715258798776
1340715353022717
1340715448952996
1340715539216756
1340715626682784
1340715718472290
1340715811731313
1340715904489196
1340715999576672
1340716090684870
1340716182616788
1340716270748727
1340716359158533
1340716451819204
1340716547541524
1340716638734142
1340716727882209
1340716829425858
1340716923557011
1340717015692663
1340717107140665
1340717195005778
1340717282851898
1340717372342595
1340717464650185
1340717568539322
1340717659216058
1340717749756617
1340717839418264
1340717931513539
1340718022670038
1340718119284960
