1340464834015509
1340464921947149
1340465010004381
1340465097960934
1340465186004400
1340465273990675
1340465362082490
1340465450121477
1340465537995889
1340465625990086
1340465713848427
1340465802090017
1340465890110312
1340465977987262
1340466065989740
1340466153851175
1340466242039466
1340466330005491
1340466417911702
1340466510499397
1340466597942636
1340466685952683
1340466773938302
1340466867499652
1340466953946474
1340467042023815
1340467130013308
1340467217992809
1340467305960487
1340467394007085
1340467482039861
1340467570041586
1340467657955321
1340467745960806
1340467833927106
1340467922056572
1340468010040949
1340468097787278
1340468186026550
1340468273929660
1340468361974602
1340468450139994
1340468537934843
1340468625943145
1340468714106508
1340468801987264
1340468890168152
1340468977979586
1340469066024945
1340469153894559
1340469241945072
1340469329953124
1340469418152993
1340469506178754
1340469594016948
1340469682013440
1340469769964357
1340469857973862
1340469946086256
1340470034087945
1340470121976637
1340470209934644
1340470297887874
1340470386224494
1340470473989781
1340470562000154
1340470650041837
1340470737956677
1340470825957745
1340470913897458
1340471001964560
1340471089948493
1340471178020558
1340471265998198
1340471353972886
1340471442133347
1340471530082443
1340471617895409
1340471705930669
1340471794092228
1340471881978404
1340471970070105
1340472057998449
1340472146009437
1340472233988630
1340472321896916
1340472410124566
1340472502244659
1340472590093819
1340472677939254
1340472765982804
1340472854011025
1340472942091822
1340473030011531
1340473117988783
1340473205885697
1340473293988504
1340473382123189
1340473470008615
1340473558066265
