1340447217982545
1340447306343204
1340447393836798
1340447481986797
1340447569956371
1340447658078075
1340447745980148
1340447834147914
1340447922081979
1340448009997377
1340448097861637
1340448185929934
1340448273965960
1340448366123540
1340448453962876
1340448542055108
1340448629905634
1340448718047862
1340448806033227
1340448893890006
1340448982209857
1340449069968102
1340449157732358
1340449246629093
1340449333799389
1340449422078505
1340449514346956
1340449601831740
1340449690166870
1340449778023708
1340449866139424
1340449953996833
1340450041783001
1340450129758602
1340450217798581
1340450305861445
1340450397930915
1340450485933851
1340450573844796
1340450669854923
1340450761826329
1340450850175370
1340450937986367
1340451026052660
1340451114074846
1340451201698877
1340451301892768
1340451390089112
1340451478100914
1340451565870330
1340451654100485
1340451742036744
1340451829898485
1340451917834038
1340452005944905
1340452093853312
1340452181967305
1340452269885397
1340452358052537
1340452445927945
1340452533928825
1340452621872217
1340452709856468
1340452797793807
1340452885771557
1340452973995730
1340453061836918
1340453153919875
1340453241842888
1340453329891113
1340453417939301
1340453506119260
1340453593891317
1340453681782485
1340453769970029
1340453857878343
1340453945876405
1340454034021822
1340454121915114
1340454209898621
1340454297898745
1340454386131487
1340454473931685
1340454561861613
1340454649870742
1340454737919009
1340454825900862
1340454913700949
1340455001646140
1340455089840820
1340455181878195
1340455269861756
1340455358009044
1340455445980657
1340455533969519
1340455621802283
1340455709784465
1340455797844906
1340455885760901
1340455973837727
