1340392814848572
1340392907274007
1340393000204078
1340393097386481
1340393185695890
1340393276613186
1340393365779213
1340393454704667
1340393543766073
1340393633660308
1340393723679591
1340393813690159
1340393901941318
1340393990651781
1340394077804605
1340394165663066
1340394253939538
1340394341852892
1340394429924877
1340394517760802
1340394609600367
1340394697687461
1340394786148539
1340394878048532
1340394967492728
1340395059178850
1340395145758485
1340395233699188
1340395321808441
1340395409708374
1340395497631999
1340395596913394
1340395690619987
1340395785398597
1340395881359773
1340395976962136
1340396073043000
1340396165541797
1340396253679022
1340396342625835
1340396430881123
1340396523901795
1340396619492041
1340396710439937
1340396804246323
1340396900178908
1340396997953648
1340397092898089
1340397181639114
1340397269680705
1340397364607064
1340397454877515
1340397548945782
1340397644980171
1340397738628255
1340397833385146
1340397932821770
1340398026176773
1340398116545861
1340398205690413
1340398293615086
1340398381647437
1340398470897903
1340398565112303
1340398660464057
1340398754679274
1340398849428990
1340398944968166
1340399039922242
1340399137698455
1340399225627678
1340399318540559
1340399410903872
1340399499749852
1340399597999293
1340399693278614
1340399783447812
1340399877471080
1340399971445872
1340400061462782
1340400153730082
1340400241663157
1340400331187932
1340400417761295
1340400508587837
1340400603514300
1340400699667388
1340400789723748
1340400879708004
1340400976892932
1340401073808091
1340401161540898
1340401250662607
1340401345258320
1340401433994082
1340401522241670
1340401612908578
1340401708456478
1340401801468935
1340401892513304
