1340285877940117
1340285966697047
1340286054123010
1340286144842756
1340286233063744
1340286321046432
1340286409070810
1340286497385709
1340286585926113
1340286674446548
1340286761716522
1340286853088752
1340286941492360
1340287029603353
1340287122953613
1340287208927059
1340287297057407
1340287384987018
1340287477038096
1340287565529191
1340287653088329
1340287741540403
1340287829546028
1340287921751181
1340288009030830
1340288097663516
1340288184968273
1340288272903743
1340288365368706
1340288453903181
1340288543162132
1340288633308492
1340288721427311
1340288809774952
1340288897557554
1340288986351109
1340289073534445
1340289160923847
1340289249065587
1340289337418933
1340289425523135
1340289514354708
1340289601120293
1340289689298109
1340289778496717
1340289866926425
1340289953220147
1340290043041388
1340290129050281
1340290217026925
1340290305136296
1340290393384774
1340290482884456
1340290571166741
1340290662955549
1340290753037008
1340290842206955
1340290929186942
1340291017419598
1340291105285657
1340291192947010
1340291281031596
1340291373257347
1340291461013527
1340291550275505
1340291638175578
1340291731625142
1340291827043643
1340291919473118
1340292009039312
1340292097121668
1340292185049436
1340292273958215
1340292360899419
1340292449076337
1340292537755216
1340292625522339
1340292713021148
1340292802001966
1340292891307070
1340292985550053
1340293075173155
1340293161110802
1340293249250183
1340293337128431
1340293425525150
1340293513448780
1340293601447241
1340293690153535
1340293777114274
1340293865436520
1340293957059101
1340294047030876
1340294136963136
1340294224920826
1340294313269729
1340294401461107
1340294489113217
1340294577109134
1340294665121597
