1340214722914580
1340214723343537
1340214723760527
1340214724197130
1340214724621785
1340214725039614
1340214725443836
1340214725851055
1340214726256784
1340214726664673
1340214727075571
1340214727507009
1340214727914200
1340214728348799
1340214728754329
1340214729161555
1340214729566564
1340214729974171
1340214730383366
1340214730789543
1340214731216973
1340214731620961
1340214732034720
1340214732475352
1340214732883228
1340214733290759
1340214733696247
1340214734100690
1340214734510287
1340214734919753
1340214735346096
1340214735752513
1340214736170881
1340214736585172
1340214736990281
1340214737391834
1340214737817131
1340214738270542
1340214738728603
1340214739199464
1340214739666606
1340214740140801
1340214740634626
1340214741097050
1340214741554974
1340214742020130
1340214742481957
1340214742937919
1340214743411828
1340214743872278
1340214744383269
1340214744958829
1340214745490683
1340214746011243
1340214746507942
1340214746986606
1340214747465646
1340214747943898
1340214748435562
1340214748913499
1340214749393673
1340214749873571
1340214750363748
1340214750844215
1340214751318392
1340214751797602
1340214752287040
1340214752767974
1340214753247868
1340214753723433
1340214754201023
1340214754676884
1340214755153619
1340214755627553
1340214756105756
1340214756581318
1340214757037205
1340214757478419
1340214757919024
1340214758367865
1340214758809832
1340214759250212
1340214759691872
1340214760137694
1340214760582218
1340214761026773
1340214761472812
1340214761912262
1340214762351859
1340214762792819
1340214763241657
1340214763681369
1340214764130318
1340214764574225
1340214765008763
1340214765438980
1340214765869381
1340214766300923
1340214766727199
1340214767153654
