1340455974807597
1340456062073217
1340456150033719
1340456238173918
1340456325984455
1340456414091088
1340456501897721
1340456590107202
1340456678023824
1340456766169100
1340456854339156
1340456942063856
1340457030155080
1340457118137819
1340457206408936
1340457294043517
1340457382221556
1340457470264011
1340457558049749
1340457646096383
1340457733962173
1340457822052093
1340457910059512
1340457998031471
1340458086114596
1340458174008126
1340458262140568
1340458350041792
1340458438379157
1340458526157329
1340458614102825
1340458701934938
1340458794121766
1340458882064119
1340458970156795
1340459058075006
1340459145874444
1340459234171499
1340459322041829
1340459410318302
1340459498262260
1340459586070653
1340459674077920
1340459762165741
1340459850078480
1340459938066486
1340460026031943
1340460114052718
1340460202100386
1340460290201490
1340460378218576
1340460466141555
1340460553996220
1340460642000014
1340460730049552
1340460822158991
1340460910048693
1340460998121684
1340461085889288
1340461174081711
1340461261987912
1340461350053569
1340461438166488
1340461526159808
1340461614044221
1340461702078281
1340461794035803
1340461882062050
1340461970046190
1340462058132897
1340462145966961
1340462234246979
1340462322055257
1340462410267067
1340462498003658
1340462586172240
1340462674035479
1340462762050718
1340462850216211
1340462937983545
1340463026126264
1340463114023712
1340463201907472
1340463290033472
1340463378227709
1340463466115995
1340463554147984
1340463642075064
1340463730042683
1340463818605191
1340463906056472
1340463994022330
1340464082062663
1340464174032262
1340464262106919
1340464350138659
1340464438298396
1340464525972955
1340464614061310
1340464702051595
