1340492250358252
1340492341329325
1340492432502610
1340492530224835
1340492626200232
1340492714190982
1340492806260582
1340492894437037
1340492985065155
1340493081788497
1340493174258528
1340493263488192
1340493351605412
1340493439604577
1340493530563885
1340493626221655
1340493723536635
1340493821795963
1340493919399303
1340494018235010
1340494115475322
1340494206238574
1340494298751393
1340494386606248
1340494480804013
1340494576791356
1340494670826211
1340494758207515
1340494848318095
1340494947542797
1340495047100192
1340495142204504
1340495230224421
1340495320572228
1340495410562243
1340495499362920
1340495588769046
1340495688370580
1340495790865486
1340495885027343
1340495985305287
1340496081767603
1340496174245389
1340496262253525
1340496350140880
1340496438162935
1340496529682062
1340496630881577
1340496725016611
1340496822206095
1340496919521909
1340497021711722
1340497121967880
1340497210264743
1340497298234992
1340497386279405
1340497479743073
1340497571884616
1340497672564111
1340497762536330
1340497856837178
1340497949290694
1340498044122321
1340498138197425
1340498226241496
1340498315537585
1340498410412183
1340498505403975
1340498605210636
1340498703537505
1340498804491592
1340498901116717
1340498996628978
1340499095541874
1340499186278937
1340499276814708
1340499372653743
1340499463427384
1340499555757709
1340499654748365
1340499750196812
1340499845741264
1340499941856876
1340500037380699
1340500131192936
1340500218212432
1340500309106922
1340500402502709
1340500492893130
1340500588747970
1340500685340315
1340500782759021
1340500877543484
1340500974430476
1340501069838527
1340501166208456
1340501254216973
1340501345114853
1340501435274996
1340501528420514
