1340321549920690
1340321644311971
1340321740265363
1340321831471685
1340321921896527
1340322010022117
1340322098186421
1340322185219789
1340322274324264
1340322361368671
1340322449138772
1340322537899293
1340322625459372
1340322717387385
1340322807517580
1340322904665371
1340322995503130
1340323087497868
1340323177193527
1340323265205565
1340323353296916
1340323442793046
1340323529241963
1340323621819327
1340323710623502
1340323798126706
1340323885795902
1340323973171478
1340324063504690
1340324153053206
1340324241324277
1340324329173295
1340324417273476
1340324505059918
1340324597851814
1340324689303401
1340324777226041
1340324865823583
1340324953740550
1340325042102645
1340325129278108
1340325217339351
1340325306174749
1340325393349635
1340325483120182
1340325569816307
1340325657273070
1340325745097894
1340325833874566
1340325921916904
1340326009222144
1340326097225431
1340326185021285
1340326273224207
1340326361789930
1340326449143386
1340326537096535
1340326625162057
1340326713069907
1340326801136118
1340326889206283
1340326977242217
1340327065241810
1340327153270994
1340327241180219
1340327329265214
1340327417160676
1340327505229964
1340327593189050
1340327681162347
1340327769132097
1340327857287637
1340327945262395
1340328033263471
1340328125185378
1340328213328822
1340328301256007
1340328389255033
1340328477251250
1340328565034261
1340328653225314
1340328741180248
1340328829189084
1340328917159732
1340329005081213
1340329093160097
1340329181291312
1340329269326206
1340329357193518
1340329445175246
1340329533217208
1340329621144964
1340329709164905
1340329797293135
1340329885239373
1340329973170053
1340330061142965
1340330149212087
1340330237160684
1340330325147155
