1340455974667399
1340456061947707
1340456149912350
1340456238040566
1340456325852759
1340456413945931
1340456501772460
1340456589972451
1340456677899392
1340456766034535
1340456854204294
1340456941921214
1340457030021380
1340457118019018
1340457206280659
1340457293910866
1340457382094972
1340457470113215
1340457557923850
1340457645963040
1340457733841057
1340457821919248
1340457909928685
1340457997900589
1340458085979663
1340458173892327
1340458262006981
1340458349910034
1340458438232168
1340458526031083
1340458613966445
1340458701802657
1340458793986792
1340458881932559
1340458970021379
1340459057941634
1340459145756732
1340459234032435
1340459321916291
1340459410196934
1340459498119985
1340459585938555
1340459673945717
1340459762045160
1340459849945606
1340459937943253
1340460025899073
1340460113936542
1340460201981915
1340460290064840
1340460378096093
1340460466006207
1340460553864599
1340460641868968
1340460729918066
1340460822023627
1340460909916836
1340460997986511
1340461085755213
1340461173964812
1340461261855569
1340461349920909
1340461438022259
1340461526024347
1340461613912702
1340461701945778
1340461793918188
1340461881929190
1340461969921832
1340462057999797
1340462145851681
1340462234119892
1340462321922211
1340462410122779
1340462497878263
1340462586044152
1340462673903796
1340462761919232
1340462850082422
1340462937861088
1340463025996843
1340463113907992
1340463201793895
1340463289916422
1340463378081010
1340463465981770
1340463554013099
1340463641942928
1340463729911901
1340463818062743
1340463905923598
1340463993891097
1340464081930511
1340464173916418
1340464261981591
1340464350002294
1340464438141166
1340464525848625
1340464613927263
1340464701919194
