1340682666391456
1340682754626842
1340682845504327
1340682938607881
1340683030253047
1340683119164067
1340683206697666
1340683298744423
1340683386564227
1340683474826693
1340683565081770
1340683654785366
1340683742600529
1340683830614309
1340683922517083
1340684015218362
1340684102859549
1340684190586044
1340684278432205
1340684371420010
1340684461834856
1340684555466278
1340684642545889
1340684730622935
1340684820975971
1340684915854618
1340685010679725
1340685098519277
1340685186476011
1340685275941666
1340685369807448
1340685460066273
1340685550456295
1340685638602611
1340685726536728
1340685815145960
1340685904939630
1340685994613190
1340686082394915
1340686170383221
1340686259693884
1340686350581387
1340686438562615
1340686526498034
1340686614420924
1340686704058518
1340686794544372
1340686882593756
1340686970408576
1340687058613625
1340687146286631
1340687234435920
1340687322516730
1340687410677163
1340687500021691
1340687590461730
1340687680253787
1340687770602263
1340687858527828
1340687946450176
1340688034567501
1340688122523347
1340688210693089
1340688298501937
1340688386598424
1340688474400363
1340688562524540
1340688650439574
1340688738447028
1340688826393055
1340688914592178
1340689003588444
1340689090446497
1340689178513311
1340689270504571
1340689358613730
1340689446482073
1340689534420178
1340689622536762
1340689710439792
1340689798529577
1340689886367303
1340689974551595
1340690062421710
1340690150502632
1340690238386601
1340690326520855
1340690414508162
1340690502532425
1340690590432601
1340690678630528
1340690766405538
1340690854549370
1340690942503919
1340691030584102
1340691118431056
1340691206473758
1340691294560119
1340691383514213
1340691470500350
