1340655298224415
1340655386073804
1340655478561898
1340655569380385
1340655663519732
1340655749729898
1340655844155283
1340655941887946
1340656035525285
1340656121399486
1340656209494854
1340656301496171
1340656393978369
1340656489306740
1340656582446119
1340656679093485
1340656774650426
1340656861323606
1340656949596749
1340657038991174
1340657129323184
1340657217310121
1340657305531258
1340657393611521
1340657482227428
1340657574022367
1340657668676054
1340657757860852
1340657851589615
1340657938698342
1340658031216228
1340658119726373
1340658205491226
1340658294182248
1340658389337320
1340658478218221
1340658570235253
1340658668079800
1340658765506378
1340658858036972
1340658946204278
1340659040064926
1340659133625443
1340659221509309
1340659309586477
1340659401947261
1340659496291961
1340659593652670
1340659687494863
1340659775079432
1340659867153970
1340659960242102
1340660056150438
1340660153482552
1340660241520695
1340660329626172
1340660417887177
1340660509491357
1340660597610530
1340660685569377
1340660779296170
1340660876934555
1340660969341390
1340661057524070
1340661145519244
1340661233621449
1340661321662594
1340661409699358
1340661504519707
1340661599823624
1340661700212273
1340661789391784
1340661878414382
1340661972392824
1340662067071707
1340662157304236
1340662245429526
1340662338233000
1340662426444568
1340662519311112
1340662613620176
1340662708723036
1340662808151046
1340662907498373
1340662994543939
1340663085465085
1340663173584712
1340663261554055
1340663349485882
1340663437669999
1340663531540719
1340663617637435
1340663709562085
1340663802724906
1340663893414187
1340663981510308
1340664075626978
1340664161418205
1340664249511383
1340664338385322
