1340709174381411
1340709261835671
1340709349798029
1340709437827728
1340709525772212
1340709613633083
1340709701776286
1340709789809824
1340709877792684
1340709965774238
1340710053830856
1340710141727817
1340710229914762
1340710317867764
1340710405823300
1340710493752151
1340710581782145
1340710669753747
1340710757869851
1340710845858812
1340710933842173
1340711021841790
1340711109679140
1340711197666264
1340711285887407
1340711373919151
1340711461712375
1340711549835324
1340711637889367
1340711725785816
1340711813866816
1340711901679946
1340711989714570
1340712077761204
1340712165701904
1340712253794848
1340712341706434
1340712429740308
1340712517801922
1340712605822181
1340712693688666
1340712781653082
1340712869766737
1340712957773852
1340713045826717
1340713138450803
1340713225716557
1340713313684248
1340713401853437
1340713489748960
1340713577786255
1340713665867784
1340713753876279
1340713841832498
1340713929822938
1340714017878396
1340714112543879
1340714201792713
1340714289856152
1340714378044335
1340714466845135
1340714558233917
1340714650402932
1340714750865426
1340714841771410
1340714929837658
1340715024470620
1340715126495093
1340715213888264
1340715303615329
1340715398509372
1340715494899284
1340715582482961
1340715670944707
1340715765177430
1340715857915474
1340715952642049
1340716043339672
1340716133826655
1340716225834541
1340716314871850
1340716402241660
1340716502209962
1340716592311948
1340716682360818
1340716776498032
1340716875922322
1340716968518763
1340717060810160
1340717149986336
1340717237935762
1340717326630177
1340717418838666
1340717512512057
1340717615848576
1340717702243979
1340717794110876
1340717882736750
1340717977848137
1340718067130391
