1340574505169390
1340574593225560
1340574681241355
1340574769208564
1340574857286609
1340574945180808
1340575033326784
1340575121299034
1340575209118554
1340575297316640
1340575385353556
1340575473237009
1340575561198918
1340575649280902
1340575737336477
1340575825211109
1340575913191723
1340576001085822
1340576089238682
1340576177238045
1340576265204301
1340576353185454
1340576441248808
1340576529194734
1340576617206637
1340576705203157
1340576793208119
1340576881223234
1340576969261486
1340577057272127
1340577145167128
1340577233211868
1340577321136504
1340577409360269
1340577497205543
1340577585238352
1340577673194717
1340577761307724
1340577849206358
1340577937207553
1340578025279869
1340578113118833
1340578201245424
1340578289240422
1340578377326142
1340578465222048
1340578553217733
1340578641266236
1340578729232809
1340578817294039
1340578905212514
1340578993196118
1340579081200069
1340579169207027
1340579257213668
1340579345212198
1340579433228204
1340579521139767
1340579609339528
1340579697191243
1340579785331290
1340579873252731
1340579961208188
1340580049210556
1340580137285299
1340580225158242
1340580313130756
1340580401368271
1340580489370579
1340580577405707
1340580665359322
1340580753319377
1340580841434541
1340580929195341
1340581017294570
1340581105231107
1340581193275202
1340581281255365
1340581369351166
1340581457248811
1340581545121648
1340581633355867
1340581721249912
1340581809333909
1340581897343317
1340581985212728
1340582073315000
1340582161252234
1340582249420239
1340582337288572
1340582425188711
1340582513078648
1340582601178654
1340582689198474
1340582777196872
1340582865350145
1340582953213906
1340583041431066
1340583129245597
1340583217347019
