1340801583805093
1340801675033979
1340801770540804
1340801862503242
1340801954446765
1340802050634940
1340802146446246
1340802239511488
1340802330441329
1340802423726609
1340802515697170
1340802613849539
1340802706474227
1340802798434767
1340802892563482
1340802992346080
1340803089120344
1340803183681055
1340803270469541
1340803362475933
1340803457340744
1340803554577675
1340803646363454
1340803746460931
1340803835478790
1340803927757909
1340804022632377
1340804119654037
1340804211743055
1340804308382959
1340804407436338
1340804499593831
1340804599937244
1340804693760172
1340804785118528
1340804878394798
1340804976682165
1340805073131245
1340805174443678
1340805266406484
1340805358735126
1340805452376573
1340805551672515
1340805649028211
1340805742950095
1340805836895629
1340805930963435
1340806029810183
1340806122388053
1340806210430899
1340806302380395
1340806394524945
1340806486795399
1340806574400319
1340806666394594
1340806754377644
1340806849517696
1340806950343702
1340807042488799
1340807134329808
1340807222357474
1340807310333096
1340807402483595
1340807490407318
1340807578452425
1340807666369269
1340807758465473
1340807854416311
1340807946354527
1340808038455860
1340808126174021
1340808218486757
1340808306346440
1340808398694202
1340808490310352
1340808578377414
1340808671357515
1340808762423741
1340808850343442
1340808938550858
1340809030521960
1340809118298724
1340809210476030
1340809298468125
1340809390239337
1340809478328375
1340809570354913
1340809662329883
1340809750315928
1340809838526096
1340809930463589
1340810022350812
1340810110390451
1340810198390705
1340810290416446
1340810378504799
1340810466517195
1340810554356771
1340810646570014
1340810738291414
