1340792143822362
1340792241941299
1340792341598169
1340792433729869
1340792531512373
1340792626532140
1340792719603042
1340792811222924
1340792903683383
1340792998574870
1340793092170264
1340793183643640
1340793271662106
1340793368598338
1340793459829750
1340793552339025
1340793650257803
1340793748693597
1340793845077627
1340793947100843
1340794039989902
1340794135763668
1340794227880535
1340794322031714
1340794414315868
1340794513560127
1340794607373891
1340794703851267
1340794800456129
1340794895997951
1340794998133300
1340795089188266
1340795179856886
1340795271738449
1340795363880495
1340795455604779
1340795553824463
1340795645951965
1340795745753371
1340795835613604
1340795929901167
1340796022553156
1340796123040288
1340796211609259
1340796312177310
1340796403719652
1340796501408100
1340796591999771
1340796689111576
1340796783076629
1340796875767516
1340796977847852
1340797078020356
1340797171740119
1340797263666813
1340797359455697
1340797455180813
1340797556107387
1340797650601630
1340797750017478
1340797844421231
1340797947620909
1340798047527523
1340798139716716
1340798232394277
1340798327764999
1340798426836267
1340798519655724
1340798616350051
1340798707749367
1340798808669728
1340798900079855
1340799003695335
1340799097974360
1340799187738471
1340799280332453
1340799374131115
1340799464218469
1340799557212121
1340799651843298
1340799748545104
1340799845693085
1340799937220472
1340800039380363
1340800131352067
1340800220871103
1340800311736479
1340800407738626
1340800495983139
1340800590839067
1340800683948372
1340800786263994
1340800882217213
1340800982211589
1340801076226574
1340801171601028
1340801259626701
1340801357034277
1340801447595680
1340801536590871
