1340438229942663
1340438323463031
1340438409772751
1340438498905790
1340438587518311
1340438674711644
1340438762761732
1340438853950996
1340438941936833
1340439034942451
1340439128545598
1340439218008709
1340439306858757
1340439397967574
1340439486759494
1340439574828272
1340439661977420
1340439750182794
1340439842162327
1340439933919494
1340440022082997
1340440111389912
1340440197900343
1340440292337984
1340440386662156
1340440479345684
1340440574399431
1340440666023693
1340440758963347
1340440846242870
1340440936104178
1340441029790288
1340441117964451
1340441205850540
1340441293947085
1340441386615050
1340441473948422
1340441561976656
1340441652577110
1340441749222223
1340441841976946
1340441930813065
1340442018594832
1340442112514894
1340442202033276
1340442289958169
1340442377767119
1340442466732736
1340442554488441
1340442647518951
1340442741889587
1340442830037037
1340442924836316
1340443019381915
1340443106962980
1340443193996989
1340443281907932
1340443369966877
1340443462838012
1340443556318874
1340443654014806
1340443741968742
1340443831202224
1340443922392917
1340444019551730
1340444106936025
1340444193908976
1340444283138225
1340444370343055
1340444457872501
1340444547012755
1340444638968414
1340444732109298
1340444823867378
1340444914002671
1340445001855836
1340445093043213
1340445181918215
1340445269871747
1340445358872284
1340445446158780
1340445533813049
1340445622503121
1340445709829188
1340445797950499
1340445885741058
1340445975015949
1340446062425672
1340446149745250
1340446237841947
1340446325885588
1340446413813719
1340446505869130
1340446594014637
1340446682069121
1340446769954616
1340446857931149
1340446945892323
1340447041853196
1340447129789993
