1340646169851449
1340646257901731
1340646351036673
1340646437985312
1340646531050381
1340646618741400
1340646710378199
1340646803330769
1340646894326776
1340646987031105
1340647078014830
1340647173291479
1340647261307979
1340647357242206
1340647446907627
1340647539863120
1340647635575441
1340647730197458
1340647823893716
1340647918609497
1340648009660060
1340648101379577
1340648189300281
1340648277848154
1340648367068314
1340648458819331
1340648551930710
1340648646477440
1340648739501894
1340648838644251
1340648936403927
1340649029580289
1340649117766985
1340649205297575
1340649294721365
1340649385460896
1340649475075273
1340649565374133
1340649659914404
1340649750004010
1340649846562132
1340649938513821
1340650034729789
1340650125217754
1340650213320860
1340650301975536
1340650389217141
1340650483817307
1340650578519365
1340650671595006
1340650761513441
1340650850948282
1340650938826978
1340651030811874
1340651121189996
1340651209370349
1340651297907956
1340651389497208
1340651483055828
1340651573329904
1340651667223158
1340651753721032
1340651843111629
1340651936215856
1340652026396857
1340652115598502
1340652209287876
1340652297369175
1340652389385115
1340652478567008
1340652569239062
1340652657277845
1340652749245386
1340652838769558
1340652932985632
1340653026659915
1340653117295053
1340653205289962
1340653293317770
1340653381226917
1340653470808947
1340653566192144
1340653657288825
1340653746395887
1340653839412893
1340653936190776
1340654025441303
1340654114081196
1340654201306093
1340654290927376
1340654385310647
1340654474761825
1340654565281255
1340654654741639
1340654747557463
1340654846060722
1340654933364792
1340655027245616
1340655119824562
1340655209344611
