1340214768195813
1340214768847306
1340214769480973
1340214770099213
1340214770718169
1340214771345134
1340214771982021
1340214772629468
1340214773272534
1340214773913622
1340214774535171
1340214775162732
1340214775805601
1340214776452598
1340214777098068
1340214777758656
1340214778420175
1340214779040441
1340214779682186
1340214780306742
1340214780925902
1340214781539998
1340214782148264
1340214782741520
1340214783395962
1340214784134587
1340214784861918
1340214785581362
1340214786283442
1340214786958903
1340214787666606
1340214788375478
1340214789101046
1340214789850173
1340214790587636
1340214791356407
1340214792135924
1340214792984580
1340214793798440
1340214794602307
1340214795434511
1340214796234626
1340214797045254
1340214797859815
1340214798697371
1340214799510857
1340214800285657
1340214800929810
1340214801611671
1340214802352059
1340214803125337
1340214803865292
1340214804570963
1340214805310658
1340214806116125
1340214806980938
1340214807834701
1340214808531018
1340214809132547
1340214809754355
1340214810331855
1340214810903232
1340214811656551
1340214812563209
1340214813607556
1340214814640425
1340214815685272
1340214816725614
1340214817728886
1340214818790531
1340214819799003
1340214820846799
1340214821912063
1340214822939394
1340214823911410
1340214824855429
1340214825764984
1340214826735890
1340214827734039
1340214828677263
1340214829782043
1340214830940856
1340214832019745
1340214833175405
1340214834259449
1340214835333668
1340214836292196
1340214837388426
1340214838502464
1340214839651917
1340214840800651
1340214841944313
1340214843301427
1340214844553564
1340214845825700
1340214847028548
1340214848297255
1340214849525441
1340214850784406
1340214852012719
