1340374778469122
1340374865739226
1340374954545793
1340375044155407
1340375133624457
1340375221567971
1340375309446036
1340375405554788
1340375494363355
1340375581557940
1340375674662403
1340375762566359
1340375853605965
1340375941560340
1340376031387425
1340376117857239
1340376205583882
1340376294381964
1340376385837468
1340376474445301
1340376561625869
1340376650548005
1340376739977283
1340376835655700
1340376931664969
1340377027049388
1340377120878104
1340377209618933
1340377298886222
1340377385547388
1340377473782575
1340377562120190
1340377654051825
1340377745629003
1340377834819369
1340377922441403
1340378010007522
1340378104487828
1340378193604654
1340378286520483
1340378373836417
1340378462323736
1340378550156732
1340378639887451
1340378730280792
1340378818363378
1340378905585594
1340378994599790
1340379082560984
1340379169616578
1340379257553802
1340379347403109
1340379434468585
1340379524222271
1340379614748439
1340379702579613
1340379794975529
1340379886458547
1340379975035611
1340380063066310
1340380149663390
1340380237720627
1340380326452622
1340380413618398
1340380503644704
1340380601475529
1340380691897539
1340380782249160
1340380869605542
1340380957675330
1340381047457524
1340381133617752
1340381221606916
1340381309669017
1340381397364843
1340381486606994
1340381575687230
1340381671452863
1340381763951077
1340381860595427
1340381954651540
1340382043380017
1340382133575196
1340382227459600
1340382323153153
1340382410387421
1340382498631936
1340382585577575
1340382675030027
1340382762446376
1340382856994982
1340382952541752
1340383045653504
1340383133694960
1340383221599983
1340383309743360
1340383397756944
1340383485642682
1340383575091601
1340383666398688
