1340583305286983
1340583393623482
1340583481308619
1340583569554615
1340583657410801
1340583745320929
1340583833247148
1340583921429876
1340584009400019
1340584097345477
1340584185251857
1340584273469033
1340584361305217
1340584449385962
1340584541438419
1340584629326938
1340584717336735
1340584805286489
1340584893371972
1340584981392855
1340585069338423
1340585157381773
1340585245313937
1340585333302357
1340585421465750
1340585509184530
1340585597312017
1340585685328811
1340585773346143
1340585861234546
1340585949279715
1340586037458286
1340586125331926
1340586213318579
1340586301335269
1340586389462067
1340586477277756
1340586565419450
1340586653336462
1340586741321920
1340586829320539
1340586917376378
1340587005327655
1340587093290722
1340587181349147
1340587269279087
1340587357305950
1340587445356470
1340587533134567
1340587621627306
1340587709294252
1340587797286744
1340587885193374
1340587973338408
1340588061343551
1340588149318582
1340588237348195
1340588325340837
1340588413414844
1340588501397133
1340588589290213
1340588677294723
1340588765282489
1340588854061264
1340588941469286
1340589029332127
1340589117374860
1340589205342519
1340589293317666
1340589381586204
1340589469355122
1340589557373159
1340589645415769
1340589733463939
1340589821309282
1340589909247556
1340589997325525
1340590085325473
1340590173242039
1340590261345375
1340590349312710
1340590437353045
1340590525156805
1340590613319939
1340590701290271
1340590789307250
1340590877309009
1340590969390714
1340591057349594
1340591145308280
1340591233358766
1340591321337827
1340591409425383
1340591497353168
1340591585317853
1340591673355207
1340591761341603
1340591849332768
1340591937258189
1340592025403112
