1340276910387682
1340276997359628
1340277085805686
1340277173067486
1340277261034360
1340277349525027
1340277438209290
1340277527273454
1340277618681543
1340277709030299
1340277798192007
1340277885487771
1340277973531377
1340278061148320
1340278149054431
1340278237073814
1340278325077566
1340278413338794
1340278500865885
1340278593540687
1340278682855872
1340278770196309
1340278859298124
1340278951637270
1340279041395094
1340279129073547
1340279217569242
1340279305125851
1340279393358835
1340279481543136
1340279569775279
1340279657261674
1340279745277398
1340279834198273
1340279923662583
1340280018768841
1340280122263333
1340280208993092
1340280297017674
1340280385250532
1340280473395037
1340280561562227
1340280649775939
1340280741106830
1340280833338941
1340280921017006
1340281009925715
1340281098926215
1340281184990050
1340281273406727
1340281362130416
1340281449764223
1340281537436360
1340281626128539
1340281714158561
1340281801156292
1340281893926525
1340281981457080
1340282069823739
1340282157087015
1340282245428734
1340282334431068
1340282421287303
1340282511007765
1340282601130503
1340282689710108
1340282777352573
1340282865847575
1340282954161208
1340283042322632
1340283129033770
1340283217740993
1340283305143540
1340283393277683
1340283481732766
1340283571210618
1340283659361930
1340283747664341
1340283837749137
1340283925154193
1340284013559363
1340284101487603
1340284189002252
1340284277092925
1340284369489036
1340284457801368
1340284545472224
1340284634400778
1340284731131059
1340284817391723
1340284906153981
1340284995288764
1340285081467966
1340285169100455
1340285261107424
1340285349105291
1340285437871218
1340285525692910
1340285614028231
1340285702383391
