1340276910311922
1340276997283689
1340277085688138
1340277173008288
1340277260974137
1340277349437360
1340277438083126
1340277527080982
1340277618524015
1340277708980581
1340277798068360
1340277885401565
1340277973442409
1340278061097308
1340278148984114
1340278237013326
1340278325028256
1340278413260751
1340278500812731
1340278593456901
1340278682678466
1340278770070409
1340278859103772
1340278951419427
1340279041319030
1340279129014293
1340279217486824
1340279305076617
1340279393292783
1340279481454625
1340279569680773
1340279657205281
1340279745228187
1340279834073079
1340279923445602
1340280018607879
1340280122200197
1340280208936732
1340280296946917
1340280385179054
1340280473320473
1340280561482916
1340280649675549
1340280741047909
1340280833265126
1340280920963446
1340281009819529
1340281098752714
1340281184932807
1340281273325458
1340281361981388
1340281449668714
1340281537364589
1340281625999645
1340281714036933
1340281801092197
1340281893808886
1340281981372856
1340282069719244
1340282157026665
1340282245357438
1340282334285802
1340282421219040
1340282510833780
1340282601079757
1340282689607827
1340282777284525
1340282865737644
1340282954036771
1340283042185722
1340283128975603
1340283217638274
1340283305081869
1340283393217138
1340283481638532
1340283571017986
1340283659168126
1340283747447961
1340283837658204
1340283925093703
1340284013477600
1340284101407691
1340284188933559
1340284277035026
1340284369405138
1340284457705081
1340284545387809
1340284634255365
1340284730934761
1340284817318376
1340284906029203
1340284995094698
1340285081384263
1340285169038348
1340285261058361
1340285349052744
1340285437770077
1340285525600305
1340285613913589
1340285702239474
