1340268082887948
1340268168852438
1340268257332234
1340268345402132
1340268433246881
1340268521300685
1340268609000510
1340268697405755
1340268789139743
1340268878155181
1340268965831827
1340269054845367
1340269144682497
1340269232988651
1340269320918370
1340269409268852
1340269497242448
1340269585050423
1340269674302080
1340269761244781
1340269849891522
1340269937334311
1340270025147947
1340270113233861
1340270200848240
1340270290174630
1340270376810638
1340270466365303
1340270552881917
1340270641270891
1340270729025678
1340270817340995
1340270904880811
1340270992900821
1340271081527692
1340271172957396
1340271261107904
1340271349263526
1340271437578194
1340271526140321
1340271617441841
1340271705992113
1340271795156514
1340271885118239
1340271973434489
1340272061474433
1340272148972407
1340272237527071
1340272325216181
1340272413116365
1340272501289171
1340272589032190
1340272682561869
1340272770524487
1340272863242716
1340272958590288
1340273049328749
1340273136923741
1340273224866600
1340273317461192
1340273405134001
1340273494175083
1340273582148782
1340273669063181
1340273757389235
1340273846587424
1340273939155198
1340274034954146
1340274128943350
1340274217294895
1340274305309654
1340274396996324
1340274485305261
1340274572878427
1340274661248094
1340274749367095
1340274837446833
1340274925260881
1340275013886036
1340275103008167
1340275188845577
1340275281284005
1340275369706085
1340275457259335
1340275545363290
1340275632868462
1340275721725099
1340275809481111
1340275898047139
1340275986159820
1340276073412204
1340276160877638
1340276248858216
1340276337414287
1340276424997322
1340276514025153
1340276601320635
1340276689180945
1340276777988468
1340276865016749
