1340691514239872
1340691601614485
1340691689580215
1340691777730169
1340691865658031
1340691953695776
1340692041683489
1340692129700269
1340692217704499
1340692309721177
1340692397786091
1340692485680138
1340692573593808
1340692661707457
1340692749735182
1340692837635218
1340692925625819
1340693013675034
1340693101699018
1340693189502413
1340693277633838
1340693365887325
1340693453677630
1340693541596547
1340693629489924
1340693717709566
1340693805643284
1340693893684351
1340693981624530
1340694069672934
1340694157623288
1340694245667055
1340694333656445
1340694421645985
1340694509625635
1340694597561133
1340694685644751
1340694773618469
1340694861745211
1340694949645100
1340695037678442
1340695125596546
1340695213682610
1340695301588719
1340695389656964
1340695477781925
1340695565772446
1340695653609441
1340695741764970
1340695829628537
1340695917681654
1340696005571042
1340696093692446
1340696181466982
1340696269495705
1340696357652135
1340696445720572
1340696533645576
1340696621773116
1340696709656034
1340696797730946
1340696885752423
1340696973625040
1340697061703232
1340697153506363
1340697241643062
1340697329684164
1340697417779868
1340697505636126
1340697593613781
1340697681616867
1340697769716718
1340697857624042
1340697945764655
1340698033718459
1340698121546910
1340698209717459
1340698297726460
1340698389520545
1340698477612748
1340698565765178
1340698653721884
1340698741705651
1340698829593011
1340698917659926
1340699005668975
1340699093657932
1340699185206166
1340699273648251
1340699361621077
1340699449613590
1340699537749286
1340699625539980
1340699713768478
1340699801611354
1340699889807413
1340699977655418
1340700065723248
1340700157534795
1340700245744808
