1340682709989526
1340682798260002
1340682891646456
1340682982392575
1340683073390252
1340683161414289
1340683254246206
1340683342072272
1340683430190833
1340683517653995
1340683609498056
1340683697786243
1340683787292485
1340683877372000
1340683966190520
1340684058504769
1340684145385600
1340684233436426
1340684325478364
1340684414098408
1340684508119635
1340684597351110
1340684685598789
1340684773707073
1340684868605070
1340684963593006
1340685053485329
1340685141380036
1340685229571095
1340685322360716
1340685413730614
1340685507097376
1340685593375905
1340685681417882
1340685770210789
1340685858594225
1340685949406846
1340686037865362
1340686125393845
1340686213427738
1340686301992505
1340686393532472
1340686481368178
1340686569317922
1340686657390361
1340686750231594
1340686837451967
1340686925336963
1340687013457715
1340687101328037
1340687189371409
1340687277424704
1340687365307848
1340687453507041
1340687545332102
1340687633499028
1340687725360003
1340687813507735
1340687901371919
1340687989456484
1340688077330654
1340688165475402
1340688253642568
1340688341427273
1340688429445489
1340688517434731
1340688605334226
1340688693430804
1340688781421062
1340688869425590
1340688957411665
1340689045437425
1340689133366430
1340689225305111
1340689313345736
1340689401623362
1340689489425496
1340689577475083
1340689665366602
1340689753489868
1340689841315508
1340689929330858
1340690017389150
1340690105478544
1340690193390671
1340690281351685
1340690369462403
1340690457343817
1340690545398240
1340690633404528
1340690721345564
1340690809445424
1340690897318241
1340690985320312
1340691073321114
1340691161331145
1340691249409971
1340691337465928
1340691425483624
1340691513381666
