1340429165785136
1340429253993257
1340429342304902
1340429430843273
1340429519257879
1340429614829186
1340429709235060
1340429804759371
1340429894884363
1340429981902671
1340430070890818
1340430157792947
1340430245890473
1340430335997821
1340430427052575
1340430515313617
1340430601917064
1340430696878880
1340430790544124
1340430884956232
1340430981504145
1340431074973697
1340431161842903
1340431250855742
1340431338665543
1340431426090692
1340431515259542
1340431606856651
1340431694874348
1340431782745562
1340431876797191
1340431974077708
1340432067956977
1340432161848261
1340432249783510
1340432338891814
1340432425751153
1340432516508548
1340432610026661
1340432698958635
1340432789876514
1340432877899527
1340432967327253
1340433053972674
1340433141880421
1340433229857529
1340433320596777
1340433409825764
1340433499010744
1340433586837390
1340433675478290
1340433768478035
1340433858077892
1340433954118387
1340434042335582
1340434129934643
1340434217841202
1340434312079722
1340434401812877
1340434497191070
1340434595680922
1340434686028060
1340434774844320
1340434863178657
1340434953773721
1340435042758069
1340435133881240
1340435221846164
1340435311006221
1340435398013225
1340435490993624
1340435586847019
1340435682796446
1340435778143087
1340435870446762
1340435959318551
1340436046858271
1340436133826230
1340436221891410
1340436309973228
1340436405815284
1340436495470908
1340436584168368
1340436675898990
1340436772937380
1340436867583970
1340436965696265
1340437058473707
1340437145892826
1340437233989251
1340437326328763
1340437418432932
1340437506888724
1340437594558270
1340437684164672
1340437773920441
1340437862264244
1340437953022032
1340438048441563
1340438141851143
