1340646257845936
1340646350947318
1340646437934205
1340646530968834
1340646618670806
1340646710316540
1340646803241117
1340646894266314
1340646986950383
1340647077966473
1340647173236001
1340647261270979
1340647357211281
1340647446819878
1340647539756260
1340647635477560
1340647730143987
1340647823788824
1340647918543165
1340648009621303
1340648101339716
1340648189248545
1340648277800691
1340648366983927
1340648458739514
1340648551825710
1340648646410219
1340648739407325
1340648838572019
1340648936285118
1340649029534027
1340649117720440
1340649205247550
1340649294650988
1340649385422930
1340649474987470
1340649565337490
1340649659799289
1340649749954145
1340649846495996
1340649938447564
1340650034657945
1340650125184946
1340650213270420
1340650301924264
1340650389186332
1340650483702039
1340650578447869
1340650671499883
1340650761477759
1340650850867031
1340650938747145
1340651030731787
1340651121150015
1340651209321060
1340651297861266
1340651389458452
1340651482972961
1340651573278079
1340651667130038
1340651753675988
1340651843030251
1340651936143843
1340652026335075
1340652115500959
1340652209237197
1340652297330291
1340652389342767
1340652478498529
1340652569197399
1340652657226269
1340652749211139
1340652838697620
1340652932845712
1340653026589482
1340653117254864
1340653205241012
1340653293268460
1340653381174902
1340653470702504
1340653566120019
1340653657244645
1340653746328903
1340653839308799
1340653936109810
1340654025342765
1340654114019624
1340654201255821
1340654290851560
1340654385247236
1340654474686097
1340654565232448
1340654654662373
1340654747457686
1340654846007439
1340654933324770
1340655027157318
1340655119720720
1340655209304360
1340655297257882
