1340691601385134
1340691689370121
1340691777503418
1340691865426312
1340691953452564
1340692041451332
1340692129516350
1340692217481042
1340692309490277
1340692397541051
1340692485498437
1340692573364079
1340692661473663
1340692749501397
1340692837426123
1340692925398765
1340693013479098
1340693101466186
1340693189321462
1340693277438267
1340693365661922
1340693453434444
1340693541370251
1340693629248823
1340693717468062
1340693805414606
1340693893435576
1340693981394566
1340694069443002
1340694157428582
1340694245469962
1340694333418055
1340694421405702
1340694509395703
1340694597321806
1340694685414948
1340694773383414
1340694861502642
1340694949406753
1340695037436098
1340695125405317
1340695213495842
1340695301404423
1340695389472821
1340695477594325
1340695565529089
1340695653382466
1340695741562354
1340695829400063
1340695917439580
1340696005349134
1340696093496183
1340696181289111
1340696269297527
1340696357411618
1340696445468432
1340696533415519
1340696621524296
1340696709425327
1340696797533977
1340696885511205
1340696973416877
1340697061502608
1340697153290027
1340697241451183
1340697329467189
1340697417545071
1340697505418302
1340697593374402
1340697681398159
1340697769475601
1340697857396329
1340697945526258
1340698033504077
1340698121358300
1340698209521443
1340698297531464
1340698389331270
1340698477370168
1340698565530230
1340698653478142
1340698741474005
1340698829387515
1340698917419813
1340699005455858
1340699093430582
1340699185008837
1340699273415467
1340699361423004
1340699449374898
1340699537498057
1340699625320534
1340699713527062
1340699801381861
1340699889565120
1340699977416290
1340700065491192
1340700157304334
1340700245510203
1340700333435134
