1340473690122178
1340473781964799
1340473878505118
1340473970299927
1340474062018381
1340474154044904
1340474242606908
1340474331924576
1340474427937802
1340474519987210
1340474614203656
1340474703737234
1340474794165942
1340474887289949
1340474982519220
1340475081889949
1340475170117995
1340475258117709
1340475347535971
1340475436604079
1340475527190321
1340475617034995
1340475711434071
1340475802286223
1340475897103278
1340475992933693
1340476086356809
1340476174142772
1340476265213249
1340476362484523
1340476452802071
1340476544549933
1340476639406680
1340476734434425
1340476829142215
1340476925955601
1340477018944041
1340477109933366
1340477198201469
1340477289395285
1340477386568521
1340477474061197
1340477564248510
1340477661980844
1340477756240631
1340477848794235
1340477947165425
1340478044300547
1340478134133254
1340478222121487
1340478310049148
1340478398748000
1340478491391102
1340478585580765
1340478681963698
1340478777283844
1340478872160778
1340478971902785
1340479063600912
1340479154140180
1340479242077292
1340479331402171
1340479418916851
1340479506330241
1340479599077526
1340479693544343
1340479788354753
1340479885833619
1340479982537684
1340480077560387
1340480166138726
1340480254095627
1340480349515897
1340480448030489
1340480544524872
1340480640087816
1340480738576340
1340480833598044
1340480931188859
1340481031156324
1340481126238949
1340481214123719
1340481305971348
1340481402317466
1340481495011465
1340481587417950
1340481681481447
1340481777944875
1340481867420464
1340481962141161
1340482061507246
1340482154120126
1340482243419940
1340482336982620
1340482428739408
1340482519366006
1340482612832867
1340482703553102
1340482798574215
1340482892354168
