1340276953181992
1340277041326945
1340277129031927
1340277217198911
1340277304978268
1340277393479262
1340277482569928
1340277571414821
1340277663144668
1340277753448739
1340277841041001
1340277929747662
1340278017776806
1340278105452394
1340278192963810
1340278281255755
1340278369021815
1340278457032186
1340278549719180
1340278637562209
1340278725577394
1340278814443081
1340278903458014
1340278997029208
1340279085071627
1340279173054205
1340279261048343
1340279349632694
1340279437401576
1340279525256660
1340279613418496
1340279702049369
1340279789369302
1340279878753158
1340279971381933
1340280063395319
1340280164821151
1340280253176334
1340280340994861
1340280429036819
1340280517841061
1340280605209843
1340280694346613
1340280789373124
1340280877830074
1340280965415266
1340281054760991
1340281140784776
1340281228940369
1340281317333539
1340281405106068
1340281493643394
1340281581665711
1340281669406847
1340281757190895
1340281845907112
1340281937020167
1340282025172206
1340282113054998
1340282200949713
1340282289653572
1340282377006388
1340282466093664
1340282555091957
1340282645499327
1340282733077088
1340282821188244
1340282909783657
1340282997096546
1340283086149007
1340283173018118
1340283261064297
1340283349387756
1340283437351600
1340283525860391
1340283615047985
1340283703100710
1340283793126284
1340283882048296
1340283969659234
1340284057549446
1340284144807533
1340284233029082
1340284325321324
1340284413418978
1340284501539929
1340284589455671
1340284683342875
1340284775033358
1340284862061798
1340284950794028
1340285036957313
1340285124943619
1340285212969738
1340285305204354
1340285393001687
1340285481615548
1340285569833471
1340285657520520
1340285745390109
