1340276997268739
1340277085677927
1340277173000810
1340277260969473
1340277349428160
1340277438069901
1340277527063654
1340277618507292
1340277708975639
1340277798056885
1340277885392939
1340277973433675
1340278061091019
1340278148979042
1340278237007615
1340278325019891
1340278413252717
1340278500807570
1340278593448208
1340278682663833
1340278770057361
1340278859085798
1340278951395467
1340279041311193
1340279129009505
1340279217477773
1340279305070789
1340279393279898
1340279481445637
1340279569672113
1340279657198489
1340279745222452
1340279834057466
1340279923430076
1340280018592376
1340280122194532
1340280208930447
1340280296939340
1340280385171242
1340280473312584
1340280561475952
1340280649665292
1340280741041862
1340280833257144
1340280920957583
1340281009810534
1340281098724478
1340281184926723
1340281273315364
1340281361962161
1340281449659094
1340281537358159
1340281625985753
1340281714023467
1340281801085026
1340281893797653
1340281981365667
1340282069705811
1340282157020868
1340282245348588
1340282334272151
1340282421212020
1340282510817951
1340282601073624
1340282689597388
1340282777270671
1340282865722922
1340282954027000
1340283042168903
1340283128969398
1340283217627892
1340283305075211
1340283393210805
1340283481628927
1340283571000279
1340283659150807
1340283747428601
1340283837649947
1340283925087862
1340284013468884
1340284101399392
1340284188927668
1340284277029824
1340284369393968
1340284457694902
1340284545379396
1340284634243869
1340284730916403
1340284817310703
1340284906017795
1340284995077721
1340285081376562
1340285169032282
1340285261052686
1340285349045092
1340285437759749
1340285525592437
1340285613902293
1340285702227283
1340285789276828
