1340447173910810
1340447261951219
1340447349825972
1340447438038609
1340447526181871
1340447614186511
1340447702067251
1340447789970265
1340447878103170
1340447966100872
1340448053947529
1340448141912859
1340448229866011
1340448322015900
1340448409942143
1340448497767206
1340448585781357
1340448673888751
1340448762690996
1340448849973053
1340448938172468
1340449026318999
1340449114068178
1340449203007504
1340449289936821
1340449378072945
1340449470168691
1340449558345457
1340449645971854
1340449734116317
1340449822072501
1340449910192690
1340449998102944
1340450086006602
1340450173813035
1340450261878597
1340450351925796
1340450441857630
1340450530115539
1340450619938029
1340450714143648
1340450806005446
1340450894196990
1340450981939053
1340451069887575
1340451157988231
1340451256506049
1340451346083926
1340451434077412
1340451522117162
1340451609938583
1340451697963238
1340451785886884
1340451873908139
1340451961866068
1340452049980975
1340452137941096
1340452225856520
1340452313910199
1340452402055454
1340452489899805
1340452577968721
1340452665988494
1340452753890326
1340452841946025
1340452929899735
1340453018941605
1340453106034111
1340453197951536
1340453285851920
1340453373996187
1340453461990925
1340453549935440
1340453637887536
1340453725939924
1340453813889088
1340453901916581
1340453990045300
1340454077851325
1340454166067530
1340454253989458
1340454341901791
1340454430041895
1340454517797773
1340454605864692
1340454693800807
1340454781840318
1340454869883792
1340454957981254
1340455045991514
1340455133933976
1340455226108765
1340455313805361
1340455401967020
1340455490080683
1340455577864649
1340455665921504
1340455753950888
1340455841846763
1340455929959731
