1340501578687149
1340501671382267
1340501760282810
1340501860276833
1340501959424534
1340502052042402
1340502142451958
1340502230300084
1340502325873681
1340502415931403
1340502508112350
1340502602519062
1340502691130112
1340502782736526
1340502873043606
1340502964767831
1340503063915075
1340503158460540
1340503246528366
1340503337851814
1340503427351111
1340503517422940
1340503614536064
1340503706478661
1340503794374904
1340503886498680
1340503975729836
1340504070971272
1340504162361375
1340504250485818
1340504338447109
1340504429911920
1340504523909276
1340504622175420
1340504720071687
1340504820205623
1340504920233041
1340505018269709
1340505117376266
1340505207087599
1340505303341542
1340505394997201
1340505491426257
1340505578586507
1340505667938532
1340505765962625
1340505864981952
1340505964699437
1340506061403893
1340506150381958
1340506240283740
1340506339553500
1340506427991864
1340506525678958
1340506619488077
1340506709053395
1340506810798207
1340506908115100
1340506998468196
1340507095494003
1340507182446972
1340507273557433
1340507369344503
1340507459411942
1340507550521194
1340507642251075
1340507739784826
1340507844431303
1340507941498669
1340508038710826
1340508130475189
1340508218617680
1340508315803576
1340508407107056
1340508502463078
1340508602310745
1340508700221589
1340508802556616
1340508901931176
1340509001186992
1340509094351770
1340509186379379
1340509279765663
1340509372451799
1340509464305743
1340509558755856
1340509651991837
1340509753062431
1340509851462331
1340509948240413
1340510044701328
1340510138450339
1340510230134595
1340510327485165
1340510419962183
1340510513058182
1340510611164465
1340510706307352
1340510807436807
1340510902610812
