1340214684555317
1340214685657711
1340214686636863
1340214687533893
1340214688368101
1340214689118330
1340214689771681
1340214690420088
1340214690997567
1340214691689396
1340214692246270
1340214692862909
1340214693466109
1340214693994793
1340214694538739
1340214695073529
1340214695677510
1340214696032530
1340214696441448
1340214696804635
1340214697122187
1340214697446921
1340214697770386
1340214698080989
1340214698397343
1340214698694971
1340214698997161
1340214699340322
1340214699677305
1340214699986254
1340214700323206
1340214700700462
1340214700997260
1340214701313042
1340214701619551
1340214701938667
1340214702245233
1340214702543507
1340214702860992
1340214703177085
1340214703468481
1340214703787924
1340214704140435
1340214704474777
1340214704788001
1340214705086483
1340214705385221
1340214705681856
1340214706003700
1340214706351867
1340214706713287
1340214707057706
1340214707421711
1340214707784290
1340214708149135
1340214708566505
1340214708985901
1340214709379003
1340214709769919
1340214710159649
1340214710553365
1340214710943689
1340214711318918
1340214711651367
1340214711943641
1340214712241815
1340214712544696
1340214712830581
1340214713106345
1340214713368505
1340214713630064
1340214713916580
1340214714199571
1340214714488594
1340214714777431
1340214715063239
1340214715325093
1340214715588618
1340214715850103
1340214716122464
1340214716385958
1340214716648162
1340214716908599
1340214717175135
1340214717435270
1340214717743069
1340214718033199
1340214718319536
1340214718596735
1340214718871158
1340214719148218
1340214719446496
1340214719732725
1340214719998077
1340214720300499
1340214720602245
1340214720895914
1340214721174300
1340214721467769
1340214721740213
