1340637112580385
1340637201370186
1340637291034166
1340637381658682
1340637471018140
1340637561262148
1340637651729263
1340637738917617
1340637831659048
1340637917352004
1340638005341164
1340638095066570
1340638181350706
1340638274136122
1340638362754793
1340638451425208
1340638539007412
1340638626109680
1340638713256800
1340638801726959
1340638889369372
1340638977607579
1340639065600970
1340639153159801
1340639241634177
1340639333926408
1340639421489348
1340639509473586
1340639598284819
1340639685880715
1340639773534834
1340639865418974
1340639957601968
1340640045333616
1340640133430905
1340640221340838
1340640309633607
1340640397365744
1340640485658203
1340640574020692
1340640668162328
1340640763435199
1340640854537020
1340640945683390
1340641039443918
1340641133404794
1340641221242008
1340641309430677
1340641397309169
1340641493579116
1340641585190600
1340641673373908
1340641761446179
1340641849869339
1340641942473673
1340642030763663
1340642125612925
1340642229489645
1340642318973725
1340642409642340
1340642503686451
1340642593423837
1340642681388350
1340642772129204
1340642866679987
1340642961323358
1340643050053932
1340643141395170
1340643229332456
1340643317424620
1340643409901468
1340643504072041
1340643599653992
1340643693741058
1340643783540263
1340643875191437
1340643965388422
1340644053392681
1340644145429015
1340644233438045
1340644321857351
1340644409710159
1340644503361935
1340644589945392
1340644687525215
1340644782092349
1340644876163674
1340644975768942
1340645066685712
1340645157386024
1340645246825242
1340645339800564
1340645430036027
1340645524110904
1340645614654216
1340645705428005
1340645799743782
1340645895724157
1340645990828433
1340646081139794
