1340223917084473
1340224009235612
1340224098048258
1340224184725078
1340224272687311
1340224360806917
1340224448813207
1340224537148113
1340224625418100
1340224714058910
1340224800949573
1340224889572996
1340224976811255
1340225071732492
1340225156725668
1340225244704696
1340225332989014
1340225420997517
1340225508926341
1340225600801656
1340225689691335
1340225776598512
1340225865001601
1340225953228459
1340226040906060
1340226128757351
1340226216468096
1340226304780789
1340226392782982
1340226481286041
1340226569657225
1340226658060124
1340226745637309
1340226832759846
1340226921304689
1340227009131649
1340227096899386
1340227184648555
1340227272718250
1340227361485889
1340227448873816
1340227537733099
1340227626061275
1340227714027679
1340227801838804
1340227889328611
1340227977818632
1340228065830768
1340228152590082
1340228240693897
1340228328966739
1340228416908890
1340228504884542
1340228593489132
1340228680772228
1340228769157761
1340228856799670
1340228945148063
1340229032840705
1340229120772625
1340229208677814
1340229296969066
1340229384936603
1340229473422578
1340229562016456
1340229649853114
1340229741226332
1340229829080564
1340229921032268
1340230008811777
1340230097689151
1340230184614472
1340230272881621
1340230360759921
1340230448901728
1340230537724890
1340230626047850
1340230712618391
1340230801090392
1340230888802902
1340230976806185
1340231065503611
1340231152543086
1340231240552968
1340231328565386
1340231416900819
1340231505827566
1340231592763721
1340231681149123
1340231769837071
1340231857986363
1340231949010806
1340232037728367
1340232124561959
1340232212612127
1340232304889175
1340232392913990
1340232481398658
1340232570099492
1340232657663617
