1340745299782053
1340745391083100
1340745481120634
1340745571122126
1340745663336102
1340745755257778
1340745844451374
1340745936601353
1340746032643728
1340746123269484
1340746215237009
1340746308136234
1340746403385268
1340746497928150
1340746587510717
1340746679929722
1340746771485338
1340746863398166
1340746952312749
1340747050744832
1340747139065847
1340747229122550
1340747323189951
1340747411698265
1340747503454505
1340747591221857
1340747683677289
1340747776990629
1340747867546715
1340747955186727
1340748048235271
1340748139281357
1340748227243604
1340748323366346
1340748416967731
1340748517795690
1340748618117162
1340748712506763
1340748805205948
1340748904140965
1340749004199589
1340749104817926
1340749195240613
1340749283678098
1340749371319295
1340749461934075
1340749563362843
1340749654132240
1340749747610633
1340749837630804
1340749936612355
1340750029258394
1340750129729246
1340750220806224
1340750315402670
1340750405160852
1340750503324876
1340750594495022
1340750689827677
1340750785204301
1340750885898122
1340750986851116
1340751085071067
1340751175148509
1340751267371479
1340751359141727
1340751449159307
1340751543227898
1340751635149543
1340751727187917
1340751823494070
1340751915700386
1340752014553357
1340752108682628
1340752199267855
1340752292361075
1340752387966515
1340752481509316
1340752584920069
1340752678883529
1340752777224192
1340752869933157
1340752969414783
1340753064221174
1340753163157725
1340753251394241
1340753339521961
1340753428805332
1340753523333586
1340753620744503
1340753711659678
1340753803875346
1340753899325027
1340753991788619
1340754083597780
1340754171063658
1340754259150758
1340754351729951
1340754443236307
1340754535685729
