1340529950740092
1340529951421390
1340529952105694
1340529952869768
1340529953548951
1340529954235853
1340529955002328
1340529956272504
1340529957080245
1340529957863023
1340529958597218
1340529960429448
1340529962961420
1340529963720221
1340529964455433
1340529965221255
1340529965927505
1340529966565544
1340529967298856
1340529968718188
1340529969446347
1340529970048280
1340529970686492
1340529971315411
1340529971952022
1340529972573844
1340529973253820
1340529973962991
1340529974661700
1340529975428831
1340529976078967
1340529976885108
1340529977630854
1340529978322010
1340529978958545
1340529979618827
1340529980305335
1340529981009229
1340529981668250
1340529982320167
1340529983076042
1340529983778557
1340529984431395
1340529985084266
1340529985777286
1340529986499564
1340529987260648
1340529987870825
1340529988513172
1340529989136078
1340529989871703
1340529990664196
1340529991386133
1340529992071963
1340529994472851
1340529995232311
1340529995881914
1340529996663659
1340530000322055
1340530001112799
1340530001849563
1340530002696601
1340530003450621
1340530004132875
1340530004863556
1340530005575492
1340530006487576
1340530007876869
1340530009025291
1340530009673357
1340530011471579
1340530012339163
1340530013206248
1340530013850038
1340530014546267
1340530015350857
1340530016093720
1340530016912473
1340530017597559
1340530018311005
1340530019007971
1340530019704444
1340530020431398
1340530021092973
1340530021723522
1340530022360063
1340530022970818
1340530023582205
1340530024276516
1340530024920656
1340530025638800
1340530026325568
1340530026985453
1340530027969714
1340530028661182
1340530029356722
1340530035672417
1340530036539139
1340530037338178
1340530038141220
