1340782665050845
1340782771384312
1340782863564444
1340782960475399
1340783057107582
1340783158175246
1340783248765272
1340783347059219
1340783436732314
1340783535156542
1340783630015628
1340783722494830
1340783820410702
1340783915286472
1340784011732549
1340784103199985
1340784190051737
1340784278097314
1340784370066175
1340784463253487
1340784563658981
1340784659900860
1340784760357421
1340784856601141
1340784954109069
1340785047916244
1340785146254954
1340785235775679
1340785334397735
1340785426617986
1340785522141993
1340785617826135
1340785711302885
1340785809425739
1340785902494302
1340785998450165
1340786091302280
1340786178087761
1340786270052560
1340786364023814
1340786454929300
1340786547280402
1340786636388305
1340786735807031
1340786833390520
1340786931685257
1340787029747702
1340787122144378
1340787210083621
1340787299693325
1340787390272859
1340787482261294
1340787576640745
1340787670078710
1340787759581024
1340787854116335
1340787948960283
1340788050392962
1340788142132068
1340788230214429
1340788329387049
1340788422270717
1340788517491238
1340788611550402
1340788707345008
1340788799509099
1340788898725035
1340788992108194
1340789095182456
1340789182094616
1340789272807556
1340789363194803
1340789452357058
1340789547057937
1340789642175235
1340789740730744
1340789838056978
1340789934082448
1340790026370754
1340790124582462
1340790214043558
1340790302174377
1340790389970260
1340790482055729
1340790574327020
1340790671806070
1340790771518593
1340790867435684
1340790959766746
1340791059320003
1340791149961124
1340791238130096
1340791331816051
1340791427304483
1340791518886685
1340791616398603
1340791712696297
1340791810538221
1340791903428854
1340792002467401
