1340628197906978
1340628285945798
1340628374002261
1340628465013689
1340628555142964
1340628647152632
1340628738614988
1340628829291411
1340628918390266
1340629005956472
1340629093951642
1340629181889787
1340629273931641
1340629362065574
1340629456081798
1340629554086146
1340629645504713
1340629734459905
1340629826376452
1340629917311154
1340630007320872
1340630093928805
1340630181992233
1340630270259725
1340630358254899
1340630446270881
1340630533811987
1340630622148852
1340630710116731
1340630798127802
1340630887919245
1340630983151125
1340631070481245
1340631157925121
1340631245911486
1340631337966420
1340631426274041
1340631514059451
1340631602095691
1340631690347758
1340631779060178
1340631871075652
1340631957982488
1340632045956803
1340632137958457
1340632226005796
1340632314153825
1340632402264567
1340632491601299
1340632588025004
1340632677989909
1340632769420879
1340632859005264
1340632950170520
1340633038280075
1340633129962255
1340633217910177
1340633305992347
1340633394158107
1340633481871466
1340633573953001
1340633663436120
1340633752576376
1340633842885682
1340633934721144
1340634021847192
1340634110136155
1340634197935872
1340634290050727
1340634378110331
1340634465810925
1340634553925779
1340634643510272
1340634733366705
1340634821882820
1340634910026057
1340635002109880
1340635091061627
1340635177931207
1340635266724412
1340635358559893
1340635446434414
1340635533828726
1340635626158877
1340635714003161
1340635801869124
1340635890352082
1340635978307804
1340636068020094
1340636161974104
1340636251926455
1340636346323515
1340636434675402
1340636521973117
1340636609916398
1340636702455193
1340636789906722
1340636881825209
1340636972658590
1340637063670995
