1340214767617069
1340214768210852
1340214768860452
1340214769493353
1340214770111561
1340214770730393
1340214771360154
1340214771994254
1340214772642355
1340214773285240
1340214773926265
1340214774547366
1340214775175223
1340214775821344
1340214776466662
1340214777110738
1340214777771011
1340214778432334
1340214779052476
1340214779694681
1340214780318960
1340214780939240
1340214781552068
1340214782160162
1340214782753108
1340214783410427
1340214784147764
1340214784874700
1340214785594276
1340214786296160
1340214786976235
1340214787679486
1340214788388235
1340214789113711
1340214789863123
1340214790602651
1340214791372699
1340214792151029
1340214792999544
1340214793813479
1340214794617400
1340214795449618
1340214796249064
1340214797060883
1340214797873731
1340214798711269
1340214799524619
1340214800298477
1340214800940946
1340214801622008
1340214802362409
1340214803137120
1340214803877108
1340214804582694
1340214805322600
1340214806126821
1340214806990720
1340214807844290
1340214808541632
1340214809144852
1340214809764562
1340214810341613
1340214810912852
1340214811670435
1340214812581117
1340214813622255
1340214814654912
1340214815700117
1340214816740854
1340214817743426
1340214818808146
1340214819814402
1340214820863561
1340214821928961
1340214822956408
1340214823926397
1340214824871261
1340214825780753
1340214826752741
1340214827749727
1340214828693309
1340214829804345
1340214830959394
1340214832038354
1340214833193811
1340214834275220
1340214835348926
1340214836308360
1340214837412718
1340214838520812
1340214839673316
1340214840822244
1340214841965850
1340214843322989
1340214844575105
1340214845845194
1340214847047425
1340214848319586
1340214849551739
1340214850806048
