1340411011576278
1340411101909491
1340411189836422
1340411278815436
1340411366307950
1340411454434621
1340411547970177
1340411644250378
1340411733885958
1340411826004275
1340411914939016
1340412002126325
1340412090546828
1340412181231862
1340412270148453
1340412365705214
1340412455462275
1340412542744576
1340412630589678
1340412718652539
1340412806407733
1340412896280981
1340412989915212
1340413084863670
1340413173760072
1340413261810901
1340413351881773
1340413441811000
1340413535286370
1340413621948905
1340413710559022
1340413798644201
1340413892182358
1340413982407109
1340414073838477
1340414161757451
1340414250717728
1340414342105459
1340414430678197
1340414519938015
1340414614034852
1340414704407980
1340414799066501
1340414886134831
1340414974844463
1340415062802905
1340415153795362
1340415241785144
1340415330382845
1340415418799063
1340415505766021
1340415594232790
1340415682615566
1340415775721723
1340415867303713
1340415961616277
1340416049783580
1340416137845033
1340416225796064
1340416320211903
1340416415370816
1340416507728606
1340416603530287
1340416692471381
1340416782812503
1340416869960875
1340416960538022
1340417050862383
1340417137947462
1340417225734574
1340417314590121
1340417402065992
1340417491834469
1340417587493378
1340417684284587
1340417779729762
1340417875422414
1340417962385909
1340418049789160
1340418137745507
1340418225747794
1340418316211121
1340418406405784
1340418493731988
1340418584021393
1340418674945419
1340418764204023
1340418862325213
1340418956807297
1340419051205415
1340419137824710
1340419225882478
1340419314073956
1340419405769351
1340419495029444
1340419586818677
1340419674850254
1340419761854973
1340419854805310
1340419949903302
