1340250417099819
1340250505242889
1340250593371621
1340250685331537
1340250773601303
1340250861060502
1340250948886608
1340251037461579
1340251128815906
1340251216631901
1340251305443970
1340251392980998
1340251481677924
1340251569509736
1340251665174363
1340251753486036
1340251842701171
1340251928880055
1340252017531530
1340252104929797
1340252192895808
1340252281277587
1340252369530457
1340252456843452
1340252545506838
1340252634454635
1340252720973403
1340252809227967
1340252896804950
1340252985631863
1340253073301869
1340253164783384
1340253252688854
1340253341276852
1340253429299085
1340253517498580
1340253606825421
1340253694757301
1340253782766657
1340253870437966
1340253957683902
1340254045222805
1340254132900654
1340254225087461
1340254312917824
1340254400965281
1340254489232657
1340254577213637
1340254664892832
1340254753099287
1340254842306134
1340254930739466
1340255017994417
1340255105061166
1340255192756017
1340255280691111
1340255368864910
1340255461201842
1340255548880274
1340255637579333
1340255724830075
1340255813140477
1340255900939870
1340255990042962
1340256078507277
1340256164809094
1340256252759942
1340256341208323
1340256429298269
1340256517601282
1340256605582893
1340256692962395
1340256782214000
1340256868935324
1340256956981982
1340257045119512
1340257132900377
1340257220879296
1340257308762164
1340257396883095
1340257485903718
1340257573646056
1340257661081905
1340257753313008
1340257841793316
1340257929235792
1340258017871161
1340258105260706
1340258192899537
1340258281188662
1340258369004818
1340258461150889
1340258549358868
1340258638704709
1340258724880572
1340258813126081
1340258900826272
1340258989533184
1340259076847985
1340259164796919
