1340214722708050
1340214723121210
1340214723556032
1340214723964962
1340214724408723
1340214724826741
1340214725241519
1340214725648411
1340214726054364
1340214726462093
1340214726873628
1340214727293954
1340214727711590
1340214728132619
1340214728553213
1340214728959038
1340214729363638
1340214729770282
1340214730180538
1340214730586550
1340214730993458
1340214731420690
1340214731823054
1340214732249888
1340214732680153
1340214733087149
1340214733494113
1340214733897967
1340214734305823
1340214734717236
1340214735123632
1340214735549927
1340214735954143
1340214736373746
1340214736788157
1340214737191183
1340214737593017
1340214738044156
1340214738499579
1340214738957797
1340214739437243
1340214739895551
1340214740382655
1340214740866251
1340214741328005
1340214741790363
1340214742251954
1340214742711304
1340214743170143
1340214743642664
1340214744124416
1340214744671580
1340214745235548
1340214745759136
1340214746276055
1340214746752145
1340214747230459
1340214747709272
1340214748197259
1340214748678296
1340214749158113
1340214749641699
1340214750121908
1340214750608826
1340214751086832
1340214751562801
1340214752049984
1340214752531943
1340214753012243
1340214753489066
1340214753967478
1340214754444626
1340214754928206
1340214755401396
1340214755872658
1340214756354979
1340214756825507
1340214757268818
1340214757709982
1340214758154537
1340214758599253
1340214759041343
1340214759481636
1340214759921025
1340214760370994
1340214760813863
1340214761262384
1340214761701979
1340214762143810
1340214762582725
1340214763027370
1340214763470990
1340214763913123
1340214764363726
1340214764798057
1340214765231313
1340214765660265
1340214766088508
1340214766520270
1340214766945051
