1340492294338188
1340492386832804
1340492481043967
1340492579543187
1340492671236937
1340492762901413
1340492850749029
1340492939068886
1340493033764044
1340493130258533
1340493218208227
1340493306493422
1340493394137106
1340493484729016
1340493576810619
1340493673674333
1340493772058566
1340493870551109
1340493969125123
1340494064849612
1340494162236958
1340494250293071
1340494342390666
1340494431914168
1340494529811682
1340494627311449
1340494714339301
1340494802148844
1340494897828554
1340494996337671
1340495097873841
1340495186230474
1340495274264543
1340495366289989
1340495455359378
1340495543042371
1340495638849014
1340495739500249
1340495837880243
1340495936316729
1340496033949035
1340496129160421
1340496218219071
1340496306145163
1340496394222660
1340496482223688
1340496579269609
1340496678843786
1340496774798867
1340496870742755
1340496972328786
1340497070823157
1340497166188234
1340497254244411
1340497342203725
1340497433083819
1340497526786719
1340497623540449
1340497718220010
1340497809860499
1340497902168496
1340497998867775
1340498093536041
1340498182262471
1340498270149893
1340498361272687
1340498456586616
1340498556131356
1340498655290022
1340498756495758
1340498854299966
1340498950839779
1340499045893323
1340499142242393
1340499230238165
1340499326801718
1340499418252787
1340499509437184
1340499605424731
1340499700833083
1340499797833361
1340499894242994
1340499990866285
1340500085413299
1340500174272722
1340500262808783
1340500359219922
1340500446908286
1340500542879218
1340500637826171
1340500732159867
1340500828121447
1340500925155224
1340501020718424
1340501123036497
1340501210281604
1340501298461599
1340501390174286
1340501479831148
1340501576892832
