1340583305280251
1340583393616740
1340583481301901
1340583569546297
1340583657403866
1340583745314173
1340583833238970
1340583921422650
1340584009393217
1340584097327673
1340584185245099
1340584273462202
1340584361296417
1340584449375251
1340584541431482
1340584629320102
1340584717328952
1340584805279817
1340584893365024
1340584981385025
1340585069331707
1340585157374861
1340585245305010
1340585333295622
1340585421448890
1340585509176445
1340585597305118
1340585685321448
1340585773338338
1340585861227133
1340585949272988
1340586037451330
1340586125324879
1340586213311672
1340586301328568
1340586389455325
1340586477271057
1340586565412712
1340586653329698
1340586741315221
1340586829313848
1340586917369602
1340587005320834
1340587093283978
1340587181341030
1340587269272382
1340587357299156
1340587445346243
1340587533126606
1340587621620391
1340587709287528
1340587797279014
1340587885186387
1340587973331395
1340588061336823
1340588149311682
1340588237341270
1340588325334134
1340588413408108
1340588501390409
1340588589274267
1340588677287987
1340588765265549
1340588854049957
1340588941462529
1340589029325428
1340589117367981
1340589205333448
1340589293310966
1340589381579278
1340589469347289
1340589557366456
1340589645409029
1340589733456076
1340589821302602
1340589909240485
1340589997317714
1340590085318744
1340590173235136
1340590261337467
1340590349306009
1340590437334033
1340590525139530
1340590613303312
1340590701283590
1340590789290397
1340590877302336
1340590969383950
1340591057342869
1340591145301396
1340591233350888
1340591321330925
1340591409418500
1340591497345413
1340591585310957
1340591673348217
1340591761333812
1340591849326053
1340591937250454
1340592025395225
