1340214722501626
1340214722918565
1340214723345335
1340214723762167
1340214724198815
1340214724623350
1340214725041209
1340214725445396
1340214725852573
1340214726258366
1340214726666187
1340214727084022
1340214727508548
1340214727915757
1340214728350349
1340214728755900
1340214729163076
1340214729568127
1340214729975768
1340214730384962
1340214730791110
1340214731218573
1340214731622493
1340214732036398
1340214732476987
1340214732884809
1340214733292321
1340214733697775
1340214734103858
1340214734511815
1340214734921269
1340214735347694
1340214735754106
1340214736172451
1340214736586701
1340214736991867
1340214737393414
1340214737818919
1340214738272211
1340214738730320
1340214739201302
1340214739668424
1340214740142614
1340214740636496
1340214741098775
1340214741560504
1340214742021919
1340214742483663
1340214742939657
1340214743413586
1340214743874078
1340214744385211
1340214744960751
1340214745492534
1340214746013146
1340214746509838
1340214746988483
1340214747467492
1340214747945838
1340214748437456
1340214748915394
1340214749395566
1340214749879468
1340214750365637
1340214750846081
1340214751320232
1340214751799525
1340214752288947
1340214752769839
1340214753249700
1340214753725316
1340214754202850
1340214754678818
1340214755155626
1340214755629516
1340214756107733
1340214756583235
1340214757038978
1340214757482097
1340214757924556
1340214758369660
1340214758811613
1340214759252009
1340214759693664
1340214760139436
1340214760583992
1340214761028634
1340214761474596
1340214761914058
1340214762353629
1340214762794633
1340214763243382
1340214763683192
1340214764132147
1340214764576047
1340214765012256
1340214765444022
1340214765870994
1340214766302519
1340214766728794
