1340539000109227
1340539089210833
1340539176674713
1340539264612414
1340539353365718
1340539441066943
1340539529212405
1340539616916358
1340539705973087
1340539797505833
1340539885731349
1340539973895811
1340540061631312
1340540148689210
1340540236706478
1340540325521480
1340540412883438
1340540500757763
1340540588781785
1340540676622888
1340540764674256
1340540852882838
1340540940646448
1340541029479117
1340541117002983
1340541204633906
1340541292725458
1340541380680105
1340541469225639
1340541556985648
1340541644916685
1340541732717431
1340541821277269
1340541908640471
1340541996923861
1340542085954280
1340542176670137
1340542264893672
1340542353470168
1340542441172035
1340542529171999
1340542617776074
1340542705764914
1340542797974465
1340542888679435
1340542976915302
1340543065590725
1340543152660032
1340543240738738
1340543332815897
1340543421136026
1340543508628356
1340543596847911
1340543685685149
1340543777930156
1340543869770115
1340543956788619
1340544045692962
1340544132715050
1340544220714532
1340544313395391
1340544400783726
1340544489427835
1340544577774192
1340544665598613
1340544753803488
1340544841667934
1340544928588409
1340545016704417
1340545105222564
1340545192690042
1340545280710859
1340545368624314
1340545457184775
1340545544700557
1340545632912258
1340545720761932
1340545808750785
1340545896798962
1340545985564991
1340546073614343
1340546160437808
1340546252772445
1340546341283913
1340546428906033
1340546516626680
1340546604908440
1340546693614791
1340546785459051
1340546873527982
1340546960859317
1340547048430469
1340547136704280
1340547224818444
1340547312669846
1340547400786756
1340547488792050
1340547576931539
1340547665489374
1340547753763589
