1340565654850790
1340565741134289
1340565828932054
1340565916955291
1340566004862076
1340566093391368
1340566180977568
1340566268898067
1340566356837149
1340566444816362
1340566532935603
1340566621250505
1340566708802593
1340566796883993
1340566884978294
1340566976697710
1340567068730887
1340567156873545
1340567244682241
1340567332648308
1340567420926025
1340567508924280
1340567596766796
1340567684981639
1340567773000925
1340567860890671
1340567948952963
1340568036880365
1340568124715162
1340568212675685
1340568300817470
1340568388931483
1340568476758832
1340568564704865
1340568652886346
1340568740829883
1340568828750120
1340568916830752
1340569004887974
1340569092907241
1340569180799211
1340569268829193
1340569356817905
1340569444797361
1340569532782147
1340569621196415
1340569708771719
1340569796758829
1340569884777743
1340569972822907
1340570060824276
1340570148807180
1340570236828777
1340570324810470
1340570412882866
1340570500678386
1340570588759935
1340570676945168
1340570764765308
1340570852833819
1340570940817133
1340571028898193
1340571116714646
1340571204917697
1340571292823042
1340571381041318
1340571468805239
1340571556690749
1340571644916857
1340571732790864
1340571820840319
1340571908800569
1340571996785621
1340572084942024
1340572172839656
1340572260829175
1340572348803407
1340572436794838
1340572524711993
1340572612769305
1340572700935835
1340572788815918
1340572876802064
1340572964824518
1340573052879049
1340573140807753
1340573228783273
1340573316777030
1340573404906739
1340573492825381
1340573580762871
1340573668764139
1340573756815670
1340573844816144
1340573932788258
1340574020836173
1340574108803800
1340574196859710
1340574284730231
1340574372792475
