1340556724718749
1340556813086628
1340556901996040
1340556994436015
1340557082126100
1340557172770321
1340557260840629
1340557349760669
1340557436821834
1340557525690304
1340557612816801
1340557701446061
1340557790234169
1340557880934037
1340557969342406
1340558057605029
1340558148781535
1340558236829338
1340558325815879
1340558412803027
1340558501072204
1340558589509149
1340558678047883
1340558770420429
1340558866476361
1340558954200635
1340559046270522
1340559132798821
1340559220795567
1340559309542781
1340559400958376
1340559489085205
1340559578039894
1340559665396873
1340559753841211
1340559846176892
1340559934451634
1340560025337694
1340560118426949
1340560204810255
1340560293847053
1340560384881798
1340560472591441
1340560561492732
1340560650154216
1340560742430040
1340560833969483
1340560921982069
1340561013474437
1340561106461689
1340561196782563
1340561284892657
1340561372867395
1340561462050738
1340561549137063
1340561637069112
1340561725016870
1340561814377179
1340561905980432
1340561998015929
1340562086201673
1340562172790274
1340562261398084
1340562349977435
1340562437483589
1340562524773954
1340562613464837
1340562706190238
1340562798001023
1340562890009957
1340562977047273
1340563066125328
1340563156789308
1340563245388191
1340563332780585
1340563425133739
1340563512923673
1340563601054944
1340563689591270
1340563776819324
1340563865243557
1340563954159657
1340564045826283
1340564132586702
1340564220827303
1340564309622135
1340564400794961
1340564492694092
1340564584682503
1340564673243694
1340564762032572
1340564849798506
1340564942456248
1340565028720530
1340565120729109
1340565208838612
1340565300978309
1340565388759582
1340565477206909
1340565564683214
