1340285877940874
1340285966697936
1340286054123857
1340286144843151
1340286233064254
1340286321046893
1340286409071316
1340286497386296
1340286585926859
1340286674447523
1340286761717310
1340286853089462
1340286941493145
1340287029603952
1340287122954555
1340287208927296
1340287297058090
1340287384987481
1340287477038497
1340287565529857
1340287653088831
1340287741541228
1340287829546669
1340287921752018
1340288009031338
1340288097664240
1340288184968725
1340288272903973
1340288365369343
1340288453903943
1340288543163379
1340288633309012
1340288721427994
1340288809775642
1340288897558278
1340288986352093
1340289073535084
1340289160924825
1340289249066083
1340289337419555
1340289425523795
1340289514355406
1340289601120998
1340289689298701
1340289778497458
1340289866927331
1340289953220822
1340290043042995
1340290129050762
1340290217027825
1340290305136811
1340290393385493
1340290482885425
1340290571167738
1340290662956440
1340290753037394
1340290842207860
1340290929187496
1340291017420132
1340291105286217
1340291192947519
1340291281032117
1340291373257926
1340291461014030
1340291550276448
1340291638176265
1340291731626425
1340291827044503
1340291919474531
1340292009039909
1340292097122265
1340292185050072
1340292273959187
1340292360900293
1340292449076840
1340292537756383
1340292625523004
1340292713021589
1340292802002535
1340292891308143
1340292985550734
1340293075174669
1340293161111338
1340293249250744
1340293337128957
1340293425526019
1340293513449449
1340293601447909
1340293690154390
1340293777114766
1340293865437021
1340293957059645
1340294047031878
1340294136963581
1340294224921304
1340294313270515
1340294401461729
1340294489113818
1340294577109565
1340294665122493
