1340276953193972
1340277041339057
1340277129040221
1340277217206233
1340277304986507
1340277393492935
1340277482608877
1340277571449405
1340277663183392
1340277753461997
1340277841050994
1340277929764883
1340278017793236
1340278105466419
1340278192971114
1340278281269783
1340278369031548
1340278457039683
1340278549737316
1340278637577770
1340278725592184
1340278814471098
1340278903492528
1340278997037948
1340279085079153
1340279173062593
1340279261055695
1340279349648080
1340279437417170
1340279525266517
1340279613433304
1340279702069249
1340279789381944
1340279878784402
1340279971416613
1340280063434022
1340280164829012
1340280253187094
1340280341003477
1340280429045577
1340280517865822
1340280605221915
1340280694369799
1340280789385683
1340280877849451
1340280965427319
1340281054795101
1340281140801489
1340281228947665
1340281317346972
1340281405115606
1340281493660575
1340281581680355
1340281669419498
1340281757202138
1340281845925918
1340281937028594
1340282025182894
1340282113063280
1340282200957844
1340282289669844
1340282377014628
1340282466113575
1340282555126449
1340282645513431
1340282733084399
1340282821202733
1340282909801041
1340282997105350
1340283086157328
1340283173025526
1340283261074365
1340283349400372
1340283437368065
1340283525884401
1340283615082437
1340283703131523
1340283793137012
1340283882066781
1340283969675490
1340284057565639
1340284144815052
1340284233037682
1340284325331188
1340284413434578
1340284501554548
1340284589468893
1340284683381504
1340284775064759
1340284862084104
1340284950821731
1340285036965481
1340285124952785
1340285212977086
1340285305214170
1340285393009473
1340285481631139
1340285569851599
1340285657533136
1340285745403097
