1340709261579725
1340709349533697
1340709437557821
1340709525513869
1340709613394826
1340709701517762
1340709789540267
1340709877540475
1340709965548556
1340710053575164
1340710141519990
1340710229668598
1340710317613099
1340710405567426
1340710493503112
1340710581533921
1340710669503195
1340710757615048
1340710845648304
1340710933593380
1340711021586386
1340711109475766
1340711197457857
1340711285676890
1340711373663508
1340711461512223
1340711549580559
1340711637675519
1340711725549299
1340711813623283
1340711901435887
1340711989470682
1340712077508085
1340712165510177
1340712253541701
1340712341446545
1340712429483583
1340712517550392
1340712605612575
1340712693438314
1340712781418656
1340712869515081
1340712957510254
1340713045560093
1340713138257481
1340713225519196
1340713313476802
1340713401605082
1340713489485255
1340713577529792
1340713665611496
1340713753629722
1340713841587116
1340713929560643
1340714017631417
1340714112205223
1340714201581786
1340714289601113
1340714377807230
1340714466532347
1340714557978798
1340714650135098
1340714750554340
1340714841572689
1340714929635412
1340715023937440
1340715126202360
1340715213641507
1340715303201102
1340715398230313
1340715494574162
1340715582203082
1340715670607512
1340715764833170
1340715857664912
1340715951989780
1340716042962910
1340716133615284
1340716225601120
1340716314561510
1340716401997925
1340716501445690
1340716591770343
1340716682104966
1340716775963240
1340716875432865
1340716968320113
1340717060192756
1340717149713615
1340717237662327
1340717326332595
1340717418513716
1340717511975810
1340717615438646
1340717701988390
1340717793877980
1340717882424019
1340717977583485
1340718066769476
1340718161626709
