1340673619569889
1340673714624601
1340673803198158
1340673897759829
1340673990852945
1340674086407542
1340674173388502
1340674261535051
1340674355354145
1340674441973730
1340674529486006
1340674621943995
1340674709549127
1340674801542991
1340674895379132
1340674989753447
1340675083381961
1340675169390260
1340675258115459
1340675350047609
1340675438849376
1340675533199781
1340675627399210
1340675721576918
1340675809502222
1340675901461857
1340675999904003
1340676093510697
1340676181441142
1340676269486144
1340676359078649
1340676450072835
1340676544219712
1340676634192552
1340676727370693
1340676818067269
1340676906381602
1340676998255081
1340677092785024
1340677181417939
1340677275102354
1340677365408877
1340677454804982
1340677546520248
1340677635466730
1340677725955670
1340677819621138
1340677913925604
1340678007667426
1340678094291342
1340678181431141
1340678269813521
1340678363901498
1340678454209595
1340678546498384
1340678634405345
1340678732363695
1340678822218904
1340678915467127
1340679006668603
1340679100387141
1340679189370622
1340679278209661
1340679369856126
1340679458813687
1340679546335242
1340679638306530
1340679729602686
1340679823649241
1340679913342961
1340680007640731
1340680099054045
1340680185391094
1340680273400175
1340680367963560
1340680459198428
1340680550661122
1340680637287589
1340680726985178
1340680814398852
1340680908060312
1340680998098031
1340681091901150
1340681181183502
1340681269360416
1340681357385735
1340681446051987
1340681534380159
1340681626234263
1340681715620173
1340681805299199
1340681894370781
1340681987314773
1340682074578599
1340682165514073
1340682253280488
1340682347622141
1340682437988643
1340682530993184
1340682618473747
