1340339125880610
1340339213406607
1340339301311020
1340339389348969
1340339477524046
1340339565267338
1340339653221278
1340339741319682
1340339829227030
1340339917275047
1340340005355891
1340340093367514
1340340185577806
1340340273416634
1340340361269577
1340340449383013
1340340537460695
1340340625366659
1340340713339319
1340340801275203
1340340889267766
1340340977254883
1340341065280304
1340341153252876
1340341241317845
1340341329266194
1340341417337418
1340341505396474
1340341593236063
1340341681291935
1340341769307100
1340341857358667
1340341945201183
1340342033325893
1340342121408345
1340342209228604
1340342297274265
1340342385425969
1340342473315364
1340342561427316
1340342649264655
1340342737122673
1340342825361912
1340342913369474
1340343001191213
1340343089355058
1340343177241163
1340343265181669
1340343353378416
1340343441243209
1340343529399392
1340343617248089
1340343705282210
1340343793181201
1340343881356475
1340343969260277
1340344057403069
1340344145403314
1340344233291663
1340344321361778
1340344409384247
1340344497253238
1340344585230057
1340344673259701
1340344761277287
1340344849331075
1340344937388988
1340345029344127
1340345121353627
1340345209267924
1340345297192952
1340345385348967
1340345473345397
1340345561252434
1340345649274537
1340345737291235
1340345825481643
1340345913266323
1340346001174305
1340346089387794
1340346177222742
1340346265297025
1340346353957540
1340346441274944
1340346529360378
1340346617355480
1340346705329318
1340346793246693
1340346881224750
1340346969240085
1340347057226172
1340347145393481
1340347233395263
1340347321400807
1340347409370496
1340347497386306
1340347585299799
1340347673300691
1340347761421781
1340347849321987
