1340259301074741
1340259388936511
1340259477067907
1340259565209238
1340259654664872
1340259742669053
1340259830967533
1340259917203941
1340260005862777
1340260094694350
1340260180786865
1340260268749320
1340260356702516
1340260448994772
1340260537140729
1340260626215074
1340260714964899
1340260802688015
1340260889691481
1340260977492860
1340261065245091
1340261152730378
1340261240904716
1340261329237079
1340261417117486
1340261505495602
1340261593663594
1340261681803441
1340261769048005
1340261857354944
1340261946676841
1340262034118527
1340262125522629
1340262212890238
1340262305242161
1340262392966862
1340262481303416
1340262569355750
1340262657226322
1340262745275879
1340262833160328
1340262921216612
1340263009240900
1340263098435602
1340263184858228
1340263273143521
1340263361684900
1340263448887815
1340263537118528
1340263624943221
1340263713339269
1340263800968194
1340263892799826
1340263981141900
1340264069201457
1340264160795893
1340264248841712
1340264338025049
1340264425588582
1340264513456102
1340264601996066
1340264688890595
1340264781368474
1340264869714601
1340264957243865
1340265045092259
1340265132938456
1340265220867990
1340265309409773
1340265397135591
1340265485328980
1340265574245662
1340265662999952
1340265750989492
1340265837220716
1340265925336119
1340266013272605
1340266101273522
1340266188845918
1340266276827149
1340266365395669
1340266453142568
1340266541430987
1340266630589587
1340266718988523
1340266807015608
1340266894971305
1340266982412294
1340267069281661
1340267156931429
1340267244886427
1340267333499557
1340267421121122
1340267509034792
1340267597589692
1340267685259041
1340267773675858
1340267862356654
1340267950997148
1340268037634378
