1340592156886029
1340592244843766
1340592332858512
1340592420943734
1340592508810297
1340592596824115
1340592684740684
1340592772829216
1340592860844440
1340592948785772
1340593036945970
1340593124888118
1340593212898684
1340593300964804
1340593388930584
1340593476837583
1340593564804298
1340593652898544
1340593740941721
1340593829968213
1340593923016664
1340594013215011
1340594102454633
1340594188952945
1340594277015909
1340594366087498
1340594453839224
1340594545938359
1340594638686630
1340594729589974
1340594822353434
1340594915337859
1340595009143648
1340595098699146
1340595184943729
1340595272957272
1340595360929847
1340595449843125
1340595541775104
1340595633848166
1340595722642345
1340595814730001
1340595906951039
1340595998492016
1340596085641357
1340596176820014
1340596269973224
1340596362632938
1340596450137097
1340596540723091
1340596629988494
1340596723292364
1340596818962525
1340596911127080
1340597002897557
1340597093786614
1340597180992991
1340597268950075
1340597358034004
1340597445592156
1340597536807450
1340597626300840
1340597714265468
1340597807059070
1340597898685959
1340597990969830
1340598077148483
1340598169058766
1340598256907120
1340598344966390
1340598432942212
1340598520899366
1340598608962762
1340598698418530
1340598790437986
1340598882449270
1340598968958199
1340599057066574
1340599145008895
1340599232976293
1340599325958615
1340599417457184
1340599506371363
1340599593867812
1340599681710466
1340599774721039
1340599861025321
1340599949305429
1340600038499225
1340600128990871
1340600217352137
1340600306098213
1340600392885402
1340600481260031
1340600569197029
1340600658673735
1340600751336100
1340600844879916
1340600933792326
1340601026136812
