1340773271266485
1340773365450616
1340773458047427
1340773558024514
1340773653215249
1340773746745953
1340773838106887
1340773931769534
1340774029985283
1340774117997706
1340774209814629
1340774298107184
1340774390114815
1340774486123240
1340774583679841
1340774679175925
1340774778174971
1340774875327878
1340774970102175
1340775063115729
1340775157968846
1340775246061268
1340775340769281
1340775430156106
1340775528350566
1340775624382266
1340775724950009
1340775820947866
1340775915981593
1340776012661541
1340776114377366
1340776201939277
1340776290345031
1340776382061119
1340776478350022
1340776573043831
1340776674256286
1340776771410473
1340776863433401
1340776959822339
1340777050346267
1340777146029839
1340777234910947
1340777329448554
1340777419500023
1340777517121317
1340777612544865
1340777708981787
1340777804060919
1340777898548272
1340777988521155
1340778086225588
1340778174016107
1340778262504205
1340778356203176
1340778446076203
1340778536151068
1340778634164419
1340778731883648
1340778830378837
1340778925079246
1340779021985235
1340779115890273
1340779210121921
1340779302010241
1340779394307765
1340779489143849
1340779579172355
1340779675514556
1340779763532036
1340779859059089
1340779946198231
1340780039820745
1340780138066775
1340780227143834
1340780317966284
1340780414221547
1340780506294187
1340780603940737
1340780699658665
1340780798132266
1340780892829556
1340780990551258
1340781087392118
1340781178026943
1340781271635658
1340781362758928
1340781456345140
1340781554652217
1340781651935276
1340781746288228
1340781838035706
1340781931628155
1340782028113913
1340782123661830
1340782210025894
1340782298054919
1340782386048362
1340782474102482
1340782568558086
