1340565654706447
1340565741042817
1340565828862159
1340565916867591
1340566004801839
1340566093287485
1340566180880574
1340566268819810
1340566356754253
1340566444751155
1340566532848173
1340566621155995
1340566708718634
1340566796798483
1340566884882397
1340566976638493
1340567068662400
1340567156812829
1340567244621675
1340567332589089
1340567420839147
1340567508863435
1340567596688990
1340567684874725
1340567772940335
1340567860820095
1340567948866515
1340568036793029
1340568124655137
1340568212619549
1340568300733047
1340568388870465
1340568476697699
1340568564648403
1340568652799315
1340568740745185
1340568828664047
1340568916770178
1340569004828132
1340569092821978
1340569180742514
1340569268745325
1340569356726283
1340569444731649
1340569532698811
1340569621136348
1340569708714265
1340569796694260
1340569884694732
1340569972748518
1340570060738923
1340570148750227
1340570236772132
1340570324727525
1340570412813764
1340570500595757
1340570588686794
1340570676858589
1340570764708834
1340570852751031
1340570940752986
1340571028812277
1340571116658063
1340571204829838
1340571292739086
1340571380982491
1340571468720495
1340571556616761
1340571644829229
1340571732723847
1340571820757279
1340571908717377
1340571996703191
1340572084867099
1340572172782885
1340572260772828
1340572348720273
1340572436719971
1340572524638121
1340572612704560
1340572700858611
1340572788730036
1340572876719038
1340572964741632
1340573052784146
1340573140750899
1340573228698927
1340573316693971
1340573404819204
1340573492740646
1340573580697868
1340573668678697
1340573756731855
1340573844732677
1340573932705394
1340574020768984
1340574108744454
1340574196785861
1340574284673382
1340574372724343
