1340547929129487
1340548017645661
1340548105915689
1340548192716408
1340548280673123
1340548368625797
1340548457546529
1340548549285256
1340548641402878
1340548728735999
1340548820873629
1340548909896943
1340548997030959
1340549088809745
1340549176572731
1340549264750900
1340549353097237
1340549441012773
1340549528766108
1340549616973694
1340549705666944
1340549793243205
1340549884978326
1340549972783729
1340550060774316
1340550148693335
1340550237104406
1340550324901716
1340550412952590
1340550500713751
1340550592994239
1340550681755617
1340550774114946
1340550868612461
1340550956738273
1340551045367470
1340551132690016
1340551220682262
1340551308539191
1340551396753002
1340551485392234
1340551572890016
1340551661270382
1340551750124311
1340551840757828
1340551928954417
1340552017394149
1340552106194502
1340552192702755
1340552280712660
1340552369237648
1340552456731588
1340552545068566
1340552633771371
1340552721929196
1340552813047719
1340552901755173
1340552990239630
1340553081825478
1340553172628694
1340553260690996
1340553348689096
1340553437074865
1340553524844755
1340553612672186
1340553704946427
1340553793676973
1340553884757081
1340553973784071
1340554061752428
1340554152720250
1340554240700768
1340554329008927
1340554416982470
1340554505422837
1340554593906075
1340554681453452
1340554773744733
1340554861916672
1340554949910089
1340555037412692
1340555125661681
1340555212707625
1340555305473667
1340555392860772
1340555481565489
1340555569400180
1340555657318726
1340555746208355
1340555833931313
1340555921612538
1340556013497209
1340556106180537
1340556192576912
1340556280737403
1340556369554537
1340556457136541
1340556545158973
1340556633902473
1340556722137286
