1340529950465976
1340529951139141
1340529951813892
1340529952582326
1340529953261955
1340529953953641
1340529954707786
1340529955573588
1340529956791176
1340529957499882
1340529958314178
1340529958989667
1340529960911554
1340529963432073
1340529964100074
1340529964862014
1340529965644977
1340529966297130
1340529966998233
1340529968402096
1340529969128330
1340529969807970
1340529970412096
1340529971063969
1340529971682440
1340529972319137
1340529972988108
1340529973685233
1340529974358946
1340529975153539
1340529975806723
1340529976557390
1340529977317000
1340529978057405
1340529978692204
1340529979346724
1340529979992729
1340529980695574
1340529981389105
1340529982043016
1340529982746208
1340529983522739
1340529984165781
1340529984809692
1340529985482439
1340529986193591
1340529986933855
1340529987626595
1340529988251977
1340529988886143
1340529989570600
1340529990275114
1340529991038415
1340529991800573
1340529994165776
1340529994885996
1340529995609815
1340529996319239
1340529997159485
1340530000750747
1340530001553041
1340530002379023
1340530003119170
1340530003832879
1340530004559541
1340530005290160
1340530005972137
1340530007281677
1340530008654767
1340530009422420
1340530010067640
1340530011979920
1340530012918184
1340530013598804
1340530014221206
1340530014999688
1340530015762917
1340530016550283
1340530017298681
1340530018013769
1340530018725599
1340530019413060
1340530020158070
1340530020814112
1340530021471298
1340530022118498
1340530022734676
1340530023327706
1340530023989152
1340530024665469
1340530025320931
1340530026036698
1340530026704515
1340530027677817
1340530028379005
1340530029099083
1340530029727004
1340530036210877
1340530037049170
1340530037821145
