1340276997268202
1340277085677003
1340277173000313
1340277260969016
1340277349427231
1340277438068893
1340277527062683
1340277618506509
1340277708975133
1340277798056247
1340277885392242
1340277973432992
1340278061090519
1340278148978537
1340278237007113
1340278325019250
1340278413252150
1340278500807088
1340278593447565
1340278682662842
1340278770056268
1340278859084778
1340278951394389
1340279041310168
1340279129009202
1340279217477100
1340279305070286
1340279393279312
1340279481444999
1340279569671319
1340279657197935
1340279745221945
1340279834056807
1340279923428969
1340280018591348
1340280122194133
1340280208929980
1340280296938878
1340280385170611
1340280473312002
1340280561475307
1340280649664580
1340280741041361
1340280833256519
1340280920957129
1340281009809751
1340281098723448
1340281184926274
1340281273314775
1340281361961202
1340281449658373
1340281537357621
1340281625984713
1340281714022608
1340281801084523
1340281893796442
1340281981365071
1340282069705089
1340282157020362
1340282245348080
1340282334271359
1340282421211493
1340282510817009
1340282601073102
1340282689596730
1340282777270080
1340282865722158
1340282954025952
1340283042167927
1340283128968940
1340283217627139
1340283305074675
1340283393210254
1340283481628262
1340283570999281
1340283659149849
1340283747427534
1340283837649188
1340283925087344
1340284013468218
1340284101398792
1340284188927078
1340284277029442
1340284369393315
1340284457694121
1340284545378738
1340284634242803
1340284730915205
1340284817310066
1340284906017113
1340284995076754
1340285081375818
1340285169031597
1340285261052253
1340285349044629
1340285437758992
1340285525591662
1340285613901235
1340285702226241
1340285789276191
