1340718206803082
1340718300522108
1340718390826336
1340718484127744
1340718580625512
1340718676109500
1340718770831770
1340718863307815
1340718951097312
1340719044429598
1340719134936087
1340719222827706
1340719315044244
1340719403847374
1340719497841595
1340719594941740
1340719682968476
1340719770996994
1340719858870949
1340719954963513
1340720044809769
1340720134860167
1340720222847636
1340720314871490
1340720403339011
1340720496328748
1340720589796454
1340720682352039
1340720774721200
1340720867539177
1340720959570594
1340721055064562
1340721146844303
1340721234713929
1340721323365360
1340721412325343
1340721507033531
1340721601589209
1340721700943859
1340721794849983
1340721886107410
1340721978826714
1340722072540307
1340722162907120
1340722250826662
1340722338883847
1340722427999161
1340722523159949
1340722613096735
1340722706730760
1340722795283568
1340722883321341
1340722974276602
1340723063173173
1340723150862408
1340723238855280
1340723326942301
1340723417524357
1340723508807411
1340723599939888
1340723700637059
1340723795155421
1340723887874824
1340723984593401
1340724084052600
1340724174823026
1340724262960568
1340724354885981
1340724444642165
1340724535310095
1340724629841718
1340724725359284
1340724816661005
1340724908777368
1340725001172909
1340725092855287
1340725182840901
1340725273350159
1340725367292726
1340725456179275
1340725550530632
1340725640717783
1340725738052983
1340725830976145
1340725923329171
1340726013246883
1340726104676127
1340726194857544
1340726282902441
1340726374702641
1340726466852927
1340726554923304
1340726642777799
1340726730807289
1340726822894111
1340726910799894
1340727000978945
1340727090829244
1340727178880249
1340727266817741
