1340529859384402
1340529859805299
1340529860147145
1340529860527564
1340529860865059
1340529861184927
1340529861487315
1340529861827425
1340529862133162
1340529862440792
1340529862742838
1340529863083807
1340529863514145
1340529863872159
1340529864170334
1340529864441092
1340529864702180
1340529864956711
1340529865248003
1340529865520986
1340529865798560
1340529866068776
1340529866339419
1340529866630910
1340529866935622
1340529867214741
1340529867495260
1340529867770214
1340529868053603
1340529868326934
1340529868598991
1340529868901021
1340529870798114
1340529871183682
1340529871551607
1340529871872978
1340529872139697
1340529872391081
1340529872639851
1340529872921671
1340529873169492
1340529873418241
1340529873666427
1340529873921421
1340529874172635
1340529874420197
1340529874667628
1340529874955872
1340529875359526
1340529875704862
1340529875972102
1340529876261609
1340529876522593
1340529876812684
1340529877095651
1340529877338308
1340529877580562
1340529877856196
1340529878098488
1340529878342739
1340529878589342
1340529878847934
1340529879164050
1340529879423896
1340529879713086
1340529879995504
1340529880258961
1340529880518482
1340529880805331
1340529881047098
1340529881381276
1340529881677113
1340529881959074
1340529882235515
1340529882547187
1340529882825659
1340529883106089
1340529883387175
1340529883661048
1340529883936400
1340529884285920
1340529884561546
1340529884872439
1340529885139347
1340529885511391
1340529885832374
1340529886135045
1340529886419019
1340529886697185
1340529886948934
1340529887223868
1340529887618020
1340529887901577
1340529888239986
1340529888577831
1340529888918936
1340529889233323
1340529889520612
1340529889811129
1340529890089410
