1340214722914345
1340214723343315
1340214723760299
1340214724196896
1340214724621571
1340214725039404
1340214725443601
1340214725850833
1340214726256573
1340214726664443
1340214727075338
1340214727506785
1340214727913972
1340214728348586
1340214728754091
1340214729161330
1340214729566347
1340214729973965
1340214730383141
1340214730789322
1340214731216748
1340214731620730
1340214732034476
1340214732475142
1340214732883008
1340214733290533
1340214733696004
1340214734100451
1340214734510065
1340214734919532
1340214735345872
1340214735752299
1340214736170639
1340214736584966
1340214736990080
1340214737391612
1340214737816889
1340214738270308
1340214738728373
1340214739199196
1340214739666362
1340214740140524
1340214740634354
1340214741096801
1340214741554708
1340214742019873
1340214742481667
1340214742937661
1340214743411581
1340214743872006
1340214744382990
1340214744958594
1340214745490426
1340214746010992
1340214746507698
1340214746986370
1340214747465385
1340214747943650
1340214748435277
1340214748913268
1340214749393423
1340214749873324
1340214750363498
1340214750843934
1340214751318139
1340214751797331
1340214752286777
1340214752767706
1340214753247640
1340214753723176
1340214754200758
1340214754676602
1340214755153374
1340214755627308
1340214756105496
1340214756581053
1340214757036966
1340214757478161
1340214757918787
1340214758367617
1340214758809584
1340214759249970
1340214759691626
1340214760137459
1340214760581972
1340214761026546
1340214761472587
1340214761912010
1340214762351614
1340214762792533
1340214763241405
1340214763681109
1340214764130085
1340214764573991
1340214765008532
1340214765438758
1340214765869133
1340214766300697
1340214766726968
1340214767153434
