1340601074512473
1340601165598294
1340601254572654
1340601345254216
1340601434115249
1340601524200493
1340601617777574
1340601707257668
1340601797732943
1340601888942025
1340601980970239
1340602073667144
1340602161634444
1340602258608284
1340602348764199
1340602438893830
1340602528422048
1340602620719890
1340602709659827
1340602799368718
1340602889815319
1340602981290144
1340603072553493
1340603165685913
1340603253849514
1340603342040743
1340603431718952
1340603527541332
1340603614522788
1340603703566029
1340603798497668
1340603889661919
1340603980836598
1340604073151471
1340604165579295
1340604253721803
1340604343330465
1340604430828386
1340604521230329
1340604611572051
1340604704958676
1340604797366124
1340604893901001
1340604983981965
1340605077213513
1340605165609738
1340605253664905
1340605342553887
1340605430915055
1340605524179540
1340605617432273
1340605707234731
1340605797135035
1340605893801026
1340605982761885
1340606069720584
1340606157436154
1340606245594564
1340606338690011
1340606433443213
1340606521805904
1340606609697056
1340606699543875
1340606793268400
1340606884142108
1340606975774520
1340607065784233
1340607153683413
1340607243093571
1340607330212321
1340607418305207
1340607509253358
1340607599174630
1340607687030240
1340607776129057
1340607868762429
1340607959772159
1340608051080195
1340608137604519
1340608225611113
1340608314044065
1340608402159422
1340608492060944
1340608581951159
1340608673062084
1340608773099725
1340608861706114
1340608954881885
1340609049868976
1340609137503152
1340609225785326
1340609313562023
1340609401635337
1340609490860748
1340609578819394
1340609666312826
1340609757117571
1340609846185821
1340609937597025
1340610025442360
