1340592069534668
1340592156922437
1340592244878968
1340592332888801
1340592420974909
1340592508840776
1340592596853652
1340592684770767
1340592772859079
1340592860874290
1340592948816270
1340593036977416
1340593124918892
1340593212941701
1340593300996275
1340593388961944
1340593476867847
1340593564835205
1340593652942527
1340593740982296
1340593830023069
1340593923098919
1340594013244481
1340594102522832
1340594189003196
1340594277047706
1340594366145539
1340594453890760
1340594545996262
1340594638761333
1340594729630393
1340594822421059
1340594915435582
1340595009169172
1340595098767386
1340595184975776
1340595273001691
1340595360968816
1340595449894503
1340595541829218
1340595633879897
1340595722717898
1340595814804812
1340595907032991
1340595998560151
1340596085685771
1340596176842485
1340596270031635
1340596362710841
1340596450195321
1340596540769531
1340596630055624
1340596723385312
1340596819046148
1340596911202135
1340597002959359
1340597093832352
1340597181024970
1340597268995563
1340597358087707
1340597445633035
1340597536839321
1340597626363536
1340597714338702
1340597807151441
1340597898760666
1340597991051813
1340598077173692
1340598169093733
1340598256939563
1340598345010722
1340598432974326
1340598520944911
1340598608994319
1340598698486956
1340598790505668
1340598882528043
1340598968989872
1340599057098589
1340599145053528
1340599233007969
1340599326018817
1340599417496697
1340599506439292
1340599593918237
1340599681754890
1340599774795959
1340599861053023
1340599949340124
1340600038584434
1340600129022209
1340600217385291
1340600306159825
1340600392908346
1340600481293428
1340600569227842
1340600658747551
1340600751430261
1340600844902896
1340600933839276
