1340718250367687
1340718346570577
1340718434273222
1340718533627781
1340718626125501
1340718722717971
1340718818755324
1340718905747147
1340718995825672
1340719089600957
1340719177628274
1340719265797107
1340719358762583
1340719450606127
1340719544974524
1340719637655972
1340719727467768
1340719813667707
1340719902119367
1340719997738492
1340720090085128
1340720177610843
1340720265769175
1340720357775157
1340720446926531
1340720541735916
1340720634411017
1340720725758289
1340720819824025
1340720910081388
1340721004969398
1340721102976416
1340721189495318
1340721277453397
1340721366367683
1340721458617948
1340721552925916
1340721650814936
1340721750057785
1340721838316572
1340721932666441
1340722023040059
1340722119332905
1340722205669690
1340722293434735
1340722381883237
1340722475325281
1340722565932231
1340722660510934
1340722750573137
1340722838846743
1340722925939543
1340723019128915
1340723106829288
1340723193703802
1340723282657152
1340723370525650
1340723461709255
1340723553942673
1340723647508425
1340723748457723
1340723838809053
1340723936996486
1340724036505245
1340724129747602
1340724217656127
1340724307855585
1340724398295866
1340724490169405
1340724580103327
1340724676872389
1340724770592326
1340724861620992
1340724954561120
1340725045632150
1340725137649653
1340725225671395
1340725320189180
1340725409821256
1340725502608583
1340725593711242
1340725688761678
1340725781848696
1340725877310046
1340725966866758
1340726057672322
1340726149654397
1340726237613096
1340726329862111
1340726421640543
1340726509604369
1340726597675464
1340726685639292
1340726777717924
1340726865881185
1340726953669060
1340727045728114
1340727133688506
1340727221651432
1340727309686948
