1340482995405324
1340483095324906
1340483186163356
1340483275605639
1340483367382461
1340483459513113
1340483551714947
1340483645952622
1340483742680280
1340483835055990
1340483930140784
1340484022181400
1340484118646235
1340484206265633
1340484294174239
1340484382798496
1340484474785755
1340484570127255
1340484661327507
1340484760464942
1340484860103604
1340484959310915
1340485054542921
1340485146218546
1340485234146604
1340485323380322
1340485414846252
1340485507867911
1340485607371659
1340485703312355
1340485806002667
1340485905946466
1340486002446529
1340486096697646
1340486190111200
1340486278989182
1340486370415269
1340486460296351
1340486558005243
1340486652462371
1340486756730208
1340486859361137
1340486957219238
1340487053705989
1340487146115996
1340487248897552
1340487344193225
1340487440843346
1340487530936646
1340487622187570
1340487714565724
1340487813046504
1340487913673242
1340488008375623
1340488106141568
1340488194229047
1340488282189002
1340488370431341
1340488465429644
1340488561297841
1340488656814082
1340488755276911
1340488855332744
1340488951398394
1340489042597765
1340489130186360
1340489218217001
1340489306528895
1340489394150342
1340489483558853
1340489581160973
1340489670859540
1340489762059789
1340489854215214
1340489942580944
1340490030084911
1340490118095886
1340490210135533
1340490298171304
1340490390325071
1340490482186284
1340490574149927
1340490662152548
1340490750140553
1340490838207206
1340490926309755
1340491018555808
1340491106146477
1340491194298750
1340491282127387
1340491370244068
1340491458681126
1340491551119736
1340491638960034
1340491734122730
1340491830441532
1340491924943005
1340492021380008
1340492117952940
1340492206194253
