1340339213393845
1340339301304175
1340339389341459
1340339477516574
1340339565262006
1340339653215184
1340339741312690
1340339829220805
1340339917269659
1340340005347352
1340340093360200
1340340185570760
1340340273406761
1340340361256493
1340340449375775
1340340537453254
1340340625360044
1340340713332043
1340340801268013
1340340889261044
1340340977249851
1340341065273100
1340341153245446
1340341241310506
1340341329259338
1340341417330261
1340341505388710
1340341593228912
1340341681284119
1340341769296668
1340341857351501
1340341945193991
1340342033318493
1340342121400572
1340342209222120
1340342297268062
1340342385419556
1340342473308299
1340342561419578
1340342649258191
1340342737112541
1340342825353678
1340342913361498
1340343001182650
1340343089348946
1340343177235362
1340343265172119
1340343353370718
1340343441234581
1340343529392062
1340343617241220
1340343705274887
1340343793174411
1340343881347362
1340343969253526
1340344057395880
1340344145395357
1340344233284616
1340344321354634
1340344409376735
1340344497247932
1340344585224316
1340344673244972
1340344761268104
1340344849324064
1340344937381368
1340345029336878
1340345121346227
1340345209261169
1340345297186023
1340345385341762
1340345473338419
1340345561244996
1340345649268725
1340345737285867
1340345825473280
1340345913260378
1340346001158028
1340346089380370
1340346177215395
1340346265286939
1340346353947339
1340346441267736
1340346529353584
1340346617348397
1340346705321736
1340346793241417
1340346881217245
1340346969234734
1340347057217711
1340347145385953
1340347233387486
1340347321392539
1340347409363695
1340347497379348
1340347585292835
1340347673293839
1340347761410939
1340347849315221
1340347937219058
