1340285833412821
1340285921948503
1340286009717183
1340286102704983
1340286188980672
1340286276852569
1340286364980293
1340286453022391
1340286541248662
1340286629587183
1340286717044940
1340286805071579
1340286897618982
1340286984963723
1340287073991953
1340287164950581
1340287253450938
1340287341433654
1340287429518308
1340287521105877
1340287610003145
1340287697004998
1340287786041562
1340287877214093
1340287965338284
1340288053601354
1340288141046097
1340288228976753
1340288316953973
1340288409350354
1340288498931368
1340288587659979
1340288677719871
1340288765330597
1340288853527331
1340288941730590
1340289029617706
1340289117475124
1340289205097458
1340289292941472
1340289381142994
1340289469453212
1340289558260670
1340289645202322
1340289734374866
1340289822909491
1340289909085018
1340289997706194
1340290085527883
1340290173068739
1340290261063257
1340290350056742
1340290437857288
1340290526882079
1340290615296730
1340290707591295
1340290797455597
1340290884994822
1340290973764696
1340291062137364
1340291149071910
1340291237008710
1340291325107187
1340291417410007
1340291505828671
1340291594899766
1340291683685735
1340291779255186
1340291871618911
1340291965170494
1340292053307856
1340292141082743
1340292228938955
1340292317336469
1340292405686028
1340292493321728
1340292581068035
1340292669417874
1340292757385855
1340292846706507
1340292939404794
1340293030692481
1340293118462620
1340293205563729
1340293293128508
1340293381728342
1340293470329499
1340293557079952
1340293645299772
1340293733673541
1340293821790191
1340293913102998
1340294001535800
1340294091577890
1340294180973088
1340294268937656
1340294357123252
1340294445208642
1340294533058998
1340294621389338
