1340691558436429
1340691646533821
1340691734669489
1340691822697631
1340691910619084
1340691998526253
1340692086539079
1340692174516121
1340692265329067
1340692354607210
1340692442583756
1340692530537596
1340692618497838
1340692706688826
1340692794476760
1340692882539836
1340692970503610
1340693058530687
1340693146569659
1340693234632919
1340693322444742
1340693410644535
1340693498530217
1340693586610974
1340693674486995
1340693762709006
1340693850598771
1340693938657998
1340694026616299
1340694114700214
1340694202525754
1340694290736317
1340694378651531
1340694466655412
1340694554552522
1340694642685906
1340694730576696
1340694818592105
1340694906625576
1340694994825735
1340695082524321
1340695170472630
1340695258591361
1340695346745805
1340695434853057
1340695522595998
1340695610438992
1340695698529886
1340695786520574
1340695874599609
1340695962521267
1340696050561440
1340696138636156
1340696226526464
1340696314627417
1340696402697430
1340696490616889
1340696578681116
1340696666568971
1340696754548127
1340696842699991
1340696930567954
1340697018758760
1340697107899513
1340697198616087
1340697286573212
1340697374603867
1340697462553561
1340697550608558
1340697638532631
1340697726622970
1340697814511876
1340697902577281
1340697990836369
1340698078599681
1340698166710649
1340698254517619
1340698342626018
1340698434640706
1340698522536590
1340698610442934
1340698698502442
1340698786709342
1340698874629986
1340698962665044
1340699050541496
1340699138469377
1340699230778321
1340699318676412
1340699406551395
1340699494678718
1340699582518819
1340699670679792
1340699758567935
1340699846694333
1340699934621959
1340700022511248
1340700110587050
1340700202608882
1340700290523706
