1340848286436406
1340848382663070
1340848475837775
1340848580208194
1340848679738944
1340848774516933
1340848869866979
1340848962683679
1340849061763601
1340849154459316
1340849246962398
1340849339181840
1340849431360445
1340849524829532
1340849626388634
1340849725288773
1340849822636271
1340849922396259
1340850015958955
1340850121006939
1340850214369118
1340850312698596
1340850406396560
1340850499404211
1340850592196706
1340850696063780
1340850793340887
1340850891724270
1340850991940741
1340851090750389
1340851182396157
1340851275015117
1340851372070420
1340851467712867
1340851566665541
1340851659955566
1340851760926993
1340851855970430
1340851959647654
1340852057452900
1340852154484460
1340852253829351
1340852354723626
1340852449645917
1340852551275039
1340852651165361
1340852747499862
1340852848216008
1340852944181459
1340853044865447
1340853138361338
1340853232690014
1340853329757292
1340853422942399
1340853523781372
1340853618628694
1340853715452118
1340853811005163
1340853911977740
1340854013165272
1340854114635143
1340854206407705
1340854298382945
1340854390361381
1340854490416534
1340854584521508
1340854683723116
1340854781735364
1340854878469759
1340854973797849
1340855071396917
1340855170348429
1340855262419457
1340855361653819
1340855456381107
1340855563060887
1340855662223426
1340855762507338
1340855861202991
1340855959219418
1340856053797244
1340856154374909
1340856250757289
1340856346762586
1340856438567328
1340856531869135
1340856632534868
1340856727638441
1340856830662170
1340856925714994
1340857030800285
1340857127245741
1340857218366720
1340857310376920
1340857406332761
1340857503859981
1340857603273302
1340857698322633
1340857794724227
1340857891678475
