1340534537347921
1340534582599263
1340534627741018
1340534675299150
1340534720029788
1340534767425770
1340534813377980
1340534857395501
1340534901419170
1340534945475906
1340534989382179
1340535033714215
1340535077645090
1340535121409113
1340535165376248
1340535209352377
1340535253326219
1340535297301018
1340535345932789
1340535389409571
1340535433437012
1340535477829602
1340535521999752
1340535565368790
1340535610504479
1340535653940960
1340535697079909
1340535742481830
1340535788118339
1340535836347450
1340535883247721
1340535927622196
1340535974842182
1340536019387989
1340536065563829
1340536109963058
1340536153337291
1340536197372920
1340536241347434
1340536285297359
1340536329306497
1340536373226633
1340536418459541
1340536463886666
1340536509329723
1340536554228681
1340536599180656
1340536641899116
1340536687832828
1340536733329411
1340536778039035
1340536822699275
1340536867830199
1340536913432903
1340536958224883
1340537007566908
1340537049956958
1340537093076806
1340537137383902
1340537181346311
1340537225319517
1340537270675933
1340537316296742
1340537364553433
1340537409742302
1340537454537392
1340537498994365
1340537543862780
1340537589989533
1340537633627195
1340537678464522
1340537723415597
1340537770380123
1340537813840935
1340537857735793
1340537901366207
1340537945758244
1340537990112783
1340538034241692
1340538077155700
1340538121326010
1340538165292741
1340538209418581
1340538253337021
1340538297586533
1340538342888716
1340538385676030
1340538430158903
1340538474778471
1340538519528666
1340538567906320
1340538614792587
1340538659722354
1340538708188091
1340538756594728
1340538804709902
1340538851571197
1340538900135165
1340538947775158
1340538996534493
