1340312546405105
1340312634438090
1340312721713943
1340312810608008
1340312897860315
1340312985769637
1340313073181568
1340313161202015
1340313251564590
1340313341373478
1340313429267001
1340313519510297
1340313609794240
1340313697115173
1340313785243416
1340313873637915
1340313962170497
1340314049261958
1340314137258330
1340314225282944
1340314317831682
1340314405573371
1340314495170179
1340314588268796
1340314679087041
1340314769660897
1340314858029244
1340314945157951
1340315035306119
1340315121221351
1340315209096659
1340315297307184
1340315385266411
1340315473258155
1340315562512103
1340315655489419
1340315751463660
1340315847466968
1340315944331873
1340316035056237
1340316125238183
1340316213201498
1340316301105975
1340316389454178
1340316477641780
1340316565831846
1340316657393450
1340316745862619
1340316835861212
1340316932337004
1340317026869968
1340317118647340
1340317205214333
1340317293180298
1340317385247418
1340317474202841
1340317561721264
1340317649264559
1340317737628246
1340317830103411
1340317921654192
1340318010044440
1340318097669211
1340318185124679
1340318273717048
1340318361906497
1340318454508022
1340318541618033
1340318629532866
1340318717794263
1340318805648907
1340318893925628
1340318982044979
1340319073577740
1340319165068092
1340319259782532
1340319353752849
1340319442777400
1340319533264290
1340319621895486
1340319709790243
1340319797918942
1340319885230542
1340319973242591
1340320066026630
1340320157227898
1340320245765350
1340320334620414
1340320425256217
1340320515508510
1340320611850394
1340320707508511
1340320801333162
1340320889971324
1340320977201181
1340321065228250
1340321153166878
1340321241210479
1340321329464905
1340321417751808
