1340411056158575
1340411145835821
1340411233760273
1340411323387700
1340411410036716
1340411501864268
1340411597839472
1340411689952769
1340411777758804
1340411870534911
1340411959053084
1340412046479677
1340412133809098
1340412225787206
1340412316177927
1340412410511238
1340412497851535
1340412587158875
1340412673803791
1340412762518219
1340412850846049
1340412946804278
1340413036051055
1340413130171031
1340413217793966
1340413305779138
1340413397672486
1340413490230146
1340413577902386
1340413666222461
1340413753877322
1340413843519503
1340413938860656
1340414030217828
1340414118304448
1340414207362378
1340414295926802
1340414385630219
1340414475109643
1340414569166976
1340414659121352
1340414754409630
1340414841946444
1340414931494758
1340415018341879
1340415107763097
1340415197805378
1340415285776274
1340415374115108
1340415462334047
1340415549824352
1340415637826745
1340415727759904
1340415822734177
1340415912536774
1340416005711919
1340416094645210
1340416181739914
1340416272172576
1340416368538819
1340416461646956
1340416557362682
1340416646533662
1340416738438931
1340416826702765
1340416914575219
1340417005697620
1340417094798587
1340417181768641
1340417269861188
1340417358317103
1340417446029954
1340417542192433
1340417636493558
1340417733796360
1340417829896297
1340417918992901
1340418006209293
1340418093842303
1340418181741404
1340418270826107
1340418361746790
1340418451099357
1340418537846271
1340418630938876
1340418718834870
1340418814511166
1340418907545323
1340419003489680
1340419093602724
1340419181768373
1340419270346761
1340419359914609
1340419450032980
1340419540414952
1340419629776806
1340419718878803
1340419810722869
1340419900395283
1340419998287954
