1340763979125896
1340764067938685
1340764165998531
1340764259067559
1340764356346570
1340764450747301
1340764545937416
1340764640685798
1340764734018479
1340764827727272
1340764926242222
1340765018986043
1340765113893195
1340765201884579
1340765289907737
1340765378046140
1340765471058865
1340765568432793
1340765662997662
1340765759129653
1340765850372641
1340765946401021
1340766035263169
1340766125931029
1340766213944676
1340766303083896
1340766390879534
1340766480571589
1340766571292770
1340766667671268
1340766758158814
1340766854195475
1340766942466696
1340767041246521
1340767133982788
1340767223091241
1340767311221078
1340767406327576
1340767500147494
1340767600130996
1340767696913042
1340767798172429
1340767892543249
1340767994000384
1340768093963312
1340768181892709
1340768277426962
1340768374746764
1340768469743592
1340768558741131
1340768655288714
1340768746367478
1340768841007882
1340768935250954
1340769036827830
1340769129894564
1340769221937847
1340769320118733
1340769413895123
1340769508875576
1340769610248985
1340769704407341
1340769802425891
1340769897314251
1340769994212286
1340770088240534
1340770177961241
1340770265888027
1340770353884312
1340770444512157
1340770538245329
1340770636841462
1340770727071542
1340770823058833
1340770910892218
1340771009186154
1340771103641825
1340771193908057
1340771281962469
1340771378597396
1340771472606174
1340771573720134
1340771668462292
1340771769939605
1340771867039365
1340771962275167
1340772056682452
1340772158081071
1340772246408562
1340772343280158
1340772433950224
1340772526146331
1340772621697874
1340772711037132
1340772810915512
1340772899380441
1340772995742517
1340773092214619
1340773181991783
1340773270452999
