1340339169363411
1340339257368378
1340339345331158
1340339433354608
1340339521264406
1340339609232692
1340339697245189
1340339785269087
1340339873268139
1340339961375547
1340340049418624
1340340141411694
1340340229413767
1340340317175212
1340340405412584
1340340493244326
1340340581347774
1340340669381487
1340340757371205
1340340845351920
1340340933263629
1340341021333786
1340341109272453
1340341197259234
1340341285344537
1340341373370337
1340341461251858
1340341549549585
1340341637417435
1340341725371845
1340341813355806
1340341901389531
1340341989230107
1340342077282905
1340342165280330
1340342253274552
1340342341387786
1340342429467846
1340342517356698
1340342605248361
1340342693407489
1340342781279439
1340342869311686
1340342957521971
1340343045378698
1340343133219706
1340343221363911
1340343309276693
1340343397366498
1340343485257081
1340343573346838
1340343661388552
1340343749254153
1340343837291798
1340343925379570
1340344013539878
1340344101358390
1340344189187208
1340344277341362
1340344365355921
1340344453281918
1340344541257027
1340344629301885
1340344717390117
1340344805277159
1340344893384949
1340344986771175
1340345073245665
1340345165426910
1340345253393026
1340345341398066
1340345429347365
1340345517411223
1340345605265544
1340345693295131
1340345781276182
1340345869228134
1340345957341772
1340346045404377
1340346133385746
1340346221309289
1340346309439789
1340346397312379
1340346485263524
1340346573314470
1340346661373257
1340346749273393
1340346837364735
1340346925295588
1340347013308054
1340347101196049
1340347189378850
1340347277377411
1340347365297230
1340347453293325
1340347541366152
1340347629350151
1340347717368518
1340347805422669
1340347893317163
