1340529891126609
1340529891574558
1340529892044747
1340529892488549
1340529892916521
1340529893386185
1340529893852879
1340529894299994
1340529894767520
1340529895221890
1340529895722914
1340529896185331
1340529896664337
1340529897133652
1340529897543284
1340529898148115
1340529898566747
1340529898987620
1340529899517900
1340529900016362
1340529900588871
1340529901038402
1340529901493470
1340529901989973
1340529902484295
1340529903084258
1340529903679096
1340529904237316
1340529908254913
1340529908973123
1340529909470129
1340529909978291
1340529910471819
1340529910957741
1340529911455992
1340529911955884
1340529912439351
1340529913072662
1340529913658091
1340529914282360
1340529914809191
1340529915338795
1340529915810718
1340529916288855
1340529916790820
1340529917315579
1340529919579743
1340529920103404
1340529920641978
1340529921100996
1340529921644160
1340529922238002
1340529922835397
1340529923332675
1340529923819146
1340529924387488
1340529924897157
1340529925402573
1340529925992002
1340529926538711
1340529927093576
1340529927619501
1340529928168599
1340529928739571
1340529929271335
1340529929785950
1340529930314028
1340529930806667
1340529931237427
1340529931709514
1340529932249365
1340529932750925
1340529933332393
1340529933848218
1340529934332252
1340529934864905
1340529936278937
1340529936840787
1340529937288085
1340529937893581
1340529938381712
1340529938830451
1340529939318440
1340529939906848
1340529940540025
1340529941018767
1340529941499057
1340529942005569
1340529942477983
1340529942917991
1340529943412741
1340529943888850
1340529944383772
1340529946259429
1340529946795310
1340529947319745
1340529947788661
1340529948319785
1340529948801545
1340529949333662
