1340619153089162
1340619241101702
1340619329086525
1340619417361885
1340619511210649
1340619602263893
1340619693411139
1340619788091076
1340619881951834
1340619979235466
1340620069705890
1340620165045330
1340620253082680
1340620346953884
1340620433775699
1340620526753377
1340620614572350
1340620706236073
1340620793403022
1340620882407136
1340620974248234
1340621062832317
1340621153102494
1340621241082942
1340621335197032
1340621421962135
1340621515583350
1340621605677045
1340621697399447
1340621785959077
1340621879996133
1340621975482947
1340622065571207
1340622157079376
1340622245144790
1340622334313811
1340622421165323
1340622510711414
1340622601138331
1340622695208491
1340622793883024
1340622887001866
1340622980066645
1340623074996178
1340623165107676
1340623253866047
1340623346506192
1340623433336744
1340623526961656
1340623617088019
1340623709562885
1340623802829158
1340623895010371
1340623986582335
1340624080031104
1340624173541977
1340624261136555
1340624349044308
1340624437105910
1340624524935206
1340624620240265
1340624712929485
1340624800975769
1340624889114522
1340624977672494
1340625070820109
1340625165081454
1340625253227981
1340625341284069
1340625429875010
1340625522769020
1340625610323311
1340625697087005
1340625785557041
1340625874564025
1340625967610571
1340626062568248
1340626153148019
1340626241113314
1340626334751347
1340626421317425
1340626515248869
1340626602289164
1340626693193212
1340626786948037
1340626878780220
1340626970531928
1340627058979686
1340627149108573
1340627237581278
1340627331253551
1340627417709214
1340627511238308
1340627602173088
1340627692991593
1340627782562356
1340627875611200
1340627971234236
1340628063246958
1340628153088550
