1340303663700790
1340303759329056
1340303856169452
1340303952058102
1340304041892007
1340304129168256
1340304217145530
1340304305106639
1340304393154863
1340304481861638
1340304569636990
1340304657200550
1340304746674691
1340304834048869
1340304923293105
1340305015349287
1340305103061552
1340305189195232
1340305278059452
1340305365568968
1340305455063571
1340305541580868
1340305630625717
1340305717379676
1340305805803301
1340305894001399
1340305983322063
1340306075687924
1340306169058561
1340306258060501
1340306349920507
1340306437732504
1340306525715819
1340306613482696
1340306701511195
1340306789170946
1340306877709936
1340306966161088
1340307053175928
1340307141028300
1340307233538301
1340307321634906
1340307409219582
1340307497605649
1340307585232599
1340307673364740
1340307762492035
1340307850380822
1340307937295866
1340308026183318
1340308113141327
1340308201240008
1340308289209556
1340308377041037
1340308466210908
1340308559254289
1340308651734302
1340308741372921
1340308830649536
1340308917610352
1340309006159403
1340309093135701
1340309181073938
1340309269130909
1340309357520201
1340309445727044
1340309533808704
1340309624078613
1340309719740833
1340309815839577
1340309912196000
1340310002302225
1340310089674782
1340310181125122
1340310269514013
1340310357694248
1340310447137193
1340310533742227
1340310621525678
1340310709774431
1340310799577477
1340310896169597
1340310991264017
1340311084184383
1340311173211304
1340311260963520
1340311349713388
1340311437659935
1340311525815210
1340311614251599
1340311702972691
1340311789456426
1340311877581556
1340311966425913
1340312059115680
1340312149058721
1340312237496365
1340312325888207
1340312413820323
1340312501603357
