1340215136596471
1340215228868605
1340215317353456
1340215404842397
1340215493282461
1340215580958949
1340215669677682
1340215757852504
1340215845790232
1340215933194098
1340216020897792
1340216113494886
1340216200587150
1340216288732651
1340216376731579
1340216464987243
1340216553853965
1340216641007413
1340216728639844
1340216817249517
1340216905259715
1340216993331701
1340217081362433
1340217168573149
1340217256927519
1340217344988795
1340217432920268
1340217521813694
1340217608759936
1340217697325120
1340217785614383
1340217877150519
1340217964992903
1340218052917055
1340218140586920
1340218228429258
1340218317080777
1340218408697538
1340218496575178
1340218585054377
1340218672610145
1340218760685945
1340218848628424
1340218936692837
1340219025168678
1340219112936247
1340219200672677
1340219288648401
1340219376598918
1340219464849818
1340219552771989
1340219640579293
1340219728816037
1340219816869695
1340219904574629
1340219992683347
1340220081590262
1340220168542488
1340220256653473
1340220344802186
1340220432679221
1340220520688079
1340220608975838
1340220696742263
1340220785454826
1340220873522006
1340220961760841
1340221048774051
1340221140670560
1340221228602775
1340221317183400
1340221404887228
1340221493423711
1340221580801014
1340221669346278
1340221756889472
1340221845601819
1340221933498138
1340222020661162
1340222109866499
1340222196658182
1340222284649219
1340222372629079
1340222460869150
1340222549586831
1340222636883678
1340222724752409
1340222816876918
1340222905379758
1340222993785384
1340223080769939
1340223168555501
1340223256664152
1340223345140977
1340223432881575
1340223520756873
1340223609442033
1340223697763992
1340223784720935
1340223872872321
