1340339213394356
1340339301304599
1340339389342291
1340339477517025
1340339565262294
1340339653215464
1340339741313162
1340339829221194
1340339917269887
1340340005347854
1340340093360678
1340340185571108
1340340273407287
1340340361256869
1340340449376465
1340340537453761
1340340625360604
1340340713332474
1340340801268469
1340340889261448
1340340977250078
1340341065273490
1340341153246015
1340341241311039
1340341329260184
1340341417330761
1340341505389208
1340341593229413
1340341681284728
1340341769297115
1340341857352011
1340341945194391
1340342033319000
1340342121401028
1340342209222421
1340342297268386
1340342385420066
1340342473308792
1340342561420226
1340342649258582
1340342737112862
1340342825353999
1340342913361994
1340343001183629
1340343089349368
1340343177235656
1340343265172583
1340343353371318
1340343441235045
1340343529392514
1340343617241653
1340343705275323
1340343793174854
1340343881347851
1340343969253923
1340344057396385
1340344145395841
1340344233285058
1340344321355100
1340344409377178
1340344497248159
1340344585224546
1340344673245318
1340344761268543
1340344849324566
1340344937381873
1340345029337506
1340345121347088
1340345209261603
1340345297186412
1340345385342203
1340345473338944
1340345561245443
1340345649268955
1340345737286088
1340345825473731
1340345913260657
1340346001158524
1340346089380881
1340346177215794
1340346265287696
1340346353948010
1340346441268229
1340346529354087
1340346617348901
1340346705322338
1340346793241697
1340346881218013
1340346969235017
1340347057218143
1340347145386391
1340347233388067
1340347321393044
1340347409364201
1340347497379868
1340347585293295
1340347673294277
1340347761411475
1340347849315601
1340347937219459
