1340215051630985
1340215136649369
1340215228929992
1340215317440545
1340215404887192
1340215493370189
1340215581008952
1340215669781755
1340215757974443
1340215845918561
1340215933282814
1340216020959263
1340216113594224
1340216200634547
1340216288772756
1340216376782089
1340216465053518
1340216553990172
1340216641074029
1340216728689997
1340216817337512
1340216905352868
1340216993414924
1340217081451444
1340217168619586
1340217256983219
1340217345053517
1340217432974233
1340217521935292
1340217608793082
1340217697415636
1340217785720492
1340217877234330
1340217965052708
1340218052975288
1340218140617108
1340218228469655
1340218317147123
1340218408740677
1340218496609039
1340218585119219
1340218672663342
1340218760728221
1340218848668901
1340218936733066
1340219025243203
1340219112997258
1340219200741440
1340219288680779
1340219376642198
1340219464894634
1340219552831601
1340219640644421
1340219728869934
1340219816924220
1340219904620737
1340219992713888
1340220081702822
1340220168587857
1340220256703736
1340220344863560
1340220432723161
1340220520730008
1340220609042903
1340220696776717
1340220785551716
1340220873637581
1340220961888839
1340221048823950
1340221140703498
1340221228640166
1340221317266400
1340221404937788
1340221493520862
1340221580863107
1340221669445107
1340221756940549
1340221845710896
1340221933584368
1340222020702130
1340222109963361
1340222196713052
1340222284700134
1340222372665788
1340222460926918
1340222549688557
1340222636940871
1340222724793888
1340222816928444
1340222905477297
1340222993916374
1340223080814443
1340223168601183
1340223256723733
1340223345215551
1340223432938128
1340223520806119
1340223609540133
1340223697883796
1340223784767508
