1340718162439030
1340718250444575
1340718346640585
1340718434334874
1340718533796180
1340718626183267
1340718722803479
1340718818817104
1340718905793238
1340718995933734
1340719089663768
1340719177700528
1340719265847185
1340719358805960
1340719450667197
1340719545116143
1340719637699641
1340719727563805
1340719813732274
1340719902172595
1340719997787320
1340720090153700
1340720177666516
1340720265822563
1340720357826890
1340720447015212
1340720541787205
1340720634472733
1340720725802987
1340720819896043
1340720910137851
1340721005110423
1340721103073546
1340721189539082
1340721277496552
1340721366439650
1340721458687696
1340721553065341
1340721650888703
1340721750244613
1340721838376662
1340721932774899
1340722023129051
1340722119429320
1340722205746263
1340722293488031
1340722381947171
1340722475414343
1340722565980964
1340722660636184
1340722750671126
1340722838930889
1340722925990985
1340723019214232
1340723106905655
1340723193762119
1340723282727666
1340723370595271
1340723461781525
1340723553996658
1340723647611518
1340723748582632
1340723838884964
1340723937122348
1340724036636165
1340724129801086
1340724217728517
1340724307975488
1340724398359353
1340724490231539
1340724580223389
1340724677012291
1340724770665010
1340724861692526
1340724954632259
1340725045679649
1340725137720753
1340725225742497
1340725320305317
1340725409874778
1340725502678572
1340725593764570
1340725688902765
1340725781902524
1340725877463778
1340725966942572
1340726057746545
1340726149727997
1340726237684179
1340726329914652
1340726421711428
1340726509675846
1340726597746478
1340726685711753
1340726777789839
1340726865944762
1340726953741662
1340727045799352
1340727133763054
1340727221723818
