1340601029473573
1340601121205065
1340601209121707
1340601298982427
1340601389223887
1340601477954623
1340601570511074
1340601661308001
1340601751093054
1340601843075948
1340601934543127
1340602026769525
1340602118327028
1340602212662339
1340602302427354
1340602393153835
1340602482948937
1340602574278514
1340602667230120
1340602753410323
1340602842998591
1340602934657729
1340603026186574
1340603123542299
1340603209089312
1340603297266379
1340603386217725
1340603479999239
1340603569214894
1340603657536176
1340603751270056
1340603843021847
1340603934387137
1340604027227495
1340604119942656
1340604209169723
1340604297221328
1340604385109653
1340604474975378
1340604566375903
1340604658978910
1340604751270393
1340604843957353
1340604938539215
1340605030718943
1340605122847045
1340605209072244
1340605297229065
1340605385136343
1340605478527277
1340605570335117
1340605661090433
1340605751257358
1340605844046491
1340605938012200
1340606025600383
1340606113197014
1340606201007078
1340606288915878
1340606385654224
1340606477024563
1340606565101283
1340606653616973
1340606746657311
1340606839479568
1340606929661337
1340607020971045
1340607109200489
1340607197355489
1340607285226574
1340607373305300
1340607462384091
1340607554049109
1340607642648785
1340607730164986
1340607822943588
1340607914107880
1340608007176733
1340608094969451
1340608181190867
1340608268885096
1340608358608815
1340608446069739
1340608537518532
1340608626191946
1340608721581653
1340608816952507
1340608905175452
1340609006122441
1340609093296855
1340609180896635
1340609269056012
1340609358235943
1340609445288423
1340609533099972
1340609622370866
1340609710122156
1340609802374887
1340609888919136
1340609981580392
