1340410967829347
1340411056359894
1340411145985411
1340411234032492
1340411323590972
1340411410152415
1340411501984283
1340411597957436
1340411690111085
1340411777862922
1340411870683875
1340411959157939
1340412046639246
1340412133940408
1340412225902898
1340412316435516
1340412410658062
1340412497970396
1340412587345308
1340412673923085
1340412762683733
1340412851023108
1340412947251626
1340413036265646
1340413130304369
1340413217924246
1340413305899416
1340413397812944
1340413490362469
1340413578022607
1340413666363607
1340413753995792
1340413843748301
1340413939034599
1340414030367106
1340414118447676
1340414207563680
1340414296192594
1340414385735518
1340414475316508
1340414569471570
1340414659304178
1340414754814182
1340414842063450
1340414931713675
1340415018501637
1340415108039174
1340415197933528
1340415285904969
1340415374243534
1340415462477559
1340415549962187
1340415637945465
1340415727985969
1340415822902824
1340415912848430
1340416005822371
1340416094813391
1340416181861195
1340416272433232
1340416368672968
1340416462005419
1340416557723908
1340416646687079
1340416738582146
1340416826868428
1340416914779171
1340417005824989
1340417094965496
1340417181898992
1340417269991546
1340417358495882
1340417446152887
1340417542591283
1340417636667368
1340417734155658
1340417830016181
1340417919188683
1340418006343497
1340418093953259
1340418181858606
1340418270994512
1340418361854714
1340418451299232
1340418537964302
1340418631112723
1340418719013456
1340418814933309
1340418907760198
1340419003735232
1340419093711704
1340419181897651
1340419270482117
1340419360170720
1340419450158719
1340419540694709
1340419629896547
1340419719040162
1340419810901117
1340419900696769
