1340700421550636
1340700509514207
1340700601546041
1340700689596003
1340700777583766
1340700865474202
1340700953541043
1340701041570955
1340701133415142
1340701221486257
1340701309535687
1340701397569159
1340701485697218
1340701573496763
1340701661344542
1340701749573948
1340701841436811
1340701929661327
1340702017572097
1340702105597971
1340702193362837
1340702281591213
1340702369333764
1340702457728770
1340702549466053
1340702637411066
1340702725603082
1340702813640511
1340702901359096
1340702989571115
1340703077541734
1340703165431568
1340703253523942
1340703341452260
1340703429453717
1340703517430303
1340703605426374
1340703693415367
1340703781527544
1340703869457995
1340703957505879
1340704045449514
1340704137420252
1340704225380837
1340704313477863
1340704401566819
1340704489442879
1340704577572266
1340704665484449
1340704753438172
1340704841520194
1340704929626864
1340705017785279
1340705105461494
1340705197420970
1340705285593249
1340705373425820
1340705461479894
1340705549425862
1340705637595574
1340705725409079
1340705813570666
1340705901516545
1340705989391865
1340706077473864
1340706165370259
1340706253332652
1340706341502763
1340706429530302
1340706517632580
1340706605479945
1340706693497838
1340706781491197
1340706873473521
1340706961500882
1340707049724066
1340707137425283
1340707225545458
1340707313444479
1340707405383039
1340707493357771
1340707581454455
1340707669562930
1340707757443809
1340707845704428
1340707933608218
1340708021567045
1340708109471630
1340708197326025
1340708285630266
1340708373601875
1340708461515137
1340708553615706
1340708641641399
1340708729644403
1340708817457115
1340708905441346
1340708993415731
1340709085668881
1340709173458960
