1340556813051362
1340556901943019
1340556994374194
1340557082071851
1340557172721738
1340557260825686
1340557349712777
1340557436806114
1340557525649320
1340557612802142
1340557701407862
1340557790174651
1340557880916551
1340557969311142
1340558057563806
1340558148754932
1340558236803927
1340558325767602
1340558412778526
1340558501048516
1340558589470032
1340558677990852
1340558770358703
1340558866415281
1340558954142890
1340559046210572
1340559132774788
1340559220768395
1340559309506582
1340559400933933
1340559489045812
1340559577987666
1340559665363469
1340559753792831
1340559846118291
1340559934385603
1340560025299420
1340560118361229
1340560204781674
1340560293803094
1340560384856802
1340560472566557
1340560561454673
1340560650100079
1340560742364185
1340560833912352
1340560921932884
1340561013440784
1340561106396645
1340561196755291
1340561284870137
1340561372839923
1340561462001930
1340561549112662
1340561637044983
1340561724991114
1340561814316360
1340561905930911
1340561997957204
1340562086143281
1340562172765719
1340562261363232
1340562349927529
1340562437447872
1340562524749203
1340562613428388
1340562706136257
1340562797948033
1340562889957325
1340562977020044
1340563066070340
1340563156763955
1340563245338998
1340563332764526
1340563425108482
1340563512898749
1340563601030840
1340563689550379
1340563776792566
1340563865213473
1340563954104829
1340564045778373
1340564132570616
1340564220799806
1340564309580800
1340564400773642
1340564492676142
1340564584657973
1340564673211416
1340564761979739
1340564849754121
1340564942396161
1340565028704891
1340565120706514
1340565208814132
1340565300954669
1340565388734467
1340565477178652
1340565564667633
1340565653410975
