1340214685105202
1340214686166427
1340214687059642
1340214688017203
1340214688749014
1340214689446780
1340214690109436
1340214690702499
1340214691350050
1340214691972225
1340214692562938
1340214693185843
1340214693731016
1340214694267990
1340214694801270
1340214695380219
1340214695874403
1340214696245864
1340214696628732
1340214696962547
1340214697282662
1340214697608531
1340214697931270
1340214698238428
1340214698546040
1340214698842125
1340214699157321
1340214699515672
1340214699837111
1340214700159675
1340214700515726
1340214700849606
1340214701155681
1340214701461245
1340214701779194
1340214702097416
1340214702391685
1340214702701632
1340214703018507
1340214703323254
1340214703629453
1340214703935163
1340214704310077
1340214704636094
1340214704937180
1340214705235814
1340214705533725
1340214705842300
1340214706163872
1340214706536695
1340214706888292
1340214707238968
1340214707602425
1340214707954772
1340214708349842
1340214708777907
1340214709183748
1340214709573935
1340214709964812
1340214710354463
1340214710749790
1340214711137825
1340214711504589
1340214711797520
1340214712095167
1340214712389880
1340214712680764
1340214712966262
1340214713230416
1340214713492865
1340214713767104
1340214714040730
1340214714338232
1340214714625534
1340214714913893
1340214715187973
1340214715447398
1340214715713305
1340214715973897
1340214716247678
1340214716509440
1340214716772106
1340214717031982
1340214717299406
1340214717592025
1340214717889660
1340214718176762
1340214718462631
1340214718727991
1340214719004291
1340214719302352
1340214719589508
1340214719865895
1340214720137442
1340214720445869
1340214720749581
1340214721041143
1340214721318158
1340214721602500
1340214721871037
