1340801674683001
1340801770272268
1340801862129343
1340801954090079
1340802049856844
1340802146089488
1340802239135149
1340802330095809
1340802423295010
1340802515266639
1340802613177078
1340802706087819
1340802798080989
1340802892036020
1340802991832966
1340803088534614
1340803183380341
1340803270181236
1340803362178627
1340803456712914
1340803554241304
1340803645991228
1340803746158471
1340803835178827
1340803927324855
1340804022260346
1340804119222310
1340804211309122
1340804307879635
1340804407036263
1340804499158736
1340804598993406
1340804693085982
1340804784530814
1340804878085655
1340804976119526
1340805072733488
1340805174158179
1340805266046604
1340805358444912
1340805451860184
1340805551176661
1340805648662646
1340805742622478
1340805836523323
1340805930563835
1340806029136566
1340806122114818
1340806210107977
1340806302107645
1340806394259658
1340806486480977
1340806574042134
1340806666067647
1340806754065570
1340806848848803
1340806950027208
1340807042142030
1340807134050874
1340807222077694
1340807310018775
1340807402157048
1340807490086757
1340807578104367
1340807666079034
1340807758168968
1340807854138799
1340807946054645
1340808038100713
1340808125894139
1340808218206626
1340808306021795
1340808398387609
1340808489964915
1340808578090009
1340808671047753
1340808762052731
1340808850034954
1340808938191937
1340809030157939
1340809117982538
1340809210185876
1340809298154897
1340809389967866
1340809478015541
1340809570011685
1340809662024937
1340809750036147
1340809838162962
1340809930105175
1340810022023686
1340810110049081
1340810198050981
1340810290074670
1340810378223867
1340810466144568
1340810553995884
1340810646249631
1340810737983162
1340810829933856
