1340241590523232
1340241677757036
1340241766479257
1340241853870707
1340241941090622
1340242029145536
1340242117051734
1340242205343643
1340242293259275
1340242380992018
1340242468977560
1340242557565405
1340242645539141
1340242736883967
1340242829490255
1340242922548007
1340243010105519
1340243096850848
1340243184852515
1340243273015839
1340243361289966
1340243450225877
1340243537492177
1340243624809172
1340243712883928
1340243800880423
1340243889587349
1340243977378928
1340244066274148
1340244152735429
1340244240828891
1340244328879217
1340244417037612
1340244504876626
1340244597410654
1340244688875466
1340244777229663
1340244865036677
1340244952991898
1340245040873791
1340245128680954
1340245216717865
1340245305347801
1340245392823998
1340245481513383
1340245569413593
1340245657145350
1340245745413051
1340245833531814
1340245921253299
1340246009392055
1340246097063955
1340246184874115
1340246272833261
1340246361838554
1340246449767898
1340246538280617
1340246626277077
1340246713913857
1340246801034279
1340246888905127
1340246977189618
1340247065909201
1340247152672373
1340247240833324
1340247329107953
1340247417158381
1340247505145835
1340247593442734
1340247682528016
1340247770456465
1340247858541485
1340247944882988
1340248033014356
1340248120841664
1340248208870184
1340248297294250
1340248384733389
1340248472999329
1340248561185078
1340248649380413
1340248737483495
1340248826295125
1340248914480677
1340249002026897
1340249090014895
1340249176959004
1340249265011899
1340249357100728
1340249445047630
1340249532837334
1340249621743619
1340249708840623
1340249797061661
1340249885181690
1340249973147479
1340250062287967
1340250148727343
1340250236794743
1340250329448369
