1340529859796574
1340529860139255
1340529860522542
1340529860860719
1340529861180733
1340529861483350
1340529861823470
1340529862129339
1340529862436420
1340529862740095
1340529863078920
1340529863510175
1340529863868253
1340529864163539
1340529864437724
1340529864699025
1340529864953026
1340529865244763
1340529865516464
1340529865794536
1340529866064910
1340529866335154
1340529866626109
1340529866931172
1340529867208251
1340529867490866
1340529867766342
1340529868049488
1340529868323025
1340529868595154
1340529868895722
1340529870792757
1340529871179283
1340529871547386
1340529871869213
1340529872133923
1340529872387540
1340529872636284
1340529872918003
1340529873165943
1340529873414745
1340529873662619
1340529873917905
1340529874169048
1340529874416789
1340529874664159
1340529874951221
1340529875350225
1340529875700619
1340529875967009
1340529876257252
1340529876518780
1340529876808909
1340529877091906
1340529877334591
1340529877576813
1340529877852528
1340529878094812
1340529878337371
1340529878585293
1340529878844111
1340529879160157
1340529879420290
1340529879709432
1340529879991813
1340529880255079
1340529880514709
1340529880801638
1340529881043423
1340529881360939
1340529881672557
1340529881954122
1340529882231378
1340529882542889
1340529882821047
1340529883101851
1340529883383033
1340529883656816
1340529883932258
1340529884281788
1340529884548137
1340529884860853
1340529885135163
1340529885496935
1340529885819023
1340529886130903
1340529886414897
1340529886692745
1340529886944856
1340529887219867
1340529887612834
1340529887897357
1340529888217962
1340529888573501
1340529888914776
1340529889229108
1340529889515694
1340529889806665
1340529890085155
1340529890373622
