1340223874037252
1340223961591633
1340224053841409
1340224140686465
1340224228646340
1340224316892995
1340224404677238
1340224492866494
1340224580936684
1340224669966291
1340224756724350
1340224845253436
1340224933900579
1340225021245752
1340225112773236
1340225200770158
1340225289227375
1340225376806896
1340225465546125
1340225556796257
1340225645422352
1340225733875119
1340225820766759
1340225908960694
1340225997725906
1340226085013106
1340226172824614
1340226260764839
1340226349415649
1340226436981672
1340226525360391
1340226614165473
1340226702159164
1340226789624527
1340226876959507
1340226965496976
1340227052646567
1340227140669814
1340227228685854
1340227317173596
1340227405018789
1340227493427375
1340227582165812
1340227670148718
1340227758239737
1340227845028538
1340227933777728
1340228021359982
1340228109986542
1340228196746217
1340228285614396
1340228372713897
1340228461179866
1340228549168167
1340228637236120
1340228724709916
1340228813249470
1340228901275446
1340228989024860
1340229077032033
1340229164758944
1340229252895307
1340229341588722
1340229428903156
1340229517944303
1340229605600828
1340229694166408
1340229784998835
1340229876985011
1340229965034074
1340230053333101
1340230140661742
1340230228857515
1340230316995899
1340230404913296
1340230493264228
1340230582129724
1340230670201438
1340230756958228
1340230844598633
1340230932899998
1340231021502695
1340231109851827
1340231196648413
1340231284786283
1340231372749832
1340231461482253
1340231548836145
1340231636879697
1340231725690122
1340231814137271
1340231900882503
1340231993259766
1340232082143830
1340232168654532
1340232261183527
1340232349133869
1340232437139647
1340232525926878
1340232614164618
