1340303567608129
1340303663733304
1340303759346395
1340303856192074
1340303952064727
1340304041906038
1340304129174896
1340304217152195
1340304305113154
1340304393161269
1340304481873886
1340304569648873
1340304657207084
1340304746681515
1340304834060288
1340304923310100
1340305015367393
1340305103079042
1340305189201909
1340305278068618
1340305365578131
1340305455080839
1340305541594947
1340305630639881
1340305717386818
1340305805813556
1340305894012633
1340305983339387
1340306075708598
1340306169064122
1340306258072338
1340306349931614
1340306437742371
1340306525725031
1340306613491115
1340306701519574
1340306789177762
1340306877722187
1340306966173316
1340307053184120
1340307141034572
1340307233553851
1340307321643231
1340307409225912
1340307497614250
1340307585238947
1340307673372284
1340307762506446
1340307850394547
1340307937303426
1340308026195020
1340308113147806
1340308201246363
1340308289216142
1340308377047087
1340308466223269
1340308559277329
1340308651753591
1340308741379942
1340308830665055
1340308917618974
1340309006172114
1340309093142424
1340309181080940
1340309269136609
1340309357529514
1340309445736504
1340309533819521
1340309624096794
1340309719760211
1340309815857167
1340309912220316
1340310002328432
1340310089688667
1340310181132034
1340310269522107
1340310357705046
1340310447159564
1340310533752029
1340310621537031
1340310709784441
1340310799596734
1340310896191798
1340310991281509
1340311084209530
1340311173218555
1340311260969973
1340311349722672
1340311437669715
1340311525827306
1340311614268283
1340311702990418
1340311789464894
1340311877592627
1340311966438545
1340312059136429
1340312149064220
1340312237504000
1340312325899084
1340312413831054
