1340411011551596
1340411101890709
1340411189817786
1340411278786217
1340411366281321
1340411454409959
1340411547927603
1340411644200988
1340411733867966
1340411825982892
1340411914906853
1340412002102096
1340412090518902
1340412181213724
1340412270126825
1340412365640991
1340412455422230
1340412542706060
1340412630561562
1340412718623283
1340412806382976
1340412896235041
1340412989897100
1340413084810188
1340413173742398
1340413261785320
1340413351839070
1340413441791937
1340413535250576
1340413621930513
1340413710533268
1340413798614766
1340413892136267
1340413982381504
1340414073819614
1340414161739475
1340414250682164
1340414342083284
1340414430647904
1340414519895034
1340414614015374
1340414704369945
1340414799032680
1340414886113635
1340414974815285
1340415062772008
1340415153778249
1340415241767596
1340415330358111
1340415418771172
1340415505747431
1340415594194896
1340415682588913
1340415775681619
1340415867267845
1340415961568141
1340416049766255
1340416137828948
1340416225769085
1340416320166095
1340416415335059
1340416507688477
1340416603492523
1340416692418062
1340416782783091
1340416869943375
1340416960484480
1340417050822019
1340417137930479
1340417225717093
1340417314558447
1340417402043800
1340417491791892
1340417587455722
1340417684238936
1340417779689628
1340417875386552
1340417962368900
1340418049770668
1340418137728502
1340418225730814
1340418316158956
1340418406380010
1340418493714565
1340418583955642
1340418674914907
1340418764145689
1340418862254064
1340418956753377
1340419051169847
1340419137806619
1340419225861565
1340419314053241
1340419405752495
1340419494996092
1340419586788072
1340419674807378
1340419761838036
1340419854776034
1340419949831783
