1340438142799514
1340438230087916
1340438323670921
1340438409889724
1340438499079047
1340438587728015
1340438674856207
1340438762945918
1340438854077420
1340438942082487
1340439035115106
1340439128685374
1340439218156808
1340439307042881
1340439398090943
1340439486920989
1340439575002459
1340439662096265
1340439750303687
1340439842336726
1340439934296713
1340440022211314
1340440111539586
1340440198040016
1340440292602846
1340440386811464
1340440479544024
1340440574791256
1340440666150210
1340440759138298
1340440846377137
1340440936359484
1340441029908942
1340441118087622
1340441205971480
1340441294089290
1340441386775602
1340441474089052
1340441562127415
1340441652861209
1340441749536055
1340441842097597
1340441931017100
1340442018745820
1340442112798385
1340442202156418
1340442290096109
1340442377885171
1340442466903005
1340442554638123
1340442647727608
1340442742271033
1340442830174900
1340442925140466
1340443019591915
1340443107157434
1340443194125647
1340443282046201
1340443370089872
1340443463022271
1340443556698142
1340443654192018
1340443742102672
1340443831394054
1340443922785346
1340444019772752
1340444107116146
1340444194047390
1340444283317814
1340444370489658
1340444457998233
1340444547201630
1340444639151052
1340444732353785
1340444824122272
1340444914123024
1340445001987509
1340445093374003
1340445182057095
1340445270009250
1340445359046760
1340445446326151
1340445533932326
1340445622652789
1340445709970880
1340445798087938
1340445885879111
1340445975197661
1340446062567126
1340446149860167
1340446237961489
1340446326002285
1340446413944303
1340446505998319
1340446594140044
1340446682194824
1340446770092421
1340446858067716
1340446946030325
1340447041982671
