1340727397563971
1340727485728566
1340727573807086
1340727661719850
1340727753724093
1340727845741065
1340727933697872
1340728021670029
1340728109665403
1340728197633640
1340728285784098
1340728373715114
1340728461786938
1340728549741110
1340728637643779
1340728725763225
1340728813761103
1340728901603489
1340728989684297
1340729077714924
1340729169534432
1340729257734155
1340729345572923
1340729437663647
1340729530957757
1340729618713318
1340729705731748
1340729793700291
1340729881701516
1340729969682163
1340730057730856
1340730145518402
1340730233782923
1340730321746916
1340730409817415
1340730497721515
1340730585749247
1340730673659353
1340730761784020
1340730849701148
1340730937727914
1340731025741351
1340731125781974
1340731213567842
1340731302780288
1340731389727030
1340731477726034
1340731565743356
1340731653615313
1340731741650593
1340731829611226
1340731917807322
1340732005644839
1340732093720731
1340732181715737
1340732269820005
1340732361549112
1340732449728811
1340732541747431
1340732633710356
1340732721727094
1340732809682697
1340732897775503
1340732985730032
1340733073680718
1340733165546469
1340733257598251
1340733345765125
1340733433716146
1340733521716979
1340733609698980
1340733697862442
1340733785680292
1340733873701787
1340733961783715
1340734049802687
1340734141614240
1340734229600606
1340734317728219
1340734405718119
1340734493739669
1340734581735391
1340734673551525
1340734761768088
1340734849790183
1340734937707609
1340735025688415
1340735113758459
1340735201490313
1340735289770337
1340735381729542
1340735469819205
1340735563397285
1340735649673949
1340735737784059
1340735825723110
1340735913750384
1340736001618437
1340736089798338
1340736177551630
