1340655342231834
1340655432255586
1340655525836607
1340655616502407
1340655706351253
1340655796092196
1340655896350881
1340655989217788
1340656078631041
1340656166259344
1340656254390523
1340656351341620
1340656439775392
1340656536850278
1340656631602872
1340656727591678
1340656818781262
1340656906377208
1340656994300060
1340657086433265
1340657174125447
1340657262351819
1340657350223964
1340657438197996
1340657529554855
1340657622147807
1340657714987854
1340657805685254
1340657894268618
1340657986346253
1340658074344939
1340658162250555
1340658250230663
1340658342344423
1340658434691859
1340658524348815
1340658615612685
1340658720189805
1340658811855669
1340658903666455
1340658993140689
1340659091443697
1340659178275077
1340659266301346
1340659356835828
1340659448866409
1340659547486250
1340659640430659
1340659730261235
1340659820980366
1340659914762709
1340660008673299
1340660111221635
1340660198302332
1340660286274481
1340660374282563
1340660462121663
1340660555410524
1340660642750975
1340660731807057
1340660827901554
1340660926228160
1340661014357522
1340661103438312
1340661190261851
1340661278780639
1340661367633275
1340661457064907
1340661553462730
1340661651499321
1340661746818897
1340661835094406
1340661925527952
1340662021242867
1340662114762951
1340662202304220
1340662291669155
1340662382279353
1340662473491853
1340662568156517
1340662660378184
1340662760115184
1340662860332444
1340662950731843
1340663042325039
1340663130289839
1340663218274545
1340663306260395
1340663394333807
1340663484351945
1340663575329163
1340663667335027
1340663755953889
1340663847655139
1340663938226005
1340664029168711
1340664118307017
1340664206268678
1340664294511278
1340664386917224
