1340214767607613
1340214768200721
1340214768850078
1340214769483333
1340214770101461
1340214770720431
1340214771350043
1340214771984336
1340214772632004
1340214773275053
1340214773916115
1340214774537438
1340214775165059
1340214775811171
1340214776456367
1340214777100635
1340214777761092
1340214778422512
1340214779042683
1340214779684670
1340214780309198
1340214780929544
1340214781542399
1340214782150593
1340214782743666
1340214783399455
1340214784137445
1340214784864497
1340214785584014
1340214786286038
1340214786966070
1340214787669300
1340214788378058
1340214789103562
1340214789852868
1340214790590683
1340214791360749
1340214792139007
1340214792987704
1340214793801506
1340214794605396
1340214795437661
1340214796237494
1340214797049217
1340214797862416
1340214798700024
1340214799513423
1340214800290195
1340214800932688
1340214801613747
1340214802354040
1340214803128055
1340214803868012
1340214804573724
1340214805313458
1340214806118293
1340214806982776
1340214807836470
1340214808533821
1340214809135423
1340214809756429
1340214810333654
1340214810905044
1340214811659163
1340214812568662
1340214813610326
1340214814643175
1340214815688171
1340214816728701
1340214817731725
1340214818796242
1340214819802102
1340214820850619
1340214821915931
1340214822943282
1340214823914564
1340214824858774
1340214825768203
1340214826739794
1340214827737368
1340214828681227
1340214829790025
1340214830945071
1340214832024097
1340214833179607
1340214834262646
1340214835336588
1340214836295384
1340214837398171
1340214838506695
1340214839656841
1340214840805711
1340214841949229
1340214843306427
1340214844558521
1340214845829608
1340214847032128
1340214848302335
1340214849534544
1340214850788925
