1340473602915796
1340473690137317
1340473781990704
1340473878532712
1340473970309040
1340474062046573
1340474154056667
1340474242622959
1340474331941185
1340474427959034
1340474520013622
1340474614219650
1340474703754557
1340474794177577
1340474887307328
1340474982550509
1340475081913739
1340475170128116
1340475258127562
1340475347552290
1340475436621769
1340475527215457
1340475617056008
1340475711449543
1340475802295845
1340475897122891
1340475992967157
1340476086384420
1340476174152439
1340476265235330
1340476362511778
1340476452820464
1340476544569532
1340476639420947
1340476734462160
1340476829163762
1340476925978684
1340477018958243
1340477109960362
1340477198211170
1340477289415914
1340477386585593
1340477474070954
1340477564262511
1340477662007899
1340477756258698
1340477848814856
1340477947195674
1340478044310291
1340478134143137
1340478222131925
1340478310058105
1340478398759140
1340478491405714
1340478585603660
1340478681988963
1340478777317691
1340478872177621
1340478971938324
1340479063619658
1340479154151568
1340479242085944
1340479331416895
1340479418929158
1340479506340127
1340479599092024
1340479693566044
1340479788373799
1340479885859275
1340479982565249
1340480077583672
1340480166147877
1340480254104750
1340480349541043
1340480448048929
1340480544544249
1340480640103861
1340480738611704
1340480833624373
1340480931233080
1340481031189888
1340481126249003
1340481214138451
1340481305996178
1340481402328956
1340481495029733
1340481587432803
1340481681503246
1340481777972549
1340481867435943
1340481962167579
1340482061533005
1340482154128412
1340482243434659
1340482337018565
1340482428765230
1340482519380465
1340482612846620
1340482703568435
1340482798603526
