1340232748842745
1340232836722870
1340232924740822
1340233013101462
1340233101861886
1340233188656019
1340233276759644
1340233365026596
1340233453069049
1340233542292658
1340233630266623
1340233718230690
1340233805841267
1340233892629393
1340233981120296
1340234069288810
1340234156756125
1340234244693636
1340234336641508
1340234424997593
1340234512763042
1340234601344597
1340234688867487
1340234777652156
1340234865547777
1340234952871717
1340235041941166
1340235128875973
1340235220316530
1340235308768613
1340235400842918
1340235489120394
1340235577004577
1340235664818814
1340235753066661
1340235841069034
1340235929171421
1340236017454865
1340236105832753
1340236192665746
1340236280764999
1340236368691696
1340236456868322
1340236545588445
1340236633165779
1340236720941820
1340236809017928
1340236900801928
1340236992901636
1340237080901395
1340237172695691
1340237260780987
1340237349453558
1340237437137868
1340237525870634
1340237613028427
1340237700984348
1340237788826056
1340237876781251
1340237965079292
1340238052922963
1340238140774594
1340238228767413
1340238316745291
1340238404890807
1340238493687711
1340238581991593
1340238669738994
1340238756810149
1340238845066478
1340238933551562
1340239020681920
1340239109098341
1340239196664561
1340239284741393
1340239372808500
1340239461096675
1340239548829583
1340239636755269
1340239725112917
1340239813840561
1340239902275318
1340239990223298
1340240081036248
1340240168757971
1340240256671673
1340240345104428
1340240432960424
1340240521237940
1340240610195984
1340240698274772
1340240785381974
1340240873335700
1340240962022551
1340241048713607
1340241140625884
1340241228777818
1340241316740516
1340241408848987
1340241497171198
