1340664431294876
1340664521488458
1340664610925509
1340664702009809
1340664791653205
1340664885997224
1340664980039066
1340665074225594
1340665169557198
1340665257540631
1340665345607908
1340665433568206
1340665527006875
1340665613472183
1340665703683095
1340665794044081
1340665888990524
1340665986447062
1340666074962271
1340666165604818
1340666253862874
1340666345569546
1340666434767265
1340666521631231
1340666615883581
1340666710549457
1340666800414531
1340666894647175
1340666985583441
1340667078312307
1340667169570807
1340667257596653
1340667351399553
1340667438347943
1340667530894745
1340667621995449
1340667715269778
1340667806338475
1340667900087944
1340667989994815
1340668084304172
1340668173605733
1340668261571726
1340668350480839
1340668438354801
1340668529961330
1340668623997926
1340668713628753
1340668807261459
1340668893524079
1340668987254842
1340669074754222
1340669169580966
1340669257536052
1340669350298317
1340669437517377
1340669532798656
1340669621639275
1340669715040371
1340669802726107
1340669897098790
1340669985799716
1340670079616815
1340670165575902
1340670255354890
1340670346521436
1340670435901996
1340670526307047
1340670619441030
1340670707249734
1340670801290848
1340670890319227
1340670982552395
1340671069999450
1340671165634796
1340671254212670
1340671348236766
1340671438429133
1340671527954773
1340671618162242
1340671712399216
1340671802528921
1340671895617733
1340671987412324
1340672080347695
1340672169582779
1340672257569405
1340672346449616
1340672434321376
1340672523412832
1340672619117904
1340672706929693
1340672800818540
1340672890771838
1340672985432111
1340673078303461
1340673165697105
1340673254680964
1340673347326198
1340673434839305
