1340820022287809
1340820114348998
1340820206094942
1340820294270855
1340820386247896
1340820478096881
1340820570254248
1340820662294062
1340820758182348
1340820850102731
1340820942194473
1340821034265619
1340821126024610
1340821218116066
1340821310247421
1340821402229948
1340821494214912
1340821586082364
1340821678320983
1340821770069295
1340821862166897
1340821954017793
1340822046170690
1340822142163551
1340822230152937
1340822322061263
1340822414206235
1340822506078982
1340822598288558
1340822690031476
1340822782121931
1340822874058522
1340822966054112
1340823058185768
1340823150124602
1340823242178532
1340823334069686
1340823426223192
1340823517985580
1340823610105375
1340823702032033
1340823790093160
1340823882205152
1340823970149231
1340824062257920
1340824154140399
1340824246052949
1340824338056801
1340824430291809
1340824522249272
1340824614073710
1340824706363570
1340824798178269
1340824890212011
1340824982123930
1340825074322550
1340825166145442
1340825258087590
1340825350066940
1340825442211222
1340825534096502
1340825622168154
1340825714151980
1340825806200191
1340825898346021
1340825990181266
1340826082371755
1340826174238988
1340826266132916
1340826358322176
1340826450114157
1340826542189609
1340826630242391
1340826722212679
1340826814163534
1340826906210558
1340826998100795
1340827090191646
1340827182193958
1340827274210334
1340827366249585
1340827458203998
1340827546210598
1340827638197936
1340827730141473
1340827822220792
1340827914220950
1340828006193262
1340828098208915
1340828194102169
1340828286151205
1340828378275658
1340828470113742
1340828562158445
1340828654211875
1340828746019810
1340828838108993
1340828930074125
1340829022235415
1340829114239922
