1340792098375530
1340792190157814
1340792288793345
1340792386492656
1340792480866180
1340792574788171
1340792673550183
1340792762605891
1340792858093770
1340792950423942
1340793043886770
1340793138132024
1340793226198858
1340793318612665
1340793414926325
1340793506994642
1340793600436329
1340793695960077
1340793794372018
1340793892436380
1340793990168379
1340794090384432
1340794182131506
1340794274099938
1340794366351279
1340794461909705
1340794558209790
1340794658336014
1340794751282695
1340794850642742
1340794943879273
1340795043297755
1340795134169945
1340795226416754
1340795318146873
1340795410252488
1340795500832568
1340795599425598
1340795692693787
1340795790180557
1340795882120004
1340795974497550
1340796069202557
1340796166139680
1340796256401283
1340796358773716
1340796448550869
1340796547379369
1340796640796294
1340796735137473
1340796829241157
1340796923880018
1340797029032893
1340797124645865
1340797218229335
1340797307655771
1340797406229130
1340797501579994
1340797602204801
1340797696909763
1340797794212154
1340797895943588
1340797994446331
1340798095386337
1340798186247698
1340798280979136
1340798378174703
1340798474083372
1340798567305985
1340798663192529
1340798756102532
1340798854354666
1340798948683111
1340799050161743
1340799142185138
1340799234176500
1340799327025133
1340799418480505
1340799510690322
1340799602604693
1340799699531541
1340799794966315
1340799891669312
1340799983787790
1340800086393512
1340800174257971
1340800266392605
1340800360038340
1340800451379383
1340800542338220
1340800636141395
1340800731738849
1340800832169452
1340800929032002
1340801026122982
1340801126126909
1340801214149555
1340801303863306
1340801402087842
1340801490073381
