1340628153954879
1340628241221889
1340628329779913
1340628417723240
1340628511177505
1340628598575563
1340628691866798
1340628782322905
1340628874501308
1340628961214748
1340629049310588
1340629137213841
1340629225468183
1340629317303001
1340629409348271
1340629507899425
1340629598587970
1340629689250347
1340629778866024
1340629869781230
1340629962413222
1340630049347254
1340630137178508
1340630225139719
1340630313393771
1340630401247019
1340630489158340
1340630577387511
1340630665235146
1340630753116574
1340630841223053
1340630934955132
1340631025191318
1340631113370742
1340631201184511
1340631290227497
1340631381304165
1340631469664967
1340631557817542
1340631645282627
1340631733307577
1340631822655827
1340631913205513
1340632002481461
1340632089465674
1340632181206468
1340632269179879
1340632357661796
1340632445723205
1340632539618901
1340632635276775
1340632721462003
1340632813594577
1340632906013425
1340632993308550
1340633081244931
1340633173231396
1340633261387643
1340633349255367
1340633437190068
1340633525441949
1340633617391513
1340633705181234
1340633797244087
1340633886660140
1340633978452533
1340634065199832
1340634153107482
1340634241201264
1340634333553172
1340634421191225
1340634509551205
1340634597344946
1340634687002172
1340634778946488
1340634865237577
1340634953121753
1340635045293580
1340635133353797
1340635221187307
1340635310968272
1340635401255531
1340635489200561
1340635577232094
1340635669328184
1340635757130211
1340635845427596
1340635933312198
1340636021550834
1340636115779189
1340636205083922
1340636298982488
1340636389102944
1340636477223706
1340636565138486
1340636657277117
1340636745028779
1340636833393555
1340636925769902
1340637017227847
