1340365877511840
1340365966479642
1340366054437802
1340366141575808
1340366229489566
1340366317457363
1340366405664669
1340366494281864
1340366581601918
1340366671480435
1340366757589165
1340366846358889
1340366938429453
1340367025998431
1340367114369014
1340367201562528
1340367290312436
1340367377501996
1340367467706157
1340367558295628
1340367646945068
1340367737562393
1340367826108095
1340367914321499
1340368003976163
1340368093924078
1340368183701051
1340368269544473
1340368358032534
1340368447708330
1340368545509518
1340368642048211
1340368738007018
1340368826257764
1340368913664680
1340369002455117
1340369089926943
1340369177598917
1340369265472229
1340369353627927
1340369446882814
1340369535802373
1340369631296559
1340369724577654
1340369819345667
1340369913393231
1340370002305966
1340370094449308
1340370181505023
1340370269452587
1340370357696925
1340370447793301
1340370537508407
1340370625735359
1340370714318839
1340370804379897
1340370896697893
1340370991997453
1340371082890334
1340371169631733
1340371257878171
1340371346040804
1340371434402983
1340371521767863
1340371611677311
1340371703479277
1340371790101473
1340371878133337
1340371967122456
1340372055049600
1340372145587340
1340372233506528
1340372323254272
1340372409687201
1340372497892155
1340372586256184
1340372677581743
1340372766621894
1340372858131232
1340372945588157
1340373034473576
1340373121788547
1340373209572127
1340373297763613
1340373389696381
1340373479999073
1340373569552309
1340373658748730
1340373746558191
1340373835409934
1340373923474530
1340374011364179
1340374099296361
1340374185502147
1340374273296074
1340374362124987
1340374450833529
1340374545487674
1340374636408864
1340374732790870
