1340365791541075
1340365877620202
1340365966628224
1340366054578750
1340366141690609
1340366229604832
1340366317572688
1340366405767312
1340366494425401
1340366581705723
1340366671702729
1340366757693127
1340366846502288
1340366938579230
1340367026162470
1340367114513219
1340367201677377
1340367290453437
1340367377596240
1340367467987326
1340367558441041
1340367647128143
1340367737667450
1340367826272388
1340367914463148
1340368004256805
1340368094041811
1340368183797699
1340368269659806
1340368358172493
1340368447950472
1340368545883404
1340368642447083
1340368738385433
1340368826403130
1340368913781797
1340369002599540
1340369090038959
1340369177715865
1340369265575345
1340369353717010
1340369447065750
1340369536052937
1340369631502454
1340369724945059
1340369819551666
1340369913737855
1340370002467957
1340370094597862
1340370181620115
1340370269553406
1340370357797382
1340370447914052
1340370537617912
1340370625830127
1340370714454694
1340370804625288
1340370896890759
1340370992204926
1340371083061620
1340371169722327
1340371257987938
1340371346185683
1340371434544509
1340371521867672
1340371611917079
1340371703577530
1340371790230575
1340371878258856
1340371967316587
1340372055236076
1340372145703008
1340372233622919
1340372323461220
1340372409777534
1340372498009348
1340372586397786
1340372677685273
1340372766778016
1340372858253157
1340372945691461
1340373034631208
1340373121900057
1340373209699144
1340373297861435
1340373389785346
1340373480268302
1340373569675221
1340373658922411
1340373746714563
1340373835614557
1340373923693018
1340374011570681
1340374099488641
1340374185617547
1340374273405957
1340374362261771
1340374451009985
1340374545847675
1340374636686135
