1340673619568818
1340673714623804
1340673803197195
1340673897759267
1340673990851865
1340674086406784
1340674173388002
1340674261534535
1340674355353114
1340674441973072
1340674529485460
1340674621943184
1340674709548637
1340674801542533
1340674895378123
1340674989752821
1340675083381014
1340675169389675
1340675258114612
1340675350046627
1340675438848474
1340675533199498
1340675627398138
1340675721576349
1340675809501575
1340675901461323
1340675999902987
1340676093510185
1340676181440635
1340676269485166
1340676359077537
1340676450072163
1340676544219004
1340676634191867
1340676727369558
1340676818066658
1340676906380878
1340676998254265
1340677092783688
1340677181417325
1340677275101389
1340677365408339
1340677454804203
1340677546519507
1340677635465555
1340677725955040
1340677819619985
1340677913924972
1340678007666840
1340678094290602
1340678181430835
1340678269812778
1340678363900327
1340678454208833
1340678546497534
1340678634404491
1340678732362467
1340678822218215
1340678915466088
1340679006667756
1340679100385865
1340679189370075
1340679278208912
1340679369855478
1340679458812843
1340679546334591
1340679638305688
1340679729602145
1340679823647868
1340679913342235
1340680007639652
1340680099053117
1340680185390315
1340680273399678
1340680367962585
1340680459197405
1340680550660381
1340680637287116
1340680726984374
1340680814398070
1340680908058942
1340680998097384
1340681091899674
1340681181183088
1340681269359719
1340681357385254
1340681446051294
1340681534379474
1340681626233567
1340681715619164
1340681805298750
1340681894370010
1340681987313764
1340682074577789
1340682165513571
1340682253280026
1340682347621004
1340682437987887
1340682530992238
1340682618473115
