1340529891317701
1340529891778044
1340529892235309
1340529892672355
1340529893094351
1340529893587536
1340529894041907
1340529894500691
1340529894961131
1340529895462459
1340529895916706
1340529896406133
1340529896885552
1340529897307604
1340529897836246
1340529898324444
1340529898749154
1340529899205211
1340529899747868
1340529900295148
1340529900782864
1340529901237692
1340529901681195
1340529902227721
1340529902752271
1340529903359576
1340529903911727
1340529904463585
1340529908617759
1340529909181294
1340529909701513
1340529910171795
1340529910686320
1340529911166218
1340529911680346
1340529912163776
1340529912720371
1340529913319046
1340529913927187
1340529914515188
1340529915023184
1340529915545104
1340529916024081
1340529916501541
1340529917014618
1340529919213269
1340529919783773
1340529920327808
1340529920841778
1340529921336035
1340529921903768
1340529922514120
1340529923039282
1340529923564414
1340529924075689
1340529924647131
1340529925151200
1340529925737079
1340529926244814
1340529926840784
1340529927360474
1340529927859583
1340529928434267
1340529928979029
1340529929507156
1340529930019188
1340529930543450
1340529930986768
1340529931443089
1340529931941112
1340529932487547
1340529933029682
1340529933554612
1340529934070723
1340529934541153
1340529935115573
1340529936577375
1340529937034396
1340529937593336
1340529938083839
1340529938574746
1340529939019510
1340529939545551
1340529940202679
1340529940752377
1340529941222347
1340529941732226
1340529942210226
1340529942675086
1340529943141818
1340529943613423
1340529944113077
1340529945743045
1340529946532238
1340529947018607
1340529947530884
1340529947997937
1340529948540323
1340529949014678
1340529949554250
