1340401990208879
1340402086226166
1340402173753894
1340402269133592
1340402363351993
1340402452068589
1340402549697630
1340402646961511
1340402742222527
1340402834456934
1340402929591346
1340403021776073
1340403109714244
1340403197700033
1340403285760822
1340403373564418
1340403462675406
1340403556685454
1340403651295796
1340403741616440
1340403833707563
1340403923333521
1340404016351721
1340404113050813
1340404201650413
1340404289741254
1340404381589899
1340404469619942
1340404561032138
1340404649912919
1340404737894620
1340404825940971
1340404917994143
1340405010499009
1340405097586109
1340405185789035
1340405276027056
1340405369923292
1340405458350352
1340405546057722
1340405635345442
1340405728512695
1340405826199650
1340405914745777
1340406007882815
1340406098563810
1340406185799288
1340406273703010
1340406361528690
1340406449808691
1340406545180151
1340406639406508
1340406728098624
1340406817875385
1340406906312199
1340406993992364
1340407086840064
1340407173714946
1340407261753307
1340407349718494
1340407437880725
1340407526923725
1340407613744250
1340407705635385
1340407796325497
1340407889643985
1340407985804306
1340408074526572
1340408161787645
1340408249728624
1340408338509106
1340408425608472
1340408514853160
1340408609925445
1340408698623042
1340408786485808
1340408874364220
1340408963784747
1340409057109038
1340409149720268
1340409237641855
1340409329833699
1340409418720101
1340409507857865
1340409605142312
1340409702246380
1340409797650688
1340409885916212
1340409974663629
1340410062912260
1340410149726643
1340410237693986
1340410333109100
1340410425778151
1340410515982986
1340410605832257
1340410699205451
1340410787032288
1340410875206564
1340410966607921
