1340511098232476
1340511186330383
1340511277287869
1340511374926403
1340511463241171
1340511556267439
1340511646367259
1340511744756943
1340511842528167
1340511940470580
1340512040809540
1340512134361428
1340512222394948
1340512320956230
1340512415335150
1340512510700174
1340512608785081
1340512702396102
1340512798818227
1340512896206739
1340512996480793
1340513095313415
1340513186346932
1340513276813125
1340513371339776
1340513462769115
1340513551674172
1340513651271161
1340513739757994
1340513839901587
1340513936033476
1340514031695542
1340514129113321
1340514218295726
1340514307681844
1340514402374038
1340514496568172
1340514590426467
1340514686606166
1340514775906449
1340514872680818
1340514964137471
1340515063192669
1340515154317454
1340515242349637
1340515331416198
1340515419239838
1340515515800581
1340515610514656
1340515700578668
1340515799156614
1340515894625226
1340515986349078
1340516083530496
1340516174320462
1340516262315172
1340516353499679
1340516445174056
1340516540808587
1340516642635484
1340516738354328
1340516834224390
1340516931915489
1340517039835045
1340517134349483
1340517222330805
1340517311745888
1340517406259446
1340517501046042
1340517594296562
1340517689136713
1340517787798144
1340517884337791
1340517982622660
1340518079889534
1340518170320436
1340518258103495
1340518348805031
1340518438843919
1340518535873950
1340518632619466
1340518726701623
1340518815551564
1340518908567708
1340519009353342
1340519102448169
1340519190449456
1340519278544284
1340519367692021
1340519459275521
1340519551285938
1340519642518710
1340519730254984
1340519822412659
1340519919194539
1340520010512963
1340520102419532
1340520190288640
1340520288860823
1340520383663594
