1340303663699779
1340303759328046
1340303856168284
1340303952057398
1340304041891202
1340304129167756
1340304217145016
1340304305106140
1340304393154362
1340304481860842
1340304569636351
1340304657200046
1340304746674170
1340304834048138
1340304923292239
1340305015348109
1340305103060691
1340305189194656
1340305278058816
1340305365568285
1340305455062546
1340305541580279
1340305630624918
1340305717379111
1340305805802382
1340305894000677
1340305983320933
1340306075686726
1340306169058231
1340306258059798
1340306349919757
1340306437731473
1340306525715237
1340306613482122
1340306701510579
1340306789170528
1340306877709310
1340306966160271
1340307053175430
1340307141027829
1340307233537704
1340307321634245
1340307409219080
1340307497605253
1340307585232091
1340307673364143
1340307762490945
1340307850379985
1340307937295320
1340308026182351
1340308113140427
1340308201239515
1340308289209055
1340308377040666
1340308466210139
1340308559253279
1340308651733309
1340308741372389
1340308830648210
1340308917609304
1340309006158513
1340309093135196
1340309181073484
1340309269130459
1340309357519566
1340309445726348
1340309533807608
1340309624077385
1340309719739805
1340309815838862
1340309912194547
1340310002301158
1340310089674181
1340310181124622
1340310269513421
1340310357693406
1340310447136001
1340310533741565
1340310621525084
1340310709773829
1340310799576470
1340310896168455
1340310991263155
1340311084182734
1340311173210774
1340311260963067
1340311349712652
1340311437659244
1340311525814571
1340311614250734
1340311702971349
1340311789455605
1340311877580906
1340311966425279
1340312059114630
1340312149058306
1340312237495888
1340312325887488
1340312413819619
1340312501602720
