1340214853881413
1340214854975553
1340214856159922
1340214857300321
1340214858403977
1340214859428549
1340214860612056
1340214861759802
1340214862869280
1340214863971975
1340214865044293
1340214866250755
1340214867307560
1340214868468600
1340214869551954
1340214870496023
1340214871404927
1340214872464184
1340214873644215
1340214874699729
1340214875857640
1340214876909692
1340214877714166
1340214878452285
1340214879188873
1340214880136727
1340214880893581
1340214881638499
1340214882381086
1340214883080021
1340214883771125
1340214884471857
1340214885170835
1340214885861894
1340214886571284
1340214887330646
1340214888049657
1340214888716786
1340214889371566
1340214890020851
1340214890677336
1340214891286086
1340214891891182
1340214892509545
1340214893117895
1340214893723185
1340214894355421
1340214895040970
1340214895784610
1340214896551015
1340214897224426
1340214897886993
1340214898672047
1340214899464251
1340214900255659
1340214901055181
1340214901827971
1340214902601518
1340214903324920
1340214904056068
1340214904811064
1340214905566716
1340214906321790
1340214907082309
1340214907806604
1340214908552188
1340214909297044
1340214910018802
1340214910748285
1340214911473845
1340214912199957
1340214912925443
1340214913560685
1340214914180968
1340214914806738
1340214915445476
1340214916066427
1340214916665196
1340214917297366
1340214917952332
1340214918637382
1340214919313248
1340214919995905
1340214920683160
1340214921373458
1340214922051153
1340214922722582
1340214923383878
1340214924055381
1340214924724401
1340214925387974
1340214926064175
1340214926771443
1340214927479732
1340214928343132
1340214929264073
1340214930159102
1340214930928034
1340214931759205
1340214932622040
