1340303615665969
1340303711750621
1340303807716999
1340303903676422
1340303997283076
1340304085961522
1340304173185575
1340304261093144
1340304349594275
1340304437137186
1340304525275440
1340304613720112
1340304701828189
1340304789595109
1340304878816295
1340304967730710
1340305059051543
1340305145178125
1340305233072160
1340305321799804
1340305409555557
1340305497188878
1340305585997222
1340305673877578
1340305761347866
1340305849231757
1340305938427154
1340306031129638
1340306125411074
1340306213148625
1340306305746162
1340306393302398
1340306481201636
1340306569508334
1340306658514061
1340306745230726
1340306833628344
1340306921304000
1340307009553336
1340307098097217
1340307185053021
1340307278603506
1340307365708792
1340307453618394
1340307541153226
1340307629640652
1340307717497421
1340307805707831
1340307893743113
1340307981856301
1340308069613379
1340308157183919
1340308245782096
1340308333497726
1340308421549793
1340308511663716
1340308604098081
1340308699039749
1340308786001887
1340308873598145
1340308961771793
1340309050816901
1340309137145360
1340309225074378
1340309313305994
1340309401388390
1340309489316868
1340309579049213
1340309671971558
1340309767555889
1340309863751630
1340309957540805
1340310045166648
1340310137126809
1340310225838816
1340310313738571
1340310401758479
1340310489668472
1340310577648959
1340310665745629
1340310754119792
1340310848177471
1340310944091543
1340311035468458
1340311129081294
1340311217088777
1340311305239750
1340311393124819
1340311481096692
1340311569145083
1340311657502614
1340311745640537
1340311833438641
1340311921637838
1340312014324829
1340312103358459
1340312193047137
1340312281175653
1340312369439380
1340312457590157
