1340619059944188
1340619153140773
1340619241147743
1340619329131798
1340619417394175
1340619511301317
1340619602329183
1340619693445610
1340619788221128
1340619882003462
1340619979325403
1340620069751274
1340620165077596
1340620253118814
1340620347036389
1340620433826359
1340620526828091
1340620614644074
1340620706306784
1340620793441892
1340620882477259
1340620974309734
1340621062908321
1340621153150739
1340621241129528
1340621335287619
1340621422016320
1340621515684171
1340621605721670
1340621697432028
1340621786017627
1340621880126766
1340621975583827
1340622065612199
1340622157126243
1340622245190407
1340622334377078
1340622421195080
1340622510793839
1340622601175933
1340622695299625
1340622793931856
1340622887093278
1340622980180570
1340623075079052
1340623165146122
1340623253914464
1340623346586513
1340623433368214
1340623527043054
1340623617114024
1340623709602266
1340623802908489
1340623895108026
1340623986652519
1340624080144989
1340624173571448
1340624261182050
1340624349082128
1340624437151531
1340624524962153
1340624620267746
1340624712958598
1340624801012337
1340624889161637
1340624977716165
1340625070898969
1340625165108304
1340625253274000
1340625341321627
1340625429926176
1340625522851331
1340625610395846
1340625697118652
1340625785601815
1340625874637216
1340625967731478
1340626062638432
1340626153188942
1340626241159709
1340626334826790
1340626421346236
1340626515339645
1340626602352301
1340626693222233
1340626787034424
1340626878855442
1340626970608685
1340627059064149
1340627149145161
1340627237628470
1340627331344170
1340627417755742
1340627511332186
1340627602233669
1340627693028245
1340627782633746
1340627875710806
1340627971332661
1340628063337120
