1340438185928881
1340438274120312
1340438366896017
1340438454333698
1340438542066257
1340438629971315
1340438718329397
1340438805941139
1340438898030581
1340438988307753
1340439080357592
1340439174024551
1340439261956530
1340439354366403
1340439441993283
1340439530793634
1340439619126329
1340439706205592
1340439794197198
1340439887483053
1340439978194629
1340440067025548
1340440154045665
1340440246100619
1340440340598707
1340440430001907
1340440524980423
1340440621399959
1340440711598947
1340440803030776
1340440890017356
1340440984663208
1340441073840377
1340441161865362
1340441251033825
1340441339834155
1340441430990873
1340441519007276
1340441606255598
1340441700666786
1340441798311932
1340441887461713
1340441973966812
1340442063592837
1340442157940471
1340442245972752
1340442333980910
1340442421862348
1340442510069011
1340442599897706
1340442692903138
1340442785845758
1340442875243352
1340442974365901
1340443061981260
1340443149939356
1340443237992819
1340443326029593
1340443413801455
1340443510011240
1340443607724133
1340443699376649
1340443786026568
1340443875354820
1340443974349011
1340444061839333
1340444149782370
1340444237949385
1340444326957551
1340444414400641
1340444501804076
1340444593004433
1340444684060715
1340444778705931
1340444869985206
1340444959126389
1340445047444695
1340445137932807
1340445225933651
1340445313807998
1340445401888164
1340445491189053
1340445579095331
1340445666903897
1340445753889202
1340445841970344
1340445931063287
1340446019163434
1340446106034475
1340446193966194
1340446281894917
1340446369734493
1340446461922531
1340446549798477
1340446637952282
1340446725845851
1340446814082539
1340446901932910
1340446997460306
1340447085884930
