1340520431175031
1340520526826608
1340520627438110
1340520730843195
1340520827852892
1340520926694149
1340521020635246
1340521118206687
1340521207441612
1340521304944529
1340521398468252
1340521486362346
1340521578191050
1340521674252857
1340521766716553
1340521855829511
1340521952599476
1340522053816301
1340522142318275
1340522234567404
1340522330439958
1340522418508121
1340522507957411
1340522606176972
1340522696966195
1340522794577914
1340522884147686
1340522981090027
1340523078798634
1340523166423124
1340523255441075
1340523351773365
1340523444010137
1340523541458211
1340523636401893
1340523740325290
1340523838724022
1340523929782349
1340524026786191
1340524124225398
1340524214341240
1340524302395187
1340524394364232
1340524489067556
1340524589658298
1340524686704202
1340524788023116
1340524882943515
1340524978732269
1340525072552688
1340525162408946
1340525250370157
1340525338431686
1340525426392600
1340525522395715
1340525612024705
1340525710701142
1340525810727606
1340525902385401
1340525999402186
1340526100072902
1340526190381739
1340526278435766
1340526367729948
1340526465738209
1340526562243499
1340526664033369
1340526763576045
1340526861769527
1340526951390179
1340527045352857
1340527142445075
1340527231786180
1340527332345414
1340527422651940
1340527518431169
1340527611790126
1340527709460539
1340527806657758
1340527907978752
1340528005400108
1340528103895515
1340528194392614
1340528283663114
1340528374758807
1340528471871336
1340528570242748
1340528667810143
1340528767922619
1340528868659175
1340528962878286
1340529057479835
1340529150384432
1340529239901549
1340529339309373
1340529430756722
1340529526261843
1340529614705876
1340529711368264
1340529811998947
