1340556769183138
1340556858681794
1340556948096032
1340557039015638
1340557129175635
1340557217152188
1340557306173466
1340557393236954
1340557481752222
1340557571116042
1340557657785363
1340557747092931
1340557837210797
1340557925137604
1340558014145389
1340558103289934
1340558193128191
1340558281707833
1340558369665326
1340558457398859
1340558546391797
1340558635031948
1340558724125544
1340558820685317
1340558910800540
1340559000106530
1340559091075860
1340559177166485
1340559265980584
1340559355657704
1340559445353942
1340559534738572
1340559621312112
1340559711015170
1340559799657597
1340559890785597
1340559979665123
1340560071487678
1340560161139749
1340560249249323
1340560339561141
1340560429968543
1340560518038148
1340560606674638
1340560695620605
1340560788126145
1340560878634145
1340560967346367
1340561059327636
1340561149097719
1340561241207619
1340561330397427
1340561417672499
1340561505102104
1340561594796890
1340561681121706
1340561770995386
1340561859329964
1340561952121811
1340562043004746
1340562129103800
1340562217123767
1340562307159579
1340562393200135
1340562482363489
1340562569111521
1340562659728642
1340562752143756
1340562843663642
1340562933081491
1340563022254274
1340563111750408
1340563201678587
1340563289320952
1340563377081178
1340563470289387
1340563558304082
1340563645959851
1340563733018905
1340563821474181
1340563910306014
1340563999682492
1340564089186733
1340564176956994
1340564265749716
1340564355271113
1340564449067998
1340564541094177
1340564629633184
1340564718580687
1340564807010903
1340564895678852
1340564985059873
1340565073897454
1340565165108054
1340565253118930
1340565346092687
1340565433234310
1340565521698042
1340565609418908
