1340637158023765
1340637246058838
1340637336907719
1340637426169302
1340637518802711
1340637607551817
1340637694133431
1340637786077462
1340637873995129
1340637963361492
1340638050110179
1340638138133470
1340638231031804
1340638318150384
1340638407274041
1340638495530185
1340638583159293
1340638670540896
1340638758080860
1340638846647209
1340638934709560
1340639022455496
1340639110401258
1340639198523749
1340639286360619
1340639378242343
1340639466433133
1340639554177791
1340639642175580
1340639730458982
1340639822320221
1340639910025493
1340640002231199
1340640090269741
1340640178178200
1340640266274474
1340640354704938
1340640442035986
1340640530238149
1340640622115380
1340640715704416
1340640810170272
1340640901981643
1340640992155546
1340641087485894
1340641177905578
1340641266027449
1340641354372982
1340641446231904
1340641540475207
1340641630045101
1340641718132336
1340641806124154
1340641895861408
1340641986109815
1340642078079058
1340642185615178
1340642275277865
1340642365381224
1340642456333315
1340642550077848
1340642638102214
1340642727590339
1340642821844747
1340642915458945
1340643006400915
1340643096969401
1340643186070136
1340643274166443
1340643365153136
1340643455010012
1340643553152066
1340643649988622
1340643738871449
1340643830900494
1340643922769763
1340644010493986
1340644101250868
1340644190057738
1340644278191731
1340644366843830
1340644457602384
1340644546183329
1340644638214552
1340644735734582
1340644829289552
1340644927033015
1340645023042723
1340645114131480
1340645202391524
1340645294158761
1340645386076090
1340645477005647
1340645570807775
1340645661698992
1340645751266294
1340645846106844
1340645945640644
1340646038041515
1340646126163332
