1340691558451571
1340691646548707
1340691734685446
1340691822718209
1340691910633878
1340691998541117
1340692086554361
1340692174531314
1340692265366414
1340692354623304
1340692442598969
1340692530552365
1340692618513662
1340692706703965
1340692794491594
1340692882555392
1340692970518706
1340693058545426
1340693146584795
1340693234647789
1340693322460824
1340693410659360
1340693498544967
1340693586625812
1340693674502600
1340693762723863
1340693850613487
1340693938672808
1340694026631149
1340694114718470
1340694202542074
1340694290752008
1340694378666951
1340694466670250
1340694554568233
1340694642701929
1340694730592088
1340694818610995
1340694906641088
1340694994841694
1340695082539143
1340695170488473
1340695258607220
1340695346761130
1340695434869463
1340695522610811
1340695610453756
1340695698544676
1340695786535313
1340695874614348
1340695962536624
1340696050576933
1340696138651835
1340696226541795
1340696314642780
1340696402712321
1340696490631630
1340696578696329
1340696666583739
1340696754562854
1340696842714966
1340696930582743
1340697018774590
1340697107922866
1340697198631217
1340697286588659
1340697374619152
1340697462568322
1340697550623329
1340697638547518
1340697726639032
1340697814529037
1340697902591994
1340697990851603
1340698078614557
1340698166725801
1340698254533155
1340698342641160
1340698434655550
1340698522551346
1340698610457935
1340698698517213
1340698786724237
1340698874645142
1340698962680689
1340699050557557
1340699138484634
1340699230795230
1340699318691579
1340699406566121
1340699494705517
1340699582533579
1340699670695091
1340699758583086
1340699846709455
1340699934636672
1340700022526401
1340700110602227
1340700202624050
1340700290538425
