1340347937955189
1340348025414168
1340348124794501
1340348213289797
1340348301326083
1340348389433117
1340348477421421
1340348565339967
1340348653389938
1340348741403764
1340348829469892
1340348917313483
1340349005445237
1340349093426201
1340349181301593
1340349269426019
1340349357461453
1340349445346016
1340349533426213
1340349621312286
1340349709412059
1340349797347839
1340349885255675
1340349973418253
1340350061397685
1340350149229979
1340350237455548
1340350325353868
1340350413406149
1340350501337903
1340350589357495
1340350677320943
1340350765498671
1340350853453550
1340350941402905
1340351029284109
1340351117209786
1340351205311427
1340351297365822
1340351385302514
1340351473434108
1340351561345828
1340351649366906
1340351737296695
1340351825317550
1340351913310702
1340352001216327
1340352089448895
1340352184044902
1340352273416225
1340352361441692
1340352449443125
1340352537478010
1340352625489924
1340352713391462
1340352801340375
1340352889304217
1340352977325263
1340353065313966
1340353157176523
1340353245483554
1340353333319822
1340353421469962
1340353509389920
1340353597707262
1340353685514889
1340353773936546
1340353862625672
1340353949502443
1340354037375000
1340354125449444
1340354214207737
1340354304450655
1340354393929430
1340354482219863
1340354572069767
1340354662404228
1340354749534007
1340354837455087
1340354925461095
1340355017752301
1340355105463003
1340355193404834
1340355281417984
1340355369939468
1340355459283948
1340355549482306
1340355637565088
1340355726858858
1340355813483348
1340355905590182
1340355994115292
1340356082841698
1340356169421469
1340356257437779
1340356350338925
1340356437512089
1340356528218649
1340356625500224
1340356719472247
