1340534491708479
1340534537428621
1340534582717223
1340534627919498
1340534675447711
1340534720206842
1340534767589238
1340534813434822
1340534857458454
1340534901465818
1340534945548472
1340534989428964
1340535033784435
1340535077702368
1340535121465442
1340535165429991
1340535209407516
1340535253380966
1340535297355847
1340535346003959
1340535389469118
1340535433490199
1340535477912214
1340535522086420
1340535565422266
1340535610615725
1340535654015518
1340535697134179
1340535742584899
1340535788297927
1340535836485744
1340535883408649
1340535927793379
1340535974963141
1340536019539463
1340536065628533
1340536110045693
1340536153413081
1340536197427480
1340536241394528
1340536285351804
1340536329360255
1340536373275782
1340536418580573
1340536464094265
1340536509384393
1340536554330054
1340536599333021
1340536641978233
1340536687994650
1340536733376481
1340536778118032
1340536822835702
1340536867992097
1340536913486508
1340536958311938
1340537007738387
1340537050037013
1340537093127122
1340537137439386
1340537181393093
1340537225374908
1340537270785044
1340537316457370
1340537364760667
1340537409814901
1340537454649993
1340537499135769
1340537544038269
1340537590042748
1340537633693140
1340537678570522
1340537723562259
1340537770494205
1340537813916404
1340537857803189
1340537901420901
1340537945845450
1340537990199737
1340538034303317
1340538077215604
1340538121380950
1340538165340999
1340538209465387
1340538253403597
1340538297644794
1340538343015384
1340538385738151
1340538430245053
1340538474903248
1340538519698455
1340538568110093
1340538614908392
1340538659884541
1340538708367581
1340538756794700
1340538804922889
1340538851720199
1340538900338270
1340538947956230
