1340754680431875
1340754782296898
1340754874612447
1340754965981527
1340755060981603
1340755157831285
1340755246984224
1340755338295205
1340755431383665
1340755526154622
1340755618951174
1340755710479722
1340755801977804
1340755902557667
1340755995272030
1340756090835361
1340756181638704
1340756269883695
1340756365624137
1340756454993161
1340756554344214
1340756642548466
1340756741589829
1340756829987767
1340756922898074
1340757011579344
1340757112958228
1340757201881488
1340757289830471
1340757378417495
1340757472727307
1340757563197124
1340757659019762
1340757751449948
1340757851052805
1340757943344544
1340758038885009
1340758129905157
1340758218237630
1340758313423847
1340758410055435
1340758497917605
1340758593923376
1340758688080398
1340758786558348
1340758885694057
1340758975162979
1340759068400184
1340759161914764
1340759249897050
1340759346595827
1340759439305181
1340759530520451
1340759628103726
1340759718098628
1340759812616512
1340759907680892
1340760000123171
1340760089895764
1340760177808342
1340760266960481
1340760364325991
1340760455001325
1340760549160045
1340760644185203
1340760744150697
1340760840458612
1340760933931361
1340761022819823
1340761118033348
1340761205848238
1340761297809563
1340761390614385
1340761478192395
1340761571129392
1340761665791524
1340761760678398
1340761863284809
1340761960687162
1340762054243679
1340762145950965
1340762233839265
1340762328389052
1340762418252726
1340762512654111
1340762603121458
1340762697634042
1340762790284264
1340762885309162
1340762975162378
1340763063843821
1340763153888685
1340763241857537
1340763330949398
1340763422959164
1340763510117555
1340763603351000
1340763691788769
1340763793343674
1340763882909118
