1340383798162260
1340383886586993
1340383976287627
1340384067233647
1340384157470776
1340384245834550
1340384334418839
1340384422842559
1340384511189269
1340384604085009
1340384700387484
1340384797752032
1340384892709496
1340384981977821
1340385074433320
1340385165711885
1340385257996595
1340385346056167
1340385433832953
1340385522640308
1340385609686076
1340385702440799
1340385790598461
1340385885233639
1340385979405175
1340386073011471
1340386161649806
1340386249708144
1340386337925801
1340386427028476
1340386514730824
1340386603925459
1340386694783823
1340386781620526
1340386869711795
1340386959032712
1340387052407068
1340387145644739
1340387233627152
1340387322341460
1340387409981520
1340387497648959
1340387588062549
1340387680453916
1340387769663340
1340387857683852
1340387945676561
1340388034405769
1340388130156185
1340388217873492
1340388313809304
1340388406510260
1340388501632821
1340388590354341
1340388678261873
1340388766505054
1340388855569945
1340388947506665
1340389036471016
1340389129663879
1340389217628953
1340389305653710
1340389393723010
1340389484765235
1340389573883882
1340389661955375
1340389750796646
1340389839831121
1340389930181734
1340390018795211
1340390110978760
1340390197634646
1340390285704160
1340390373711976
1340390463756059
1340390555329539
1340390643553876
1340390739524453
1340390838074743
1340390931217412
1340391017680936
1340391105877255
1340391193587764
1340391282376051
1340391369504069
1340391458403655
1340391545966039
1340391633799672
1340391722931121
1340391812413730
1340391908570625
1340392005333917
1340392100042488
1340392189683585
1340392281724807
1340392371471940
1340392459401685
1340392545680606
1340392634144097
1340392724148201
