1340565741007719
1340565828846047
1340565916841857
1340566004785045
1340566093258636
1340566180854425
1340566268791009
1340566356727918
1340566444712975
1340566532821556
1340566621128417
1340566708692114
1340566796772306
1340566884855755
1340566976620577
1340567068644620
1340567156795989
1340567244588558
1340567332571809
1340567420810470
1340567508835200
1340567596672255
1340567684847702
1340567772922187
1340567860793113
1340567948839853
1340568036766392
1340568124637443
1340568212586243
1340568300703897
1340568388843054
1340568476679961
1340568564622451
1340568652772438
1340568740719429
1340568828646454
1340568916752500
1340569004801163
1340569092795710
1340569180715948
1340569268718559
1340569356702512
1340569444697337
1340569532674641
1340569621120102
1340569708679678
1340569796660098
1340569884669732
1340569972714630
1340570060712465
1340570148723299
1340570236743379
1340570324703368
1340570412787929
1340570500571931
1340570588662574
1340570676832946
1340570764675993
1340570852727039
1340570940728812
1340571028786818
1340571116633469
1340571204803170
1340571292711150
1340571380964568
1340571468694736
1340571556591434
1340571644802233
1340571732698773
1340571820733621
1340571908693493
1340571996679694
1340572084846476
1340572172757888
1340572260746060
1340572348695523
1340572436693310
1340572524613168
1340572612680210
1340572700831672
1340572788705303
1340572876694313
1340572964717041
1340573052767401
1340573140725426
1340573228671109
1340573316669208
1340573404792454
1340573492714402
1340573580673217
1340573668651696
1340573756705311
1340573844707382
1340573932680855
1340574020742966
1340574108726781
1340574196752115
1340574284645505
1340574372697295
1340574460715062
