1340259301075391
1340259388937102
1340259477068523
1340259565209799
1340259654665968
1340259742670065
1340259830968770
1340259917204582
1340260005863682
1340260094695513
1340260180787185
1340260268749725
1340260356702881
1340260448995391
1340260537141352
1340260626216152
1340260714966051
1340260802689128
1340260889692237
1340260977493640
1340261065245780
1340261152731335
1340261240905243
1340261329237896
1340261417118131
1340261505496441
1340261593664880
1340261681804313
1340261769048505
1340261857355507
1340261946677865
1340262034119770
1340262125523370
1340262212890748
1340262305242821
1340262392967537
1340262481304093
1340262569356415
1340262657226959
1340262745276540
1340262833161014
1340262921217306
1340263009241548
1340263098436555
1340263184858679
1340263273144109
1340263361686065
1340263448888401
1340263537119110
1340263624943813
1340263713340095
1340263800968702
1340263892800355
1340263981142954
1340264069202077
1340264160796365
1340264248842121
1340264338026044
1340264425589190
1340264513456840
1340264601996851
1340264688891278
1340264781369491
1340264869715488
1340264957244555
1340265045092757
1340265132938971
1340265220868606
1340265309410551
1340265397136181
1340265485329689
1340265574246525
1340265663001180
1340265750990675
1340265837221439
1340265925336840
1340266013273309
1340266101274139
1340266188846388
1340266276827579
1340266365396429
1340266453143224
1340266541431789
1340266630590790
1340266718989716
1340266807016736
1340266894972508
1340266982413308
1340267069282381
1340267156932043
1340267244886874
1340267333500397
1340267421121737
1340267509035259
1340267597590544
1340267685259696
1340267773676645
1340267862357572
1340267950998290
1340268037635145
