1340473646178159
1340473735060054
1340473829136943
1340473924803429
1340474015323111
1340474111013953
1340474198171806
1340474286122947
1340474378373965
1340474474243399
1340474569574060
1340474659375790
1340474751254992
1340474839754120
1340474932763918
1340475031606602
1340475126118949
1340475214115095
1340475302251909
1340475390481781
1340475482183280
1340475571392196
1340475667078782
1340475756898737
1340475846881906
1340475944841741
1340476039341909
1340476130189814
1340476219368126
1340476313773366
1340476406664006
1340476498833803
1340476594313310
1340476685081018
1340476781401743
1340476879048136
1340476971682317
1340477063264649
1340477154097783
1340477243433218
1340477337676799
1340477431354517
1340477518771973
1340477612381580
1340477710494458
1340477803171246
1340477897893319
1340477994401790
1340478091004276
1340478178084223
1340478266132589
1340478355390652
1340478444033015
1340478536642288
1340478632644847
1340478731117788
1340478827052870
1340478921951170
1340479019092634
1340479110122095
1340479198131427
1340479286114184
1340479374872712
1340479462336247
1340479552016313
1340479643709834
1340479741894448
1340479838477920
1340479935200294
1340480027912582
1340480122069711
1340480210137631
1340480300067929
1340480398328319
1340480496408083
1340480594572324
1340480689443568
1340480786398461
1340480882176921
1340480980799274
1340481079815486
1340481170003003
1340481259255539
1340481359012147
1340481447895491
1340481539762365
1340481633865558
1340481728511468
1340481822238178
1340481912423006
1340482011627714
1340482110817001
1340482198104814
1340482288815837
1340482382758577
1340482474138195
1340482565293752
1340482659220451
1340482750500842
1340482845529105
