1340268039060951
1340268125555181
1340268212995376
1340268301416515
1340268389473691
1340268477941573
1340268565693008
1340268653373421
1340268741407006
1340268833713354
1340268921269152
1340269010388964
1340269099395231
1340269188909976
1340269277306651
1340269366461045
1340269453485343
1340269541106885
1340269629506650
1340269717919313
1340269805050404
1340269894603653
1340269982322703
1340270069718801
1340270156999143
1340270245445888
1340270335052552
1340270421773805
1340270511019387
1340270597401542
1340270685836738
1340270773570488
1340270861013387
1340270949183417
1340271037201240
1340271129054849
1340271217012024
1340271305428154
1340271393271983
1340271482306511
1340271569106151
1340271662090863
1340271750697716
1340271841073992
1340271929623009
1340272017464384
1340272105858188
1340272192913815
1340272281090879
1340272369091094
1340272457029228
1340272545020281
1340272638344055
1340272726504365
1340272815391630
1340272911415109
1340273004026033
1340273093432917
1340273181001911
1340273268959873
1340273360977506
1340273450113511
1340273537474836
1340273625141232
1340273713065618
1340273802361004
1340273891439105
1340273987358005
1340274079438134
1340274172906930
1340274261250713
1340274349373498
1340274441030092
1340274529843457
1340274617140049
1340274705098355
1340274793344523
1340274881842986
1340274969713788
1340275059051840
1340275144957775
1340275232886121
1340275325898526
1340275413202610
1340275501081945
1340275589437504
1340275677475682
1340275764952259
1340275853439063
1340275941441303
1340276029150272
1340276117456780
1340276204925643
1340276293452097
1340276381717834
1340276469484126
1340276558731311
1340276645522323
1340276733668661
1340276821347215
