1340232748851445
1340232836727304
1340232924746656
1340233013108778
1340233101885344
1340233188660589
1340233276765365
1340233365034416
1340233453080684
1340233542313581
1340233630293098
1340233718251628
1340233805866545
1340233892633972
1340233981132221
1340234069300829
1340234156762053
1340234244709060
1340234336647254
1340234425005225
1340234512769103
1340234601355804
1340234688873803
1340234777667478
1340234865565010
1340234952879157
1340235041962142
1340235128883672
1340235220322511
1340235308783277
1340235400853221
1340235489134857
1340235577012704
1340235664825877
1340235753075154
1340235841079576
1340235929181286
1340236017469749
1340236105849535
1340236192671431
1340236280769459
1340236368698003
1340236456872752
1340236545605741
1340236633175677
1340236720950348
1340236809026065
1340236900807729
1340236992906133
1340237080910194
1340237172700269
1340237260796598
1340237349465680
1340237437149438
1340237525887372
1340237613038025
1340237700991089
1340237788832124
1340237876785996
1340237965091545
1340238052929688
1340238140780472
1340238228772113
1340238316754528
1340238404901422
1340238493702990
1340238582014664
1340238669754381
1340238756815891
1340238845074938
1340238933568622
1340239020687498
1340239109115517
1340239196669292
1340239284747132
1340239372813156
1340239461105878
1340239548834034
1340239636762100
1340239725121782
1340239813861448
1340239902296261
1340239990249693
1340240081042346
1340240168763749
1340240256676216
1340240345117081
1340240432968081
1340240521251037
1340240610216822
1340240698300897
1340240785394076
1340240873350785
1340240962041207
1340241048719973
1340241140630538
1340241228783695
1340241316745125
1340241408857279
1340241497182803
