1340374734913028
1340374822400634
1340374910345630
1340374997899683
1340375089611338
1340375177630675
1340375265712074
1340375361546467
1340375449523480
1340375539053844
1340375625629819
1340375717520910
1340375807735329
1340375898965896
1340375986508581
1340376074249227
1340376161598754
1340376250165425
1340376341569647
1340376429567712
1340376518869507
1340376606265605
1340376694837218
1340376788238568
1340376885275733
1340376981117355
1340377072599806
1340377165598081
1340377254172830
1340377341381584
1340377430932766
1340377519468123
1340377608224143
1340377699933533
1340377790561702
1340377877578667
1340377967399309
1340378055985587
1340378149592184
1340378237581621
1340378331207596
1340378417904816
1340378505720066
1340378594567221
1340378685641354
1340378773656869
1340378862441660
1340378949846349
1340379037721718
1340379126256285
1340379213510599
1340379303455684
1340379389684213
1340379479060991
1340379569620133
1340379658303820
1340379747640000
1340379839972277
1340379929898825
1340380019336567
1340380106138948
1340380193595306
1340380281621881
1340380369932425
1340380458453970
1340380552091936
1340380647463336
1340380737682448
1340380826359206
1340380913733271
1340381002781904
1340381090271686
1340381177589040
1340381265608296
1340381354217263
1340381442696842
1340381530468670
1340381624962184
1340381716388426
1340381813601639
1340381909610058
1340381997645839
1340382090376816
1340382181639342
1340382276486636
1340382365677164
1340382453768131
1340382542468710
1340382630599905
1340382717563309
1340382807706857
1340382903994781
1340382999929824
1340383089682600
1340383177597248
1340383265672802
1340383353900890
1340383441687138
1340383530885010
1340383618825563
