1340539089162406
1340539176647209
1340539264599642
1340539353331844
1340539441035421
1340539529182482
1340539616894548
1340539705910704
1340539797469116
1340539885686362
1340539973843071
1340540061570974
1340540148663647
1340540236683960
1340540325483458
1340540412857314
1340540500737876
1340540588766652
1340540676602239
1340540764647712
1340540852862785
1340540940623195
1340541029433913
1340541116970218
1340541204615797
1340541292712841
1340541380663363
1340541469187552
1340541556962348
1340541644896833
1340541732699172
1340541821245141
1340541908627930
1340541996896960
1340542085896477
1340542176652187
1340542264867328
1340542353432788
1340542441138827
1340542529138055
1340542617731305
1340542705720136
1340542797909235
1340542888656398
1340542976896032
1340543065528797
1340543152637753
1340543240712005
1340543332797827
1340543421107994
1340543508610136
1340543596830135
1340543685643462
1340543777866901
1340543869724620
1340543956774624
1340544045640859
1340544132687767
1340544220687383
1340544313361049
1340544400769066
1340544489373780
1340544577717213
1340544665558674
1340544753757992
1340544841618127
1340544928574934
1340545016691616
1340545105179606
1340545192667915
1340545280683842
1340545368610870
1340545457155982
1340545544678840
1340545632891966
1340545720747626
1340545808732789
1340545896784229
1340545985524667
1340546073557589
1340546160424769
1340546252755487
1340546341236627
1340546428885326
1340546516604177
1340546604882311
1340546693572611
1340546785421511
1340546873475266
1340546960837793
1340547048417505
1340547136674892
1340547224801083
1340547312641889
1340547400774025
1340547488772363
1340547576902646
1340547665452089
1340547753718184
1340547840674795
