1340365877511406
1340365966478926
1340366054437212
1340366141575144
1340366229489061
1340366317456907
1340366405664079
1340366494281155
1340366581601459
1340366671479508
1340366757588656
1340366846358248
1340366938428773
1340367025997658
1340367114368331
1340367201562034
1340367290311735
1340367377501349
1340367467704660
1340367558294957
1340367646944242
1340367737561836
1340367826107285
1340367914320830
1340368003975298
1340368093923417
1340368183700484
1340368269543931
1340368358031867
1340368447707282
1340368545507985
1340368642046467
1340368738005324
1340368826257198
1340368913664237
1340369002454092
1340369089926111
1340369177598189
1340369265471715
1340369353627456
1340369446882022
1340369535801402
1340369631295661
1340369724575717
1340369819344758
1340369913391882
1340370002305070
1340370094448623
1340370181504484
1340370269451902
1340370357696468
1340370447792684
1340370537507749
1340370625734795
1340370714318190
1340370804378792
1340370896697028
1340370991996388
1340371082889536
1340371169631207
1340371257877486
1340371346040021
1340371434402074
1340371521767122
1340371611676340
1340371703478743
1340371790100917
1340371878132505
1340371967121554
1340372055048760
1340372145586833
1340372233506008
1340372323253390
1340372409686685
1340372497891563
1340372586255603
1340372677581221
1340372766621189
1340372858130253
1340372945587279
1340373034472860
1340373121787934
1340373209571619
1340373297763053
1340373389695868
1340373479998040
1340373569551771
1340373658747871
1340373746557557
1340373835408507
1340373923473716
1340374011363094
1340374099295489
1340374185501659
1340374273295548
1340374362124507
1340374450832711
1340374545486145
1340374636407658
1340374732789628
