1340294665861924
1340294753102882
1340294841158282
1340294929577053
1340295017677074
1340295105484249
1340295193010720
1340295281023320
1340295373113342
1340295462379587
1340295549672827
1340295637099374
1340295725106400
1340295818042875
1340295905685250
1340295994139832
1340296082370950
1340296169044907
1340296261181084
1340296349094617
1340296442226464
1340296531807037
1340296627913902
1340296723623038
1340296814304079
1340296901536627
1340296989496282
1340297078045449
1340297165660107
1340297253127298
1340297341374449
1340297429146843
1340297517960049
1340297611901764
1340297707397827
1340297795515508
1340297891150257
1340297981638420
1340298069409487
1340298157001529
1340298245996696
1340298332921446
1340298421760021
1340298509907615
1340298597774064
1340298686015783
1340298774915974
1340298867499758
1340298963490205
1340299055062395
1340299145065148
1340299232974730
1340299321105216
1340299409337688
1340299497334899
1340299585995384
1340299673373201
1340299761623274
1340299850101938
1340299937168937
1340300026982904
1340300117246320
1340300205872008
1340300295362251
1340300381904274
1340300469785078
1340300557399230
1340300645581515
1340300734343224
1340300822083068
1340300909124811
1340300997534763
1340301085670385
1340301173054579
1340301261102442
1340301349637614
1340301437506749
1340301527078477
1340301614196255
1340301701405644
1340301789430101
1340301877247608
1340301965848822
1340302053700859
1340302145068461
1340302233118556
1340302320992530
1340302409176718
1340302498149747
1340302587567112
1340302679920282
1340302769175206
1340302857987752
1340302945569517
1340303034029952
1340303121061888
1340303209032845
1340303301039552
1340303389636495
1340303477721855
