1340637112343708
1340637201228618
1340637290770025
1340637381515789
1340637470754932
1340637561109470
1340637651395437
1340637738670607
1340637831343189
1340637917220986
1340638005196895
1340638094803304
1340638181245467
1340638273956284
1340638362507914
1340638451118400
1340638538743182
1340638625902661
1340638713134913
1340638801610671
1340638889247740
1340638977480947
1340639065488235
1340639153053612
1340639241511469
1340639333775204
1340639421351165
1340639509326623
1340639598081828
1340639685739022
1340639773428493
1340639865291242
1340639957462796
1340640045223265
1340640133325030
1340640221228393
1340640309495237
1340640397245534
1340640485523992
1340640573843751
1340640667710776
1340640763129152
1340640854320513
1340640945545818
1340641039137260
1340641133265038
1340641221136398
1340641309289932
1340641397164456
1340641493471037
1340641585078823
1340641673233164
1340641761304067
1340641849714552
1340641942242179
1340642030516869
1340642125460547
1340642229376378
1340642318710592
1340642409516887
1340642503349983
1340642593303479
1340642681247170
1340642771785462
1340642866449600
1340642961217022
1340643049885661
1340643141272277
1340643229220717
1340643317285503
1340643409746038
1340643503725761
1340643599315538
1340643693597235
1340643783226338
1340643874907388
1340643965246970
1340644053271131
1340644145274780
1340644233296975
1340644321708690
1340644409572061
1340644503052330
1340644589776402
1340644687219416
1340644781922612
1340644875767688
1340644975434472
1340645066455551
1340645157244698
1340645246580279
1340645339467355
1340645429859106
1340645523727651
1340645614423657
1340645705289526
1340645799407794
1340645895368833
1340645990580776
1340646081031700
