1340530038886170
1340530085314030
1340530128991476
1340530173265555
1340530217446619
1340530265259777
1340530313210802
1340530357234014
1340530401148957
1340530445897736
1340530489378624
1340530533323957
1340530576990892
1340530621309372
1340530665217890
1340530709659176
1340530754410169
1340530800047397
1340530847011049
1340530892159107
1340530939641553
1340530984921336
1340531029012506
1340531073393700
1340531117048737
1340531161221848
1340531205377440
1340531249123510
1340531293387616
1340531337693628
1340531381257879
1340531425266697
1340531473111360
1340531517466352
1340531562096917
1340531605875796
1340531649261594
1340531693220515
1340531741279352
1340531785223547
1340531829347568
1340531873350355
1340531917207321
1340531961419351
1340532005587787
1340532053732669
1340532098876231
1340532141357711
1340532185245440
1340532229231995
1340532273232641
1340532317277552
1340532362070320
1340532405224488
1340532449164267
1340532493054637
1340532537424858
1340532582261948
1340532626972937
1340532671405261
1340532715693910
1340532764221657
1340532809309232
1340532853765837
1340532897267935
1340532941738406
1340532986436157
1340533029138249
1340533073989093
1340533120706816
1340533165246584
1340533209257846
1340533253288329
1340533297302649
1340533341344296
1340533385237888
1340533429289502
1340533474647848
1340533517433731
1340533561255672
1340533605092777
1340533649478315
1340533697288024
1340533741333111
1340533785067711
1340533829293305
1340533873186455
1340533917329119
1340533961248414
1340534005278837
1340534048849137
1340534093308400
1340534137252293
1340534181223693
1340534225311067
1340534269374568
1340534313443760
1340534357463250
1340534401213544
1340534445324689
