1340312502666308
1340312589318402
1340312678611863
1340312765755617
1340312853952481
1340312941251304
1340313029941107
1340313117820439
1340313205937572
1340313298099215
1340313385922071
1340313474738066
1340313565734261
1340313653924377
1340313742101387
1340313830804816
1340313918133205
1340314007201712
1340314093657759
1340314181343638
1340314273922526
1340314362641756
1340314450631684
1340314540184124
1340314634485033
1340314723867907
1340314814588366
1340314901335508
1340314989844627
1340315077770242
1340315165119850
1340315253278064
1340315341233263
1340315429739823
1340315518224872
1340315607786132
1340315704161048
1340315800413983
1340315896628569
1340315989244806
1340316077841755
1340316169180889
1340316257158788
1340316346050112
1340316433249538
1340316521320264
1340316609807104
1340316702102216
1340316790960339
1340316884695891
1340316980441637
1340317071869247
1340317161260287
1340317249284672
1340317337276548
1340317429446477
1340317517230359
1340317606557592
1340317693817256
1340317781281902
1340317877335555
1340317966668874
1340318053322702
1340318141195038
1340318229182077
1340318317666962
1340318409527916
1340318498187714
1340318585746272
1340318673218228
1340318761961813
1340318849713034
1340318937775227
1340319029500599
1340319121317462
1340319214964374
1340319307817667
1340319397094667
1340319487770221
1340319578024625
1340319665901108
1340319754629099
1340319843199296
1340319929565135
1340320022404230
1340320113163972
1340320201925388
1340320289867706
1340320377312710
1340320470649250
1340320563750077
1340320659756992
1340320757770268
1340320845350475
1340320933588542
1340321021182325
1340321110219419
1340321197313200
1340321285288128
1340321373623871
