1340285790474027
1340285878080821
1340285966884184
1340286054268463
1340286144918975
1340286233134470
1340286321123807
1340286409149870
1340286497480719
1340286586053607
1340286674615531
1340286761840161
1340286853146721
1340286941581720
1340287029699713
1340287123155443
1340287208982138
1340287297128721
1340287385053171
1340287477116513
1340287565631876
1340287653146949
1340287741637958
1340287829643015
1340287921879137
1340288009089302
1340288097775613
1340288185035045
1340288272967711
1340288365460141
1340288454030883
1340288543387817
1340288633386380
1340288721530231
1340288809889302
1340288897657705
1340288986525839
1340289073638272
1340289160991540
1340289249134772
1340289337509706
1340289425623248
1340289514510653
1340289601178585
1340289689375364
1340289778665733
1340289867125164
1340289953300868
1340290043251123
1340290129118539
1340290217106182
1340290305195960
1340290393467556
1340290483086525
1340290571390497
1340290663156428
1340290753115102
1340290842358356
1340290929270541
1340291017514770
1340291105360997
1340291193023717
1340291281093286
1340291373337112
1340291461072599
1340291550435455
1340291638319851
1340291731876637
1340291827222780
1340291919731214
1340292009112188
1340292097180585
1340292185121406
1340292274090520
1340292360971244
1340292449135515
1340292537871798
1340292625621306
1340292713077775
1340292802135001
1340292891527855
1340292985644569
1340293075398132
1340293161182556
1340293249321133
1340293337196115
1340293425637378
1340293513545609
1340293601541287
1340293690302616
1340293777182278
1340293865532387
1340293957131090
1340294047237191
1340294137040632
1340294224987222
1340294313343904
1340294401549874
1340294489193581
1340294577169564
