1340727310782077
1340727397815654
1340727485981177
1340727574041749
1340727661990689
1340727753978031
1340727846012201
1340727933934097
1340728021940179
1340728109922743
1340728197845789
1340728286008077
1340728373986074
1340728462011315
1340728550001902
1340728637868797
1340728725998847
1340728813990171
1340728901849070
1340728989913034
1340729077996983
1340729169760191
1340729257974885
1340729345782574
1340729437889224
1340729531365747
1340729619049728
1340729705994372
1340729793961882
1340729881954349
1340729969963722
1340730058049890
1340730145747318
1340730234015568
1340730321990253
1340730410088703
1340730498001874
1340730585974844
1340730673889224
1340730762032114
1340730850031399
1340730937985936
1340731026000732
1340731126010769
1340731213785940
1340731303043358
1340731389959628
1340731477986492
1340731565960461
1340731653883424
1340731741886901
1340731829818648
1340731918095360
1340732005922187
1340732093995419
1340732181941820
1340732270041704
1340732361759703
1340732449989111
1340732541982997
1340732633988388
1340732722017963
1340732809953254
1340732898048944
1340732986001066
1340733073955257
1340733165775177
1340733257911226
1340733345986057
1340733433966844
1340733521986173
1340733609980736
1340733698082874
1340733785941961
1340733873984547
1340733962029111
1340734050020669
1340734141857975
1340734229833769
1340734317947461
1340734405944105
1340734494013932
1340734582007843
1340734673779233
1340734762041157
1340734850070965
1340734937974348
1340735025915011
1340735113988293
1340735201708139
1340735289989935
1340735381949000
1340735470093183
1340735563663712
1340735649953034
1340735738027374
1340735825977123
1340735913961168
1340736001867066
1340736090024297
