1340214934709683
1340214935714812
1340214936621426
1340214937614646
1340214938735405
1340214939850492
1340214940885970
1340214941991543
1340214942985963
1340214944031324
1340214945123854
1340214946501435
1340214947663552
1340214948887864
1340214950074601
1340214951232270
1340214952369137
1340214953635383
1340214954919713
1340214956134159
1340214957319812
1340214958643910
1340214959922564
1340214961373441
1340214962611146
1340214963853058
1340214965271373
1340214966738129
1340214968111757
1340214969694556
1340214971184212
1340214972454618
1340214973698092
1340214974960835
1340214976205421
1340214977461176
1340214978710987
1340214979942248
1340214981203059
1340214982445804
1340214983662118
1340214984928244
1340214986177527
1340214987442084
1340214988710885
1340214989830958
1340214991005038
1340214992236358
1340214993408886
1340214994439864
1340214995365612
1340214996333387
1340214997242470
1340214998165602
1340214999067642
1340215000603054
1340215001819547
1340215002754965
1340215003729605
1340215004688230
1340215005703811
1340215006568670
1340215007528049
1340215008411332
1340215009286297
1340215010173220
1340215011123480
1340215011976833
1340215012905238
1340215013902490
1340215014903389
1340215015930270
1340215017026679
1340215018088687
1340215018978165
1340215019942604
1340215021068499
1340215022201307
1340215023407861
1340215024744866
1340215026020709
1340215027221393
1340215028476175
1340215029802067
1340215031140198
1340215032378901
1340215033705307
1340215035023883
1340215036441151
1340215037869293
1340215039192190
1340215040655545
1340215042080914
1340215043437361
1340215044808994
1340215046200908
1340215047502318
1340215048585389
1340215049754736
1340215050827805
