1340214853885806
1340214854978490
1340214856162922
1340214857303320
1340214858406901
1340214859432814
1340214860615045
1340214861762822
1340214862872307
1340214863974965
1340214865047658
1340214866254079
1340214867310552
1340214868471507
1340214869554828
1340214870498932
1340214871409120
1340214872467166
1340214873647262
1340214874702665
1340214875860607
1340214876912603
1340214877718175
1340214878454548
1340214879191144
1340214880139090
1340214880895884
1340214881640760
1340214882383335
1340214883082248
1340214883773387
1340214884475154
1340214885173080
1340214885864140
1340214886573536
1340214887332932
1340214888051703
1340214888718853
1340214889373677
1340214890022923
1340214890679380
1340214891288149
1340214891894129
1340214892511604
1340214893119957
1340214893725258
1340214894357474
1340214895043034
1340214895786767
1340214896553174
1340214897226579
1340214897889095
1340214898674416
1340214899467647
1340214900258024
1340214901057516
1340214901831898
1340214902605018
1340214903327239
1340214904058412
1340214904813407
1340214905569037
1340214906324130
1340214907084667
1340214907808922
1340214908554523
1340214909299363
1340214910021122
1340214910751658
1340214911476195
1340214912202290
1340214912927793
1340214913562594
1340214914182868
1340214914808644
1340214915447365
1340214916069237
1340214916667145
1340214917299260
1340214917955049
1340214918639285
1340214919315153
1340214919997825
1340214920685067
1340214921375394
1340214922053058
1340214922724510
1340214923386600
1340214924057269
1340214924726332
1340214925391927
1340214926066091
1340214926773331
1340214927481640
1340214928346047
1340214929266037
1340214930161080
1340214930930011
1340214931761172
1340214932623945
