1340709218688618
1340709306761676
1340709394773016
1340709482709813
1340709570665879
1340709658676482
1340709746591880
1340709834659773
1340709922714850
1340710010986295
1340710098675647
1340710186718573
1340710274601115
1340710362771845
1340710450635908
1340710538646843
1340710626603852
1340710714641762
1340710802615635
1340710890772345
1340710978611667
1340711066582879
1340711154712837
1340711242625722
1340711330632607
1340711418687248
1340711506616226
1340711594564319
1340711682697233
1340711770845391
1340711858739248
1340711946625276
1340712034715426
1340712122768611
1340712210685837
1340712298654914
1340712386809918
1340712474520431
1340712562698681
1340712650684861
1340712738744758
1340712826651253
1340712914743074
1340713002532436
1340713090727144
1340713182740776
1340713270649422
1340713358849136
1340713446640897
1340713534668430
1340713622764748
1340713710692562
1340713798837125
1340713886684040
1340713974910836
1340714064574139
1340714158877355
1340714246794921
1340714335308069
1340714422817574
1340714514524867
1340714605795173
1340714704416257
1340714798799317
1340714886918927
1340714976646627
1340715075930298
1340715170936392
1340715258782729
1340715353001777
1340715448934016
1340715539195321
1340715626665394
1340715718434471
1340715811708049
1340715904457252
1340715999554111
1340716090654307
1340716182598877
1340716270732749
1340716359138305
1340716451768802
1340716547520694
1340716638718167
1340716727856993
1340716829359967
1340716923534462
1340717015670178
1340717107124616
1340717194989764
1340717282835845
1340717372322532
1340717464619066
1340717568488550
1340717659196224
1340717749717804
1340717839396562
1340717931472549
1340718022654011
1340718119229003
