1340356808038457
1340356898643103
1340356986443352
1340357078269251
1340357165599501
1340357253599344
1340357341501125
1340357429662243
1340357519129367
1340357612795699
1340357707161970
1340357800872095
1340357896535655
1340357985947201
1340358074342600
1340358165605078
1340358255144601
1340358342212179
1340358429853656
1340358517656529
1340358605634633
1340358693748645
1340358784519530
1340358880675793
1340358975134841
1340359062982112
1340359153637603
1340359241560789
1340359330614284
1340359418915467
1340359509556176
1340359599075632
1340359685821398
1340359777696855
1340359866806218
1340359953627394
1340360042295375
1340360129588001
1340360217661620
1340360306207194
1340360393622901
1340360482640972
1340360571553885
1340360659635147
1340360749625546
1340360838778807
1340360926326830
1340361013506592
1340361101733032
1340361189570368
1340361277580015
1340361365581223
1340361454840304
1340361545729842
1340361634218581
1340361721941295
1340361811157677
1340361901696282
1340361991050949
1340362078248651
1340362165549908
1340362253908632
1340362342523510
1340362429611508
1340362520536089
1340362616482350
1340362714090169
1340362802279649
1340362890246854
1340362977640333
1340363065574260
1340363153553144
1340363241510348
1340363329704776
1340363417782691
1340363509778531
1340363600498655
1340363696863779
1340363793578791
1340363889733008
1340363982708483
1340364070203128
1340364157679327
1340364245567425
1340364339123211
1340364425735667
1340364515674170
1340364601651555
1340364693856690
1340364784196239
1340364879880071
1340364976978735
1340365072097079
1340365165598013
1340365253622125
1340365342347622
1340365430023364
1340365517586649
1340365608094761
1340365699403939
