1340773318818803
1340773412920487
1340773508713472
1340773603950574
1340773699865436
1340773795216405
1340773887070041
1340773982178175
1340774075519093
1340774163725747
1340774255513704
1340774347318142
1340774439580030
1340774535930277
1340774634934454
1340774729403321
1340774829512922
1340774924806757
1340775017492185
1340775112092609
1340775203421479
1340775293641005
1340775387527739
1340775479547562
1340775575862347
1340775677436713
1340775773863140
1340775870957420
1340775964093975
1340776068156397
1340776159511569
1340776247474710
1340776338842318
1340776429619205
1340776525718515
1340776627964042
1340776724315172
1340776816426063
1340776912666100
1340777007579260
1340777100119541
1340777191478183
1340777280902512
1340777375421039
1340777468380863
1340777564071457
1340777660173819
1340777757729426
1340777853336557
1340777943488411
1340778040508348
1340778131469458
1340778219357269
1340778310438821
1340778403638858
1340778491438685
1340778589986697
1340778683703697
1340778784929465
1340778879242495
1340778977083581
1340779067644806
1340779163693706
1340779258619277
1340779348261964
1340779442117089
1340779535437457
1340779627759071
1340779719543185
1340779814035785
1340779903463699
1340779994084764
1340780091790387
1340780183464786
1340780272416821
1340780367503233
1340780460024247
1340780556366442
1340780651954133
1340780751396249
1340780845919334
1340780947156002
1340781040492458
1340781132321722
1340781223997633
1340781319229269
1340781409092400
1340781510015741
1340781605191578
1340781701848670
1340781795154571
1340781883779080
1340781982185552
1340782075700598
1340782167470796
1340782255417770
1340782343229641
1340782431524517
1340782521629335
1340782615756500
