1340792098893554
1340792190412869
1340792289271128
1340792386768006
1340792481343779
1340792575045518
1340792674077460
1340792762965543
1340792858691621
1340792950643181
1340793044375557
1340793138387921
1340793226462440
1340793318871089
1340793415204123
1340793507272634
1340793601058805
1340793696385829
1340793794610385
1340793893033656
1340793990456294
1340794091074689
1340794182399237
1340794274364548
1340794366577838
1340794462505137
1340794558493561
1340794659055198
1340794751597106
1340794851359180
1340794944266022
1340795043610045
1340795134434187
1340795226670824
1340795318411424
1340795410465120
1340795501310623
1340795599688646
1340795693172227
1340795790394081
1340795882394183
1340795974738924
1340796069814485
1340796166419946
1340796256881156
1340796359117057
1340796448999783
1340796547707457
1340796641155469
1340796735438356
1340796829754914
1340796924266897
1340797029546714
1340797125122913
1340797218452543
1340797307998384
1340797406490031
1340797502131288
1340797602501607
1340797697390531
1340797794484681
1340797896355913
1340797994680351
1340798095713048
1340798186477538
1340798281534791
1340798378382209
1340798474738543
1340798567633352
1340798663519934
1340798756586933
1340798854600625
1340798949160416
1340799050452537
1340799142450094
1340799234476598
1340799327312544
1340799418756717
1340799510970168
1340799602853883
1340799699877917
1340799795253194
1340799892047258
1340799984174988
1340800086648253
1340800174496344
1340800266612000
1340800360438092
1340800451705245
1340800542557508
1340800636539726
1340800732119729
1340800832380313
1340800929543587
1340801026388116
1340801126728033
1340801214404459
1340801304253011
1340801402337443
1340801490336846
