1340214684530233
1340214685650947
1340214686630147
1340214687526864
1340214688363288
1340214689113648
1340214689767408
1340214690415761
1340214690993398
1340214691684614
1340214692241740
1340214692858653
1340214693461760
1340214693990515
1340214694534533
1340214695068624
1340214695673164
1340214696029165
1340214696438171
1340214696802439
1340214697119117
1340214697444098
1340214697767617
1340214698078251
1340214698394629
1340214698692291
1340214698994298
1340214699337540
1340214699674498
1340214699983523
1340214700320485
1340214700697698
1340214700994570
1340214701310263
1340214701616880
1340214701935953
1340214702242526
1340214702540747
1340214702858287
1340214703174382
1340214703465824
1340214703785205
1340214704137662
1340214704472032
1340214704785292
1340214705083771
1340214705382473
1340214705679109
1340214706000988
1340214706348775
1340214706710177
1340214707054600
1340214707418590
1340214707781192
1340214708146037
1340214708563154
1340214708982638
1340214709375696
1340214709766646
1340214710156354
1340214710550109
1340214710940428
1340214711315733
1340214711648964
1340214711941307
1340214712238947
1340214712542902
1340214712828918
1340214713104245
1340214713366901
1340214713628467
1340214713915034
1340214714196824
1340214714486849
1340214714775878
1340214715061737
1340214715323572
1340214715586960
1340214715848601
1340214716120345
1340214716384390
1340214716646662
1340214716907100
1340214717173196
1340214717433676
1340214717740497
1340214718030723
1340214718317100
1340214718594327
1340214718868746
1340214719145863
1340214719444095
1340214719730331
1340214719995654
1340214720298072
1340214720599840
1340214720893509
1340214721171884
1340214721464994
1340214721737898
