1340628154071042
1340628241356522
1340628329938225
1340628417882942
1340628511493176
1340628598823074
1340628692275823
1340628782540130
1340628874733612
1340628961350206
1340629049445996
1340629137349216
1340629225589954
1340629317421051
1340629409463017
1340629508309050
1340629598839051
1340629689351740
1340629779131628
1340629869940939
1340629962644214
1340630049479016
1340630137280260
1340630225240121
1340630313490362
1340630401372769
1340630489262793
1340630577534184
1340630665352017
1340630753220606
1340630841364332
1340630935244845
1340631025302281
1340631113487942
1340631201320085
1340631290432425
1340631381404309
1340631469824721
1340631558004507
1340631645400183
1340631733440480
1340631822903611
1340631913330081
1340632002609252
1340632089600773
1340632181310018
1340632269288115
1340632357814829
1340632445881941
1340632539978235
1340632635598288
1340632721602619
1340632813730748
1340632906197857
1340632993431404
1340633081345396
1340633173342087
1340633261523003
1340633349391236
1340633437300722
1340633525560631
1340633617514730
1340633705322606
1340633797378947
1340633886909879
1340633978684071
1340634065335707
1340634153207724
1340634241317766
1340634333699303
1340634421302789
1340634509710104
1340634597459034
1340634687297762
1340634779237116
1340634865360806
1340634953229803
1340635045435023
1340635133500812
1340635221322255
1340635311255926
1340635401355138
1340635489300946
1340635577356517
1340635669452820
1340635757232534
1340635845575082
1340635933433090
1340636021686263
1340636116197822
1340636205199087
1340636299272535
1340636389202963
1340636477335980
1340636565264131
1340636657391775
1340636745135405
1340636833525520
1340636925922159
1340637017329474
