1340473646199280
1340473735092061
1340473829194099
1340473924856468
1340474015359167
1340474111093835
1340474198192807
1340474286144072
1340474378397220
1340474474266560
1340474569637505
1340474659413310
1340474751289712
1340474839794031
1340474932817023
1340475031646488
1340475126142051
1340475214136372
1340475302279365
1340475390508452
1340475482205940
1340475571428789
1340475667158248
1340475756953542
1340475846911468
1340475944895049
1340476039378095
1340476130210822
1340476219412111
1340476313828639
1340476406690549
1340476498865643
1340476594385748
1340476685138262
1340476781463312
1340476879124567
1340476971724086
1340477063302009
1340477154118944
1340477243469350
1340477337738102
1340477431392796
1340477518801568
1340477612425945
1340477710567472
1340477803206852
1340477897959694
1340477994474203
1340478091036155
1340478178105964
1340478266156296
1340478355426756
1340478444077724
1340478536697954
1340478632698017
1340478731198323
1340478827132424
1340478922024935
1340479019126936
1340479110148486
1340479198152434
1340479286135184
1340479374905612
1340479462362880
1340479552069192
1340479643749625
1340479741960870
1340479838550121
1340479935279751
1340480027954621
1340480122092041
1340480210158722
1340480300112465
1340480398359295
1340480496457744
1340480594651790
1340480689505215
1340480786470884
1340480882233894
1340480980852356
1340481079906712
1340481170024574
1340481259292012
1340481359092314
1340481447942972
1340481539802886
1340481633932223
1340481728561094
1340481822259863
1340481912476036
1340482011701743
1340482110872435
1340482198125948
1340482288868729
1340482382790119
1340482474159292
1340482565343844
1340482659256175
1340482750573117
1340482845590795
