1340782771281211
1340782863459418
1340782960397140
1340783056987791
1340783158101119
1340783248638566
1340783346972317
1340783436601367
1340783535073328
1340783629837231
1340783722428013
1340783820281078
1340783915199360
1340784011631032
1340784103112108
1340784189969991
1340784278015411
1340784370006623
1340784463166517
1340784563447685
1340784659785450
1340784760200580
1340784856473695
1340784954025220
1340785047809640
1340785146179767
1340785235674593
1340785334334468
1340785426542285
1340785522066366
1340785617698794
1340785711203332
1340785809251651
1340785902433496
1340785998277490
1340786091215215
1340786178006268
1340786269969221
1340786363890546
1340786454854903
1340786547193455
1340786636260498
1340786735706701
1340786833227188
1340786931585541
1340787029588194
1340787122076565
1340787209999844
1340787299585073
1340787390198072
1340787482179212
1340787576513446
1340787669994649
1340787759482641
1340787854034087
1340787948826297
1340788050331571
1340788142068493
1340788230155385
1340788329240565
1340788422213254
1340788517331282
1340788611454045
1340788707257697
1340788799411863
1340788898547578
1340788991987614
1340789095096359
1340789182024951
1340789272671544
1340789363106523
1340789452238952
1340789546976828
1340789642085260
1340789740638101
1340789837978735
1340789933997883
1340790026279278
1340790124501354
1340790213961080
1340790302093194
1340790389916443
1340790481984506
1340790574268857
1340790671660380
1340790771425574
1340790867344217
1340790959654412
1340791059222943
1340791149889222
1340791238048046
1340791331714048
1340791427217124
1340791518811099
1340791616254356
1340791712559465
1340791810468794
1340791903337377
1340792002384850
1340792096796794
