1340529950740419
1340529951421727
1340529952105953
1340529952870043
1340529953549254
1340529954236153
1340529955002600
1340529956272901
1340529957080484
1340529957863289
1340529958597453
1340529960429730
1340529962961811
1340529963720918
1340529964455639
1340529965221611
1340529965927764
1340529966565796
1340529967299157
1340529968718419
1340529969446561
1340529970048473
1340529970686680
1340529971315587
1340529971952234
1340529972574031
1340529973254025
1340529973963187
1340529974661929
1340529975429028
1340529976079212
1340529976885895
1340529977631125
1340529978322218
1340529978958775
1340529979619032
1340529980305536
1340529981009431
1340529981668445
1340529982320356
1340529983076266
1340529983778755
1340529984431607
1340529985084466
1340529985777483
1340529986499760
1340529987260931
1340529987871049
1340529988513394
1340529989136288
1340529989871943
1340529990664424
1340529991386373
1340529992072192
1340529994473301
1340529995232789
1340529995882128
1340529996664011
1340530000322328
1340530001113104
1340530001849782
1340530002696823
1340530003450867
1340530004133087
1340530004863753
1340530005575701
1340530006487823
1340530007877485
1340530009025703
1340530009673562
1340530011471827
1340530012339409
1340530013206538
1340530013850375
1340530014546508
1340530015351078
1340530016094010
1340530016912688
1340530017597777
1340530018311216
1340530019008177
1340530019704641
1340530020431607
1340530021093205
1340530021723742
1340530022360266
1340530022971027
1340530023582411
1340530024276743
1340530024920885
1340530025639005
1340530026325895
1340530026985669
1340530027970005
1340530028661397
1340530029356939
1340530035672860
1340530036539397
1340530037338425
1340530038141418
