1340347938036866
1340348025499472
1340348124893265
1340348213370982
1340348301417210
1340348389534662
1340348477524030
1340348565433526
1340348653490349
1340348741495742
1340348829545378
1340348917406235
1340349005539335
1340349093526790
1340349181383027
1340349269516361
1340349357539698
1340349445445303
1340349533520220
1340349621415015
1340349709514110
1340349797447719
1340349885330566
1340349973520243
1340350061498504
1340350149307582
1340350237564948
1340350325452961
1340350413506517
1340350501435861
1340350589454727
1340350677418238
1340350765599605
1340350853547888
1340350941506460
1340351029376811
1340351117289213
1340351205392271
1340351297447332
1340351385385407
1340351473535146
1340351561444435
1340351649465009
1340351737393922
1340351825398174
1340351913402081
1340352001298133
1340352089559212
1340352184129226
1340352273501545
1340352361529539
1340352449544847
1340352537565454
1340352625586750
1340352713492441
1340352801438187
1340352889402594
1340352977423578
1340353065410804
1340353157278975
1340353245578746
1340353333411132
1340353421572219
1340353509503243
1340353597791841
1340353685605783
1340353774052726
1340353862790091
1340353949592073
1340354037463109
1340354125552457
1340354214334003
1340354304710854
1340354394033395
1340354482347353
1340354572180476
1340354662547798
1340354749625031
1340354837537117
1340354925541587
1340355017880604
1340355105584173
1340355193507695
1340355281519428
1340355370033215
1340355459489743
1340355549584151
1340355637644455
1340355727023509
1340355813575332
1340355905668730
1340355994225056
1340356083029695
1340356169523651
1340356257521592
1340356350471724
1340356437596077
1340356528478956
1340356625828335
1340356719585117
