1340736178150592
1340736265887007
1340736353908733
1340736441918181
1340736529873400
1340736617822191
1340736705851759
1340736793871154
1340736887137523
1340736973846800
1340737061852098
1340737157674705
1340737249832993
1340737337867388
1340737425828643
1340737513848699
1340737601811822
1340737689843612
1340737777963663
1340737865914833
1340737953813813
1340738041817700
1340738129843361
1340738217627591
1340738305958005
1340738393870197
1340738481843507
1340738569808854
1340738657815705
1340738745875710
1340738833789682
1340738921764828
1340739009869249
1340739097908526
1340739185860439
1340739273998219
1340739361697890
1340739449893460
1340739545284916
1340739637767066
1340739725750141
1340739813786418
1340739901865907
1340739989893230
1340740077856962
1340740165894708
1340740253791748
1340740341910615
1340740435913830
1340740532494757
1340740629598610
1340740723257848
1340740817982544
1340740906851647
1340740998007729
1340741097229783
1340741185888378
1340741273811502
1340741370620893
1340741458883569
1340741546637704
1340741637753643
1340741730494981
1340741827761442
1340741922847330
1340742017660487
1340742109691354
1340742197929433
1340742287140535
1340742381920157
1340742474763789
1340742567776947
1340742658492057
1340742752713934
1340742843001531
1340742931083754
1340743022908252
1340743120426783
1340743209918215
1340743302505822
1340743389868717
1340743481921607
1340743571830493
1340743669836478
1340743763315216
1340743851229557
1340743943864301
1340744038713968
1340744129812053
1340744221904193
1340744312059860
1340744410048452
1340744504256752
1340744593961582
1340744685660215
1340744778000434
1340744872538362
1340744970862855
1340745067919404
1340745162016343
