1340420092301289
1340420181841589
1340420269954147
1340420359043587
1340420446791838
1340420534312082
1340420625922148
1340420716705285
1340420810647113
1340420898635994
1340420986022102
1340421076379770
1340421165843053
1340421255060500
1340421349573066
1340421438016012
1340421525916789
1340421614687090
1340421701910646
1340421792965217
1340421887456539
1340421977878440
1340422066813228
1340422153767864
1340422242910648
1340422339876201
1340422431333775
1340422526344102
1340422621126873
1340422714098024
1340422802792829
1340422890868215
1340422985441701
1340423075780135
1340423169722272
1340423257885617
1340423349895531
1340423438371825
1340423528616115
1340423625836829
1340423721448875
1340423817450194
1340423906390666
1340423995778584
1340424086363402
1340424173740229
1340424261903686
1340424357924013
1340424445855486
1340424535197143
1340424622918104
1340424718051937
1340424812714317
1340424909092722
1340425005329804
1340425094802995
1340425181662815
1340425269898712
1340425360046411
1340425450685404
1340425539714681
1340425630786873
1340425717953500
1340425805838518
1340425893920994
1340425984300994
1340426081859162
1340426169710978
1340426257865762
1340426346094215
1340426434692209
1340426524389442
1340426618796778
1340426709049212
1340426802271131
1340426890580729
1340426978853800
1340427068381580
1340427161804998
1340427254880193
1340427349032538
1340427438602592
1340427527843419
1340427619067606
1340427706139470
1340427801948654
1340427890832191
1340427984724810
1340428074649715
1340428161970293
1340428253949195
1340428345451459
1340428433902501
1340428525022758
1340428619699570
1340428712317918
1340428803032380
1340428893829937
1340428984031204
1340429073897650
