1340664477554876
1340664566544177
1340664659116194
1340664747464616
1340664839924727
1340664932642579
1340665028196052
1340665124977854
1340665214357787
1340665302374484
1340665390393092
1340665479732398
1340665571539975
1340665659114708
1340665747835135
1340665841461748
1340665936890208
1340666030411584
1340666122365856
1340666210616866
1340666302088384
1340666390362860
1340666478401781
1340666567834710
1340666665707695
1340666755702044
1340666850932212
1340666941722881
1340667033027178
1340667126998176
1340667214554066
1340667305720131
1340667394230472
1340667486058955
1340667578511322
1340667669011142
1340667761080918
1340667853414575
1340667946765232
1340668037739177
1340668130359910
1340668218480871
1340668306405313
1340668394332334
1340668484293540
1340668576804732
1340668670856697
1340668759748852
1340668851066585
1340668940873803
1340669031216137
1340669123880336
1340669214449884
1340669304637363
1340669394558769
1340669484719639
1340669579493307
1340669667794976
1340669758529148
1340669850823250
1340669942120113
1340670032958873
1340670122448207
1340670210350952
1340670302502991
1340670390600340
1340670482328483
1340670573421453
1340670663258057
1340670754284949
1340670846573618
1340670938116337
1340671026935996
1340671121701454
1340671210322565
1340671301362323
1340671394581224
1340671483033934
1340671574966649
1340671664726295
1340671758768871
1340671850082698
1340671939816653
1340672034447505
1340672127212297
1340672214471121
1340672302377559
1340672390218819
1340672478382450
1340672571891628
1340672663271617
1340672754211796
1340672846535261
1340672939005316
1340673031651687
1340673123362104
1340673210398970
1340673302152387
1340673390323846
1340673482305938
