1340482893968163
1340482995840375
1340483095777913
1340483186317550
1340483275821808
1340483367572169
1340483459719970
1340483551929276
1340483646324857
1340483743090913
1340483835218731
1340483930531831
1340484022312156
1340484118805285
1340484206403837
1340484294327267
1340484382971927
1340484474944463
1340484570505958
1340484661648555
1340484760740523
1340484860604710
1340484959761609
1340485054688001
1340485146371551
1340485234300367
1340485323577129
1340485415091311
1340485508202733
1340485607568538
1340485703782386
1340485806374831
1340485906354446
1340486002938644
1340486096960904
1340486190263728
1340486279150281
1340486370573137
1340486460450013
1340486558378794
1340486652727636
1340486757310119
1340486859811150
1340486957545176
1340487054048718
1340487146271823
1340487249194838
1340487344444686
1340487441203567
1340487531101139
1340487622328790
1340487714993014
1340487813556612
1340487914015751
1340488008639907
1340488106515787
1340488194392178
1340488282347673
1340488370579610
1340488465807104
1340488561617528
1340488657112257
1340488755730027
1340488855783114
1340488951605758
1340489042753570
1340489130345934
1340489218385372
1340489306670898
1340489394304022
1340489483771548
1340489581488086
1340489671035967
1340489762215708
1340489854359934
1340489942745475
1340490030231462
1340490118245102
1340490210280278
1340490298324014
1340490390481552
1340490482330639
1340490574288943
1340490662313242
1340490750277797
1340490838346619
1340490926462002
1340491018715573
1340491106295973
1340491194439956
1340491282265211
1340491370409895
1340491458857078
1340491551304162
1340491639142524
1340491734495516
1340491830856456
1340491925242886
1340492021725063
1340492118231527
