1340339125950224
1340339213487940
1340339301406785
1340339389439771
1340339477606238
1340339565361500
1340339653315848
1340339741417933
1340339829323474
1340339917369809
1340340005446326
1340340093467558
1340340185676308
1340340273504707
1340340361350291
1340340449484087
1340340537552606
1340340625448299
1340340713437345
1340340801372530
1340340889355433
1340340977349235
1340341065376447
1340341153335119
1340341241414361
1340341329355541
1340341417435483
1340341505495464
1340341593332025
1340341681389913
1340341769379549
1340341857465502
1340341945296775
1340342033397951
1340342121489786
1340342209306069
1340342297352261
1340342385508792
1340342473413859
1340342561510214
1340342649359864
1340342737196043
1340342825607726
1340342913469377
1340343001286953
1340343089455412
1340343177320292
1340343265280140
1340343353460634
1340343441340041
1340343529481613
1340343617345405
1340343705382573
1340343793278630
1340343881456259
1340343969356755
1340344057502220
1340344145478009
1340344233376340
1340344321432919
1340344409483130
1340344497348106
1340344585322774
1340344673354417
1340344761366018
1340344849413097
1340344937488882
1340345029443388
1340345121434494
1340345209364475
1340345297287894
1340345385438085
1340345473442505
1340345561348127
1340345649369950
1340345737386231
1340345825582937
1340345913352826
1340346001277866
1340346089486237
1340346177292928
1340346265392741
1340346354069797
1340346441356839
1340346529459425
1340346617454010
1340346705427100
1340346793341075
1340346881319957
1340346969334583
1340347057322512
1340347145475195
1340347233477178
1340347321498430
1340347409468921
1340347497485262
1340347585395687
1340347673398364
1340347761507632
1340347849417949
