1340330413267655
1340330501260918
1340330589093949
1340330677288645
1340330765304712
1340330853285943
1340330941266886
1340331030184498
1340331117256528
1340331205156868
1340331293223014
1340331381421068
1340331469247364
1340331557410767
1340331645324738
1340331733199062
1340331821192442
1340331909289553
1340331997340149
1340332085276874
1340332173298994
1340332261311446
1340332349180080
1340332437219444
1340332525142067
1340332613096319
1340332701118043
1340332789306646
1340332877516845
1340332965268031
1340333053291362
1340333141288503
1340333229265003
1340333317247189
1340333405283253
1340333493314662
1340333581204747
1340333669229926
1340333757135135
1340333845360430
1340333933226908
1340334021229435
1340334109052847
1340334197333277
1340334285313108
1340334373312380
1340334461308338
1340334549301900
1340334637055755
1340334725214986
1340334813188518
1340334901134897
1340334989182129
1340335077244884
1340335165311318
1340335253275469
1340335341395259
1340335429236292
1340335517212541
1340335605221507
1340335693339434
1340335781263299
1340335869341678
1340335957158084
1340336045238406
1340336133260535
1340336221168396
1340336309224782
1340336397278935
1340336485294897
1340336573299834
1340336661256536
1340336749606654
1340336837371019
1340336925428669
1340337013290729
1340337101192636
1340337189273873
1340337277116373
1340337365266775
1340337453235756
1340337541263324
1340337629295910
1340337717204556
1340337805210816
1340337893291233
1340337981144146
1340338069212929
1340338157117981
1340338245396731
1340338333199498
1340338421318530
1340338509228525
1340338597173240
1340338685190037
1340338773328496
1340338861367318
1340338949388077
1340339037314988
1340339125269219
