1340529890877483
1340529891331457
1340529891789393
1340529892246920
1340529892686357
1340529893105767
1340529893600410
1340529894055551
1340529894511711
1340529894972477
1340529895474560
1340529895928031
1340529896418041
1340529896896559
1340529897318554
1340529897849339
1340529898339068
1340529898760407
1340529899216009
1340529899761489
1340529900307276
1340529900794029
1340529901249244
1340529901692053
1340529902238854
1340529902763952
1340529903371605
1340529903925156
1340529904474687
1340529908630402
1340529909192897
1340529909713611
1340529910183504
1340529910699263
1340529911178164
1340529911692046
1340529912175022
1340529912735915
1340529913337493
1340529913944043
1340529914528300
1340529915037301
1340529915556850
1340529916035986
1340529916513367
1340529917029409
1340529919228611
1340529919795766
1340529920339194
1340529920853282
1340529921351811
1340529921916632
1340529922525612
1340529923050607
1340529923576959
1340529924087868
1340529924659268
1340529925163406
1340529925751413
1340529926256909
1340529926853241
1340529927374985
1340529927870540
1340529928445074
1340529928989799
1340529929518168
1340529930030745
1340529930554748
1340529930998155
1340529931454457
1340529931953910
1340529932500781
1340529933044133
1340529933565727
1340529934081630
1340529934554147
1340529935127842
1340529936590229
1340529937045604
1340529937604868
1340529938095055
1340529938586009
1340529939030570
1340529939561285
1340529940244479
1340529940763535
1340529941233236
1340529941743449
1340529942223096
1340529942686386
1340529943154096
1340529943624853
1340529944125097
1340529945760503
1340529946544759
1340529947033360
1340529947542752
1340529948018924
1340529948552418
1340529949026794
