1340456017880695
1340456106040609
1340456194019630
1340456281912609
1340456370044560
1340456458022439
1340456546113308
1340456633917974
1340456721835065
1340456809939972
1340456898866292
1340456985895601
1340457073906802
1340457161798681
1340457249982894
1340457337885150
1340457426091108
1340457514046506
1340457601876872
1340457689974478
1340457778064189
1340457865957769
1340457953921505
1340458042003072
1340458129963313
1340458217906944
1340458305946223
1340458394176224
1340458481916114
1340458570865283
1340458657925721
1340458746688363
1340458837892549
1340458925869188
1340459013994125
1340459101979962
1340459190151529
1340459278114154
1340459366203354
1340459453867350
1340459542004765
1340459629921473
1340459717853452
1340459805950947
1340459893918149
1340459981855677
1340460069916901
1340460157878298
1340460245962700
1340460335184796
1340460422000572
1340460509832111
1340460597798252
1340460685919021
1340460777607349
1340460865924958
1340460954060688
1340461042026008
1340461129920054
1340461217971415
1340461305938733
1340461394114372
1340461482059315
1340461569939933
1340461657979484
1340461745894946
1340461838046934
1340461925916206
1340462013953507
1340462101937339
1340462189981492
1340462277845252
1340462365841629
1340462453976422
1340462541815332
1340462629911747
1340462717872412
1340462805817017
1340462893896063
1340462981938108
1340463069834707
1340463157927970
1340463245967366
1340463333875705
1340463422123255
1340463510104404
1340463597934363
1340463685909882
1340463774022815
1340463861989133
1340463949913073
1340464037988788
1340464129974641
1340464217828798
1340464306096522
1340464394190701
1340464481959711
1340464570127990
1340464657933626
1340464745907502
