1340214933782062
1340214934729898
1340214935733283
1340214936639193
1340214937632179
1340214938753679
1340214939867557
1340214940904421
1340214942009328
1340214943003541
1340214944052225
1340214945142260
1340214946526950
1340214947684724
1340214948908977
1340214950096219
1340214951252145
1340214952393299
1340214953656508
1340214954941994
1340214956155377
1340214957340956
1340214958669755
1340214959948431
1340214961400546
1340214962636074
1340214963877263
1340214965297244
1340214966761728
1340214968137269
1340214969723650
1340214971204464
1340214972476050
1340214973718603
1340214974984086
1340214976226450
1340214977484522
1340214978731895
1340214979962886
1340214981223714
1340214982466340
1340214983683809
1340214984948633
1340214986198071
1340214987462485
1340214988732136
1340214989853325
1340214991026951
1340214992255523
1340214993429014
1340214994458847
1340214995387195
1340214996351938
1340214997260982
1340214998184061
1340214999088387
1340215000623768
1340215001839721
1340215002770663
1340215003744758
1340215004704049
1340215005718487
1340215006584385
1340215007546980
1340215008426699
1340215009301292
1340215010187962
1340215011138110
1340215011994419
1340215012922604
1340215013917673
1340215014921717
1340215015948444
1340215017044322
1340215018107191
1340215018995730
1340215019960141
1340215021087482
1340215022218980
1340215023430633
1340215024770220
1340215026045464
1340215027249220
1340215028500882
1340215029826223
1340215031167506
1340215032407047
1340215033730429
1340215035049789
1340215036466181
1340215037895163
1340215039220045
1340215040681440
1340215042105965
1340215043463905
1340215044835047
1340215046229763
1340215047521078
1340215048602901
1340215049773292
