1340745250726350
1340745346686148
1340745435326925
1340745527675598
1340745615085473
1340745706127449
1340745798758364
1340745891219945
1340745984090852
1340746078975039
1340746170321042
1340746259005340
1340746356463358
1340746446274463
1340746542016850
1340746631169102
1340746726277251
1340746815598634
1340746907560794
1340746999367592
1340747095871406
1340747182053314
1340747277307318
1340747366075557
1340747459833696
1340747546724113
1340747637396195
1340747728544859
1340747822412338
1340747910072739
1340747997994010
1340748094636623
1340748181965952
1340748270546838
1340748369281691
1340748464725178
1340748564559783
1340748663369119
1340748758138898
1340748852255602
1340748953551212
1340749053297999
1340749150044795
1340749238351430
1340749326028536
1340749414135348
1340749509013832
1340749607156659
1340749701122251
1340749791096188
1340749885284192
1340749982191427
1340750077593470
1340750174043459
1340750266836162
1340750358979967
1340750452298128
1340750546773310
1340750640591836
1340750738258832
1340750832156504
1340750932512013
1340751032794496
1340751130168812
1340751218078578
1340751312368736
1340751402073065
1340751496486047
1340751586407029
1340751680650045
1340751776123614
1340751868559571
1340751967812235
1340752062681368
1340752154063763
1340752244346689
1340752340058419
1340752435565254
1340752528816488
1340752630156378
1340752725727726
1340752822320725
1340752917273554
1340753014806748
1340753117311201
1340753205877310
1340753294658215
1340753382539572
1340753478021254
1340753571340276
1340753667724630
1340753755352396
1340753854116429
1340753943289179
1340754039136766
1340754126689312
1340754214081431
1340754303194669
1340754398262016
1340754487222210
