1340392770679067
1340392860260626
1340392952992576
1340393047878188
1340393141759311
1340393230905947
1340393321945582
1340393409955394
1340393499013315
1340393590660864
1340393679030171
1340393769706382
1340393858015706
1340393945852724
1340394035190034
1340394121731912
1340394209726829
1340394298603530
1340394385631128
1340394475157122
1340394562157435
1340394654516796
1340394741942730
1340394833885885
1340394922886093
1340395012497208
1340395103184862
1340395189669928
1340395277770143
1340395365621729
1340395453691275
1340395547598527
1340395644621316
1340395736609933
1340395832180617
1340395927504592
1340396023840599
1340396120727854
1340396209683657
1340396297686270
1340396385747694
1340396475980811
1340396573389155
1340396666898071
1340396755721307
1340396853957279
1340396949807863
1340397043567866
1340397137684620
1340397225732160
1340397315716785
1340397410685108
1340397500786459
1340397595703936
1340397693694117
1340397783917413
1340397880404579
1340397981312444
1340398071313455
1340398161665237
1340398249696332
1340398337705244
1340398425802273
1340398516474741
1340398611652623
1340398709496119
1340398799879899
1340398895559398
1340398993972473
1340399090008183
1340399181675462
1340399269677794
1340399364324372
1340399454627978
1340399548879687
1340399644906283
1340399737763183
1340399828520865
1340399925362711
1340400015365734
1340400109213976
1340400197671295
1340400285803213
1340400373602927
1340400463208544
1340400558010529
1340400652977878
1340400745929676
1340400834712637
1340400927681732
1340401023917539
1340401119372284
1340401205681250
1340401296856636
1340401390088168
1340401478257003
1340401567321615
1340401660259166
1340401757423349
1340401847142419
