1340718250368328
1340718346571659
1340718434274130
1340718533629185
1340718626126241
1340718722718819
1340718818755940
1340718905747748
1340718995826629
1340719089601683
1340719177628750
1340719265797679
1340719358763258
1340719450606570
1340719544976048
1340719637656549
1340719727468585
1340719813668635
1340719902119900
1340719997739048
1340720090085718
1340720177611534
1340720265769719
1340720357775730
1340720446927291
1340720541736398
1340720634411675
1340720725758840
1340720819825339
1340720910081993
1340721004970704
1340721102977609
1340721189495776
1340721277453891
1340721366368578
1340721458618622
1340721552927220
1340721650815579
1340721750059329
1340721838317223
1340721932667445
1340722023040884
1340722119333762
1340722205670290
1340722293435169
1340722381883861
1340722475326137
1340722565932930
1340722660512077
1340722750574404
1340722838847661
1340722925940193
1340723019129733
1340723106829976
1340723193704621
1340723282657819
1340723370526357
1340723461709836
1340723553943371
1340723647509738
1340723748458812
1340723838809817
1340723936997534
1340724036506331
1340724129748170
1340724217656675
1340724307856572
1340724398296545
1340724490170147
1340724580104360
1340724676873534
1340724770593060
1340724861621457
1340724954561778
1340725045632703
1340725137650160
1340725225671919
1340725320190187
1340725409821826
1340725502609277
1340725593711688
1340725688762983
1340725781849275
1340725877311394
1340725966867602
1340726057672843
1340726149654861
1340726237613558
1340726329863203
1340726421641066
1340726509604946
1340726597675947
1340726685639690
1340726777718541
1340726865881790
1340726953669644
1340727045728677
1340727133689676
1340727221652028
1340727309687394
