1340801631440754
1340801724366799
1340801818156575
1340801910738813
1340802002205166
1340802100563498
1340802191933654
1340802285998291
1340802376048270
1340802467752018
1340802565971912
1340802660221178
1340802754400544
1340802844923369
1340802945161365
1340803042709260
1340803135781207
1340803227729562
1340803318182443
1340803409880890
1340803510763757
1340803599798333
1340803695813922
1340803791702723
1340803880419136
1340803976932580
1340804068027293
1340804163821729
1340804261844974
1340804361155019
1340804455736163
1340804549446801
1340804643931957
1340804739525097
1340804832096834
1340804928053921
1340805026333626
1340805129310991
1340805219790772
1340805311790495
1340805404476209
1340805507204096
1340805601322009
1340805695757112
1340805789448483
1340805885628491
1340805980425912
1340806075903421
1340806167659594
1340806255851599
1340806351371655
1340806440767944
1340806531683298
1340806619864561
1340806711574704
1340806799921673
1340806904655141
1340806995777651
1340807087619642
1340807179769111
1340807267715425
1340807355859598
1340807447638883
1340807535635886
1340807623486545
1340807711857676
1340807803797669
1340807899861507
1340807991776964
1340808083663534
1340808171791815
1340808263719854
1340808351920641
1340808443788026
1340808535693421
1340808623768780
1340808715789346
1340808807553754
1340808895680164
1340808983710539
1340809075716752
1340809167784044
1340809255576320
1340809343762323
1340809435703398
1340809523797628
1340809615731580
1340809707634683
1340809795627495
1340809884774802
1340809975740621
1340810067711124
1340810155756267
1340810243792321
1340810335693090
1340810423747738
1340810511670305
1340810600019173
1340810692312509
1340810783797716
