1340420001273508
1340420092582464
1340420181975103
1340420270125480
1340420359235287
1340420446965652
1340420534444479
1340420626047554
1340420717006854
1340420810826278
1340420898802457
1340420986134086
1340421076649560
1340421165983977
1340421255253569
1340421349931111
1340421438128863
1340421526037898
1340421614854218
1340421702031604
1340421793324702
1340421887684444
1340421978012173
1340422066991373
1340422153899125
1340422243081714
1340422340127601
1340422431545310
1340422526782763
1340422621463583
1340422714241310
1340422802969581
1340422891041258
1340422985782903
1340423076031425
1340423169845119
1340423258019232
1340423350017932
1340423438512898
1340423528904749
1340423626211823
1340423721788801
1340423817787814
1340423906511725
1340423996029400
1340424086496502
1340424173867796
1340424262024782
1340424358307425
1340424445976310
1340424535397147
1340424623091208
1340424718371137
1340424813037914
1340424909421908
1340425005605961
1340425094977507
1340425181931223
1340425270031026
1340425360256786
1340425450852087
1340425540020455
1340425630962171
1340425718088006
1340425805966316
1340425894037410
1340425984661598
1340426082110226
1340426169843486
1340426257999105
1340426346212109
1340426434858530
1340426524679492
1340426618997657
1340426709365275
1340426802403046
1340426890739759
1340426979028796
1340427068651552
1340427161938968
1340427255004214
1340427349369248
1340427438776107
1340427528105723
1340427619254834
1340427706266912
1340427802342127
1340427891005763
1340427985032795
1340428074810842
1340428162081929
1340428254068123
1340428345789610
1340428434016896
1340428525368127
1340428619939266
1340428712590243
1340428803243980
1340428893951815
1340428984305554
