1340392725425867
1340392815030148
1340392907476809
1340393000889979
1340393097727181
1340393185819312
1340393276932501
1340393365889706
1340393454885833
1340393544021749
1340393633773030
1340393723907701
1340393813820300
1340393902066869
1340393990832667
1340394077917652
1340394165788269
1340394254070414
1340394341965262
1340394430035933
1340394517869908
1340394609701035
1340394697789685
1340394786279756
1340394878170426
1340394967709940
1340395059369435
1340395145883374
1340395233823059
1340395321956484
1340395409949795
1340395497756138
1340395597222090
1340395690778495
1340395785737060
1340395881699747
1340395977302771
1340396073383098
1340396165672693
1340396253804370
1340396342784215
1340396431063184
1340396524164842
1340396619704334
1340396710584347
1340396804508959
1340396900442148
1340396998336359
1340397093205016
1340397181762715
1340397269803631
1340397364760698
1340397455049370
1340397549179234
1340397645312006
1340397738785900
1340397833730308
1340397933083413
1340398026305911
1340398116832731
1340398205814236
1340398293737514
1340398381787364
1340398471069014
1340398565473979
1340398660764694
1340398754868459
1340398849782719
1340398945279314
1340399040224172
1340399137822893
1340399225749156
1340399318697514
1340399411093892
1340399499977679
1340399598380138
1340399693594474
1340399783658774
1340399877813082
1340399971662300
1340400061800611
1340400153854725
1340400241786355
1340400331380264
1340400417872311
1340400508917828
1340400603730996
1340400699915093
1340400789837932
1340400879948838
1340400977204805
1340401074181849
1340401161649561
1340401250852078
1340401345503915
1340401434124900
1340401522378546
1340401613216311
1340401708701839
1340401801581436
