1340848195570211
1340848286796247
1340848383018190
1340848476345696
1340848580753030
1340848680243191
1340848774829486
1340848870634559
1340848963017032
1340849062567446
1340849154820987
1340849247351725
1340849339590170
1340849431820234
1340849525548538
1340849626767714
1340849726048692
1340849822976656
1340849922746349
1340850016534544
1340850121691559
1340850214753878
1340850313335130
1340850406760764
1340850499899777
1340850592742482
1340850696456214
1340850794062246
1340850892230633
1340850992470789
1340851091082982
1340851182779525
1340851275405398
1340851372444762
1340851468219825
1340851567571987
1340851660479107
1340851761601779
1340851856495929
1340851960151443
1340852058175074
1340852154805369
1340852254682499
1340852355055215
1340852450421926
1340852551709557
1340852652169172
1340852747952591
1340852848786020
1340852944725241
1340853045743105
1340853138741353
1340853233328844
1340853330620405
1340853423331905
1340853525566634
1340853618962357
1340853715903985
1340853811501482
1340853912594099
1340854013736279
1340854115534253
1340854206788055
1340854298696673
1340854390703896
1340854491283916
1340854585124970
1340854684123699
1340854782510710
1340854878834972
1340854974582606
1340855071854428
1340855170728860
1340855262782604
1340855362429194
1340855456950577
1340855563589093
1340855663062697
1340855763440909
1340855861970436
1340855959662789
1340856054589233
1340856154755925
1340856251659649
1340856347094434
1340856438880078
1340856532370372
1340856633137458
1340856728140412
1340856831561269
1340856926485859
1340857031183291
1340857127686152
1340857218737441
1340857310748718
1340857406638180
1340857504370601
1340857603626794
1340857699172393
1340857795054979
