1340232793340865
1340232880936514
1340232969369701
1340233057501445
1340233144739198
1340233232750818
1340233320677039
1340233408904528
1340233497829002
1340233586256342
1340233674012945
1340233762213548
1340233848658915
1340233936597128
1340234026838196
1340234114024350
1340234200857115
1340234292736488
1340234380907248
1340234468933495
1340234556722454
1340234645599415
1340234733109757
1340234822040238
1340234908875867
1340234997219723
1340235086002888
1340235175422957
1340235264583557
1340235356704390
1340235444930351
1340235533503376
1340235621372937
1340235709057043
1340235797051062
1340235885140350
1340235972860016
1340236061556793
1340236148658610
1340236236676676
1340236324819082
1340236412747322
1340236501080544
1340236588934778
1340236677621890
1340236764872669
1340236852668907
1340236945244931
1340237036918116
1340237128677755
1340237216661524
1340237305048308
1340237392841620
1340237481645705
1340237568836418
1340237656832738
1340237745247111
1340237833367091
1340237921340187
1340238008885221
1340238097166955
1340238184750390
1340238272793156
1340238361236458
1340238449302446
1340238537867109
1340238626291679
1340238714041201
1340238801319089
1340238889060600
1340238976853502
1340239064948041
1340239152655279
1340239240585622
1340239328839858
1340239417250785
1340239504919822
1340239593203729
1340239680813935
1340239769111401
1340239858291604
1340239946217909
1340240032711755
1340240124601158
1340240212635053
1340240300662374
1340240388759880
1340240476984652
1340240565534890
1340240654033766
1340240740881149
1340240828979090
1340240917667600
1340241006384149
1340241097074344
1340241184554564
1340241272737640
1340241365038135
1340241453240171
1340241541694657
