1340392770650652
1340392860213278
1340392952938110
1340393047833702
1340393141743564
1340393230874454
1340393321918474
1340393409928368
1340393498980033
1340393590633432
1340393678998683
1340393769690552
1340393857994002
1340393945826905
1340394035150079
1340394121713717
1340394209709021
1340394298580895
1340394385615076
1340394475123940
1340394562135129
1340394654491710
1340394741923960
1340394833870081
1340394922854718
1340395012476568
1340395103151249
1340395189654160
1340395277754093
1340395365604943
1340395453674272
1340395547558642
1340395644561670
1340395736560179
1340395832133856
1340395927465705
1340396023797713
1340396120688356
1340396209667881
1340396297670523
1340396385727882
1340396475938266
1340396573329519
1340396666867934
1340396755681539
1340396853890972
1340396949741360
1340397043530589
1340397137668790
1340397225715874
1340397315676987
1340397410652992
1340397500732349
1340397595664144
1340397693675520
1340397783874776
1340397880364902
1340397981252968
1340398071278212
1340398161649532
1340398249680513
1340398337689427
1340398425784616
1340398516424934
1340398611603532
1340398709480186
1340398799831080
1340398895521795
1340398993906290
1340399089928587
1340399181659216
1340399269661555
1340399364293114
1340399454596154
1340399548825341
1340399644871135
1340399737746014
1340399828478093
1340399925302951
1340400015330708
1340400109178681
1340400197655211
1340400285787176
1340400373583948
1340400463175378
1340400557944382
1340400652920452
1340400745907303
1340400834685420
1340400927641921
1340401023865581
1340401119334988
1340401205666362
1340401296799844
1340401390065989
1340401478234865
1340401567277606
1340401660212746
1340401757363279
1340401847109050
