1340429122858703
1340429209916186
1340429297755717
1340429386278454
1340429474639805
1340429565070034
1340429660660170
1340429758806507
1340429851404615
1340429937904687
1340430026640357
1340430114832497
1340430202078138
1340430289942657
1340430381862922
1340430470838647
1340430557908333
1340430647757041
1340430745124558
1340430835975539
1340430933080862
1340431029762155
1340431118759368
1340431205870036
1340431293871857
1340431382640612
1340431470073874
1340431561382894
1340431649898715
1340431739263561
1340431827557352
1340431923944011
1340432020729045
1340432116979739
1340432205896630
1340432293902240
1340432383127308
1340432470780569
1340432564458121
1340432653958774
1340432745931971
1340432835314964
1340432922151104
1340433010093160
1340433099107549
1340433185879819
1340433274872225
1340433366790072
1340433453947329
1340433542906352
1340433631079668
1340433719960432
1340433813944426
1340433904381806
1340433998861325
1340434085910876
1340434173923146
1340434261874763
1340434357932699
1340434447804101
1340434546006682
1340434641906205
1340434730960240
1340434819050701
1340434907201050
1340434998528771
1340435088140068
1340435177765040
1340435265886249
1340435355060708
1340435443469851
1340435536126682
1340435634718238
1340435728773678
1340435824813645
1340435914023255
1340436002374991
1340436090522866
1340436177847572
1340436265900572
1340436355656749
1340436451150629
1340436538850878
1340436629892165
1340436726820649
1340436822041342
1340436917855232
1340437011703900
1340437102922743
1340437189915012
1340437282857599
1340437369991144
1340437462005175
1340437551015426
1340437638877832
1340437729912060
1340437818080070
1340437907293198
1340438003136155
1340438097659698
