1340754586981106
1340754681032028
1340754782599902
1340754874938932
1340754966312810
1340755061490312
1340755158107002
1340755247357680
1340755338572145
1340755431839922
1340755526411060
1340755619337009
1340755710782781
1340755802228033
1340755902888760
1340755995718720
1340756091205691
1340756181892979
1340756270188049
1340756366385652
1340756455380536
1340756555239960
1340756642887331
1340756742348597
1340756830236749
1340756923267752
1340757012090824
1340757113328390
1340757202139792
1340757290136478
1340757378733235
1340757473358140
1340757563602868
1340757659426194
1340757751901939
1340757851460484
1340757943770989
1340758039198191
1340758130199404
1340758218532481
1340758314166519
1340758410313981
1340758498154423
1340758594172295
1340758688620435
1340758786864741
1340758886433570
1340758975551203
1340759068975208
1340759162146909
1340759250180000
1340759346975497
1340759439731295
1340759530833968
1340759628650927
1340759718351262
1340759812920685
1340759908202417
1340760000667875
1340760090179743
1340760178106262
1340760267331179
1340760364837428
1340760455391417
1340760549833913
1340760644637030
1340760744519873
1340760841035775
1340760934235006
1340761023201727
1340761118272083
1340761206148436
1340761298097035
1340761390953831
1340761478486673
1340761571561121
1340761666113944
1340761761358350
1340761863723983
1340761961313353
1340762054508373
1340762146242767
1340762234141218
1340762328970871
1340762418517775
1340762513274234
1340762603528727
1340762698441709
1340762790556605
1340762885888068
1340762975568737
1340763064398075
1340763154179422
1340763242163137
1340763331321804
1340763423348207
1340763510373742
1340763603778004
1340763692352613
1340763793857749
