1340356898485259
1340356986285249
1340357078135499
1340357165486196
1340357253504299
1340357341410669
1340357429566791
1340357518926791
1340357612544541
1340357706974622
1340357800578571
1340357896268811
1340357985830190
1340358074202499
1340358165491839
1340358254930186
1340358342070167
1340358429752946
1340358517556270
1340358605520567
1340358693625931
1340358784249607
1340358880379131
1340358974946771
1340359062804869
1340359153532850
1340359241464640
1340359330454928
1340359418744949
1340359509454035
1340359598899448
1340359685724197
1340359777595070
1340359866634784
1340359953527076
1340360042149325
1340360129475268
1340360217548629
1340360306085698
1340360393538043
1340360482489719
1340360571340918
1340360659404279
1340360749523762
1340360838611607
1340360926184521
1340361013404003
1340361101611027
1340361189481807
1340361277467634
1340361365488913
1340361454672674
1340361545643577
1340361634071785
1340361721835678
1340361810965291
1340361901600788
1340361990873911
1340362078078800
1340362165435674
1340362253795835
1340362342371912
1340362429510498
1340362520245490
1340362616209649
1340362713715077
1340362802146464
1340362890103541
1340362977538070
1340363065470774
1340363153449260
1340363241398133
1340363329614117
1340363417676379
1340363509630957
1340363600245316
1340363696671291
1340363793231445
1340363889364460
1340363982541140
1340364070080960
1340364157566720
1340364245453970
1340364338934682
1340364425638164
1340364515404203
1340364601526663
1340364693755908
1340364783897617
1340364879652362
1340364976682149
1340365071835150
1340365165492536
1340365253517904
1340365342194458
1340365429914540
1340365517497835
1340365607835802
1340365699179288
1340365790313030
