1340511003029248
1340511098685903
1340511186493570
1340511277613622
1340511375090100
1340511463438874
1340511556442652
1340511646530047
1340511745317483
1340511842892578
1340511940740585
1340512041092331
1340512134522843
1340512222566868
1340512321258005
1340512415532076
1340512511104115
1340512609083854
1340512702552118
1340512798977821
1340512896362487
1340512997015910
1340513095793032
1340513186509278
1340513277099460
1340513371506205
1340513462943790
1340513551895276
1340513651666129
1340513739980841
1340513840163279
1340513936292741
1340514031941669
1340514129289097
1340514218461050
1340514307910213
1340514402519585
1340514496853361
1340514590576848
1340514687007243
1340514776152390
1340514873266706
1340514964380640
1340515063628999
1340515154485149
1340515242512520
1340515331633088
1340515419429115
1340515516297545
1340515610665472
1340515700851596
1340515799600211
1340515894950054
1340515986498651
1340516084044522
1340516174475175
1340516262477797
1340516353845485
1340516445522352
1340516541093920
1340516643036741
1340516738504967
1340516834467039
1340516932171739
1340517040328178
1340517134497716
1340517222493491
1340517311966872
1340517406404820
1340517501451703
1340517594452507
1340517689416240
1340517788030390
1340517884593711
1340517983023687
1340518080447572
1340518170483037
1340518258266320
1340518349107204
1340518439075253
1340518536397123
1340518632912338
1340518726889949
1340518815792821
1340518908854649
1340519009844021
1340519102605386
1340519190597941
1340519278700460
1340519367925466
1340519459438714
1340519551743642
1340519642717322
1340519730417018
1340519822563982
1340519919631953
1340520010690777
1340520102623731
1340520190451899
1340520289260823
