1340348025402088
1340348124787783
1340348213284296
1340348301319883
1340348389426354
1340348477413208
1340348565332702
1340348653383279
1340348741396956
1340348829462648
1340348917301000
1340349005438265
1340349093413068
1340349181294536
1340349269412997
1340349357454363
1340349445339284
1340349533418941
1340349621303909
1340349709405252
1340349797341210
1340349885248639
1340349973410917
1340350061390645
1340350149222139
1340350237448884
1340350325347047
1340350413398884
1340350501332336
1340350589349552
1340350677315168
1340350765488492
1340350853436785
1340350941396190
1340351029275857
1340351117202430
1340351205304158
1340351297358804
1340351385295140
1340351473427282
1340351561339391
1340351649360511
1340351737291013
1340351825311499
1340351913303734
1340352001208432
1340352089442109
1340352184028575
1340352273407380
1340352361434803
1340352449436279
1340352537470243
1340352625481734
1340352713383793
1340352801334816
1340352889297975
1340352977318773
1340353065307658
1340353157169288
1340353245476340
1340353333312831
1340353421462182
1340353509382642
1340353597699548
1340353685507912
1340353773921653
1340353862611430
1340353949495724
1340354037366864
1340354125442727
1340354214196844
1340354304429054
1340354393919981
1340354482209526
1340354572053405
1340354662392139
1340354749527010
1340354837446901
1340354925453528
1340355017739244
1340355105455960
1340355193397849
1340355281409387
1340355369932645
1340355459265743
1340355549473614
1340355637555826
1340355726845254
1340355813475638
1340355905582349
1340355994105341
1340356082828147
1340356169414482
1340356257430843
1340356350327389
1340356437503735
1340356528197051
1340356625473548
1340356719462479
1340356806599067
