1340754586549140
1340754680577299
1340754782362117
1340754874683762
1340754966051327
1340755061093537
1340755157908318
1340755247062830
1340755338365176
1340755431482188
1340755526214952
1340755619036351
1340755710545461
1340755802032372
1340755902629029
1340755995373884
1340756090913818
1340756181688156
1340756269959826
1340756365792183
1340756455076984
1340756554533977
1340756642620534
1340756741750370
1340756830042246
1340756922977080
1340757011692716
1340757113037722
1340757201951311
1340757289907666
1340757378484919
1340757472863510
1340757563285095
1340757659106258
1340757751547547
1340757851140562
1340757943435844
1340758038950168
1340758129975106
1340758218301881
1340758313587770
1340758410112057
1340758497970508
1340758593977643
1340758688196616
1340758786624620
1340758885853633
1340758975247721
1340759068522378
1340759161967134
1340759249973305
1340759346670810
1340759439396590
1340759530587664
1340759628227257
1340759718153176
1340759812694472
1340759907790493
1340760000244274
1340760089962293
1340760177900221
1340760267040343
1340760364435677
1340760455087043
1340760549305421
1340760644282628
1340760744230608
1340760840581594
1340760934009681
1340761022909652
1340761118085242
1340761205925307
1340761297889401
1340761390686650
1340761478258668
1340761571221290
1340761665858195
1340761760811393
1340761863386869
1340761960824355
1340762054301095
1340762146028915
1340762233917209
1340762328517600
1340762418310529
1340762512786425
1340762603209217
1340762697808229
1340762790342831
1340762885434065
1340762975250085
1340763063953063
1340763153966536
1340763241934649
1340763331032559
1340763423043606
1340763510173512
1340763603443826
1340763691897903
1340763793457702
