1340592113502921
1340592201485667
1340592289417793
1340592377556622
1340592465434540
1340592553347740
1340592641452045
1340592729382485
1340592817391625
1340592905547976
1340592993509589
1340593081425331
1340593169416398
1340593257584776
1340593345307121
1340593433451833
1340593521376942
1340593609427809
1340593697397469
1340593785585545
1340593876223828
1340593968882931
1340594059284872
1340594145470419
1340594233660692
1340594322287530
1340594410227315
1340594500422511
1340594592318229
1340594686020317
1340594775686827
1340594868895478
1340594965352035
1340595055236395
1340595141538867
1340595229576503
1340595317624898
1340595406313545
1340595497392533
1340595588798613
1340595678379744
1340595769408812
1340595860504311
1340595954376661
1340596041977147
1340596133347779
1340596225999484
1340596316631215
1340596406100318
1340596496809030
1340596586358021
1340596677294366
1340596774024073
1340596864846326
1340596956557011
1340597049608770
1340597137519365
1340597225433722
1340597314435849
1340597401812965
1340597492333179
1340597583013465
1340597671169125
1340597760458465
1340597853376206
1340597945404062
1340598034120039
1340598125435814
1340598213521503
1340598301565291
1340598389533028
1340598477511402
1340598565522258
1340598654975575
1340598744389890
1340598836757618
1340598927381666
1340599013575085
1340599102083542
1340599189635847
1340599282443028
1340599369588596
1340599463446686
1340599549512285
1340599637982994
1340599728762716
1340599817579796
1340599905618942
1340599994643323
1340600085245152
1340600173534945
1340600263188837
1340600349523966
1340600437638327
1340600525885180
1340600614998226
1340600704134320
1340600798595210
1340600889811419
1340600980015570
