1340619153089728
1340619241102140
1340619329087098
1340619417362488
1340619511211944
1340619602265039
1340619693411744
1340619788092760
1340619881952712
1340619979236769
1340620069706686
1340620165046055
1340620253083218
1340620346955557
1340620433776665
1340620526754429
1340620614573373
1340620706237003
1340620793403631
1340620882408098
1340620974249078
1340621062833446
1340621153103089
1340621241083927
1340621335198423
1340621421963050
1340621515584989
1340621605677715
1340621697400075
1340621785959915
1340621879998007
1340621975484391
1340622065571884
1340622157079884
1340622245145371
1340622334314784
1340622421165739
1340622510712516
1340622601138828
1340622695209774
1340622793883763
1340622887003130
1340622980068258
1340623074997371
1340623165108299
1340623253866851
1340623346507109
1340623433337401
1340623526962801
1340623617088424
1340623709563576
1340623802830912
1340623895011569
1340623986583334
1340624080032733
1340624173542462
1340624261137077
1340624349044907
1340624437106417
1340624524935745
1340624620240818
1340624712929995
1340624800976122
1340624889114856
1340624977673207
1340625070821305
1340625165082004
1340625253228586
1340625341284587
1340625429875832
1340625522770132
1340625610324348
1340625697087653
1340625785557714
1340625874565271
1340625967612023
1340626062569277
1340626153158437
1340626241113842
1340626334752420
1340626421317936
1340626515250172
1340626602290319
1340626693193932
1340626786949343
1340626878781330
1340626970532970
1340627058980780
1340627149109092
1340627237581898
1340627331254846
1340627417710030
1340627511239530
1340627602174071
1340627692992020
1340627782563416
1340627875612625
1340627971235727
1340628063248213
1340628153089087
