1340754632383189
1340754735434777
1340754829432499
1340754923258899
1340755013790551
1340755112923139
1340755203319705
1340755294755786
1340755384512111
1340755481448200
1340755574082403
1340755667119760
1340755756280772
1340755852111541
1340755947751043
1340756044195579
1340756139337473
1340756227402443
1340756318441099
1340756411221999
1340756504222588
1340756599417565
1340756691594181
1340756787560846
1340756877799272
1340756967473548
1340757064741858
1340757159267515
1340757247267677
1340757335251030
1340757425900531
1340757519623387
1340757612138072
1340757703846545
1340757804221327
1340757896967444
1340757994266223
1340758085484670
1340758175151788
1340758265150689
1340758364537192
1340758455552786
1340758548070464
1340758641366040
1340758742367120
1340758835844588
1340758931201532
1340759021887639
1340759117354071
1340759207162342
1340759301385906
1340759395656088
1340759485767844
1340759580738002
1340759675375737
1340759765670640
1340759860619389
1340759955666100
1340760047344669
1340760135237962
1340760223255549
1340760316711250
1340760411331807
1340760503110551
1340760595736558
1340760697616558
1340760793666597
1340760891183811
1340760979571621
1340761071996787
1340761163357438
1340761254162464
1340761345493742
1340761435310379
1340761524040615
1340761620820466
1340761713591822
1340761812193907
1340761912723552
1340762011440512
1340762102247151
1340762191417486
1340762279325018
1340762375406116
1340762466054841
1340762559552976
1340762649648768
1340762743907325
1340762837904570
1340762931520139
1340763019294735
1340763111540027
1340763199253592
1340763287676082
1340763376995183
1340763467324001
1340763555768768
1340763647282217
1340763744936892
1340763839231302
