1340312546429486
1340312634464638
1340312721730820
1340312810637195
1340312897878782
1340312985787776
1340313073191274
1340313161212956
1340313251601385
1340313341386396
1340313429278222
1340313519546946
1340313609814394
1340313697124873
1340313785255674
1340313873655397
1340313962190874
1340314049272461
1340314137267953
1340314225294685
1340314317852003
1340314405588658
1340314495203477
1340314588319247
1340314679120295
1340314769679349
1340314858051613
1340314945167608
1340315035342472
1340315121231258
1340315209107160
1340315297317653
1340315385278874
1340315473267816
1340315562540556
1340315655525918
1340315751503580
1340315847503512
1340315944382299
1340316035086589
1340316125251342
1340316213211200
1340316301116080
1340316389469551
1340316477656082
1340316565849896
1340316657404254
1340316745882628
1340316835909865
1340316932382679
1340317026900573
1340317118675478
1340317205225048
1340317293189918
1340317385259557
1340317474224443
1340317561740263
1340317649274193
1340317737645582
1340317830122641
1340317921671511
1340318010064805
1340318097685839
1340318185135911
1340318273733713
1340318361926992
1340318454532412
1340318541633976
1340318629548085
1340318717813146
1340318805665577
1340318893949091
1340318982064178
1340319073593681
1340319165077736
1340319259827154
1340319353769740
1340319442808102
1340319533275193
1340319621914983
1340319709808370
1340319797939268
1340319885242904
1340319973253947
1340320066046071
1340320157238696
1340320245781230
1340320334650875
1340320425265966
1340320515548313
1340320611890913
1340320707556345
1340320801345778
1340320889990585
1340320977211885
1340321065237896
1340321153177496
1340321241220208
1340321329475657
1340321417767076
