1340223917094553
1340224009245360
1340224098066259
1340224184730205
1340224272691157
1340224360812575
1340224448818438
1340224537160306
1340224625430218
1340224714077823
1340224800956330
1340224889586221
1340224976817442
1340225071745607
1340225156740775
1340225244722781
1340225332997107
1340225421004159
1340225508935407
1340225600807813
1340225689705880
1340225776617578
1340225865009810
1340225953238925
1340226040912222
1340226128762709
1340226216472176
1340226304785250
1340226392793030
1340226481297207
1340226569676016
1340226658078236
1340226745651813
1340226832764096
1340226921319133
1340227009139491
1340227096905668
1340227184653755
1340227272722181
1340227361499070
1340227448881053
1340227537751938
1340227626079757
1340227714045881
1340227801860012
1340227889340759
1340227977834971
1340228065848119
1340228152595307
1340228240699173
1340228328973379
1340228416919942
1340228504889954
1340228593501367
1340228680776135
1340228769168363
1340228856805179
1340228945157214
1340229032845993
1340229120777338
1340229208682090
1340229296977992
1340229384945971
1340229473434829
1340229562045643
1340229649869106
1340229741236774
1340229829090416
1340229921040363
1340230008815856
1340230097704157
1340230184619580
1340230272887624
1340230360763883
1340230448908374
1340230537739431
1340230626066141
1340230712622432
1340230801101528
1340230888806971
1340230976812636
1340231065516881
1340231152548447
1340231240557404
1340231328570039
1340231416907675
1340231505843826
1340231592768055
1340231681158216
1340231769857923
1340231858004640
1340231949017960
1340232037747350
1340232124566277
1340232212616079
1340232304894231
1340232392924222
1340232481410849
1340232570123672
1340232657678202
