1340539089163571
1340539176647757
1340539264600151
1340539353332893
1340539441036252
1340539529183481
1340539616895318
1340539705912353
1340539797470162
1340539885688001
1340539973844354
1340540061572166
1340540148664166
1340540236684666
1340540325484924
1340540412858116
1340540500738583
1340540588767165
1340540676602826
1340540764648460
1340540852863488
1340540940623771
1340541029435032
1340541116971050
1340541204616377
1340541292713404
1340541380664405
1340541469188531
1340541556963144
1340541644897869
1340541732699699
1340541821246161
1340541908628456
1340541996897662
1340542085898372
1340542176652707
1340542264868057
1340542353433939
1340542441139616
1340542529138902
1340542617732632
1340542705721446
1340542797911065
1340542888656925
1340542976896660
1340543065530133
1340543152638269
1340543240712559
1340543332798636
1340543421108905
1340543508610741
1340543596830782
1340543685644790
1340543777868916
1340543869726143
1340543956775377
1340544045642158
1340544132688234
1340544220688155
1340544313362225
1340544400769642
1340544489375023
1340544577718656
1340544665559940
1340544753759409
1340544841619447
1340544928575616
1340545016692164
1340545105180571
1340545192668360
1340545280684353
1340545368611409
1340545457157134
1340545544679485
1340545632892669
1340545720748173
1340545808733274
1340545896784794
1340545985526014
1340546073558860
1340546160425175
1340546252756024
1340546341237667
1340546428886109
1340546516604637
1340546604883175
1340546693574370
1340546785422725
1340546873476693
1340546960838543
1340547048418047
1340547136675392
1340547224801527
1340547312642788
1340547400774813
1340547488772994
1340547576903363
1340547665453288
1340547753719631
1340547840675261
