1340383754478091
1340383841866715
1340383930781190
1340384022031905
1340384112311762
1340384201600760
1340384290504314
1340384378693582
1340384465576570
1340384556329799
1340384652905092
1340384749005517
1340384843543185
1340384938562499
1340385026601140
1340385122588126
1340385209675764
1340385301993718
1340385389686577
1340385477637822
1340385565913590
1340385655408862
1340385745563499
1340385835957369
1340385933667038
1340386024028349
1340386118809183
1340386205608458
1340386293661456
1340386381866580
1340386469664773
1340386558310593
1340386649631494
1340386738431911
1340386826509321
1340386915005794
1340387004733218
1340387100341734
1340387189643545
1340387278180575
1340387365550845
1340387454408229
1340387542041271
1340387635356349
1340387725695966
1340387814629184
1340387902055727
1340387991018974
1340388084695116
1340388173575940
1340388263549824
1340388359570008
1340388451963889
1340388545721466
1340388634493540
1340388722643879
1340388809637180
1340388901663697
1340388991218603
1340389082403367
1340389173604367
1340389262507763
1340389350511907
1340389439300447
1340389530103039
1340389618100137
1340389706297888
1340389793676646
1340389885820407
1340389975057575
1340390064300303
1340390153625517
1340390241602330
1340390330390006
1340390418748025
1340390510456582
1340390598598900
1340390693147526
1340390788377632
1340390883589058
1340390973582791
1340391062423986
1340391149498858
1340391237723418
1340391325969620
1340391414003907
1340391502417150
1340391589612924
1340391677897704
1340391766912510
1340391860895148
1340391957147053
1340392052475437
1340392145614848
1340392238387619
1340392325810002
1340392414290327
1340392502595782
1340392590386866
1340392677842590
