1340646214162190
1340646303907831
1340646394256178
1340646485997676
1340646575040785
1340646666399982
1340646758788905
1340646851182681
1340646941170353
1340647033443627
1340647128790830
1340647218164444
1340647307910666
1340647402403885
1340647494159624
1340647589121491
1340647687157448
1340647779132461
1340647874410146
1340647966051971
1340648056460625
1340648146145097
1340648234169976
1340648323351538
1340648411834679
1340648504649519
1340648602055244
1340648693107084
1340648792087409
1340648887513132
1340648987092394
1340649074429782
1340649162157841
1340649250231859
1340649341261002
1340649430194554
1340649523260911
1340649612360399
1340649706197111
1340649802538211
1340649894060796
1340649987844060
1340650082546305
1340650170151382
1340650258250363
1340650347458629
1340650436621297
1340650535141692
1340650627111537
1340650718299316
1340650806590169
1340650895529206
1340650986466933
1340651079070542
1340651166133706
1340651254157733
1340651343731158
1340651435955715
1340651531244383
1340651620184464
1340651710206302
1340651798414827
1340651890583269
1340651982237403
1340652071440553
1340652166204864
1340652254160988
1340652344909874
1340652435457130
1340652524309365
1340652615487674
1340652705194114
1340652795258171
1340652887143943
1340652980803963
1340653074399991
1340653162157775
1340653250368316
1340653338126770
1340653427441970
1340653519092185
1340653612061601
1340653702645273
1340653794532410
1340653888085882
1340653983331111
1340654071528507
1340654158038749
1340654246216924
1340654339969895
1340654431322652
1340654522452701
1340654610118693
1340654702586203
1340654799917301
1340654890928677
1340654980982263
1340655075174348
1340655166306174
1340655254153737
