1340529859617236
1340529859973743
1340529860333142
1340529860707073
1340529861021900
1340529861339058
1340529861670075
1340529861985747
1340529862274988
1340529862591493
1340529862913461
1340529863290489
1340529863724068
1340529864021662
1340529864302667
1340529864567134
1340529864825890
1340529865108904
1340529865376898
1340529865661271
1340529865934520
1340529866205461
1340529866494302
1340529866772208
1340529867075918
1340529867355260
1340529867635008
1340529867906170
1340529868191849
1340529868462547
1340529868739217
1340529870542666
1340529871010530
1340529871387369
1340529871726683
1340529872010605
1340529872267144
1340529872516858
1340529872796505
1340529873046934
1340529873295411
1340529873543227
1340529873798449
1340529874048006
1340529874296759
1340529874545240
1340529874795551
1340529875144247
1340529875537577
1340529875833166
1340529876122608
1340529876393178
1340529876667969
1340529876958006
1340529877218223
1340529877460597
1340529877733805
1340529877977169
1340529878220362
1340529878464495
1340529878718455
1340529878974663
1340529879294789
1340529879568738
1340529879857975
1340529880130174
1340529880384197
1340529880668089
1340529880927106
1340529881199980
1340529881538332
1340529881820049
1340529882100245
1340529882397080
1340529882684000
1340529882960366
1340529883247463
1340529883523206
1340529883798846
1340529884116065
1340529884419893
1340529884718099
1340529885005669
1340529885271782
1340529885674290
1340529885987864
1340529886283338
1340529886568259
1340529886823162
1340529887076141
1340529887389939
1340529887763891
1340529888067095
1340529888408952
1340529888771806
1340529889059837
1340529889383641
1340529889670277
1340529889950565
1340529890234789
