1340727354986186
1340727442959605
1340727531096859
1340727619005067
1340727710936150
1340727802954722
1340727891030101
1340727978947730
1340728066939588
1340728155136021
1340728243052466
1340728330918264
1340728418870644
1340728507092210
1340728595054346
1340728682987872
1340728770970719
1340728858964321
1340728946951729
1340729035037516
1340729123056452
1340729215012884
1340729302982608
1340729394843573
1340729484933975
1340729574979029
1340729662961100
1340729751000806
1340729838945610
1340729926937733
1340730014956899
1340730102968312
1340730191066586
1340730279095760
1340730367111552
1340730454853835
1340730542963510
1340730630937948
1340730718929655
1340730807059868
1340730895039612
1340730982753917
1340731070946750
1340731171051350
1340731258903847
1340731347032484
1340731434968969
1340731523091347
1340731610940835
1340731699026015
1340731787183843
1340731875357836
1340731963070717
1340732050976884
1340732139008236
1340732226972096
1340732314912309
1340732407070325
1340732494829189
1340732591032940
1340732678943053
1340732766952479
1340732854935654
1340732942845662
1340733030955328
1340733122762943
1340733210861574
1340733303038593
1340733391033064
1340733479025542
1340733566907684
1340733654975066
1340733743229287
1340733830788916
1340733919110215
1340734007001936
1340734094982746
1340734187112604
1340734274999946
1340734363048866
1340734450987882
1340734538987865
1340734627003489
1340734719017203
1340734807140858
1340734894983223
1340734982915861
1340735070887459
1340735159063002
1340735246988103
1340735334996818
1340735427011627
1340735514955486
1340735606965193
1340735694991008
1340735783216871
1340735870991612
1340735958958473
1340736047037167
1340736135025373
