1340782771282008
1340782863460182
1340782960397860
1340783056988713
1340783158102062
1340783248639648
1340783346973027
1340783436602917
1340783535074040
1340783629838543
1340783722428714
1340783820282045
1340783915200080
1340784011632355
1340784103112875
1340784189970588
1340784278015883
1340784370007210
1340784463167155
1340784563449311
1340784659786288
1340784760201549
1340784856474687
1340784954025764
1340785047810451
1340785146180403
1340785235675369
1340785334335113
1340785426543091
1340785522066814
1340785617699772
1340785711204402
1340785809252854
1340785902434020
1340785998278989
1340786091215919
1340786178006852
1340786269970158
1340786363891339
1340786454856061
1340786547194171
1340786636261353
1340786735707410
1340786833228305
1340786931586311
1340787029589580
1340787122077240
1340787210000807
1340787299585921
1340787390198658
1340787482179785
1340787576514398
1340787669995576
1340787759483389
1340787854034784
1340787948827692
1340788050332145
1340788142069057
1340788230155907
1340788329241502
1340788422213731
1340788517332648
1340788611454703
1340788707258605
1340788799412575
1340788898548807
1340788991988487
1340789095097097
1340789182025510
1340789272672461
1340789363107208
1340789452239820
1340789546977606
1340789642085769
1340789740639234
1340789837979259
1340789933998404
1340790026279845
1340790124501947
1340790213961838
1340790302093657
1340790389916887
1340790481985174
1340790574269408
1340790671661408
1340790771426361
1340790867345015
1340790959655275
1340791059223683
1340791149889613
1340791238048591
1340791331714815
1340791427217829
1340791518811726
1340791616255412
1340791712560494
1340791810469328
1340791903338076
1340792002385403
1340792096797642
