1340574505163311
1340574593219457
1340574681234076
1340574769201308
1340574857280522
1340574945174637
1340575033320716
1340575121292762
1340575209112296
1340575297310512
1340575385347301
1340575473227420
1340575561192822
1340575649274629
1340575737330403
1340575825205075
1340575913174182
1340576001078338
1340576089232555
1340576177231982
1340576265198213
1340576353179385
1340576441242737
1340576529188604
1340576617190589
1340576705195797
1340576793200509
1340576881217146
1340576969255380
1340577057266063
1340577145160893
1340577233205773
1340577321130397
1340577409354014
1340577497198353
1340577585215664
1340577673188589
1340577761301581
1340577849200160
1340577937191254
1340578025273767
1340578113112212
1340578201239163
1340578289233173
1340578377318843
1340578465213901
1340578553211663
1340578641259210
1340578729225548
1340578817287914
1340578905206090
1340578993190021
1340579081193941
1340579169200761
1340579257207618
1340579345206100
1340579433220999
1340579521132571
1340579609333209
1340579697185024
1340579785324936
1340579873246656
1340579961202106
1340580049204484
1340580137279026
1340580225150790
1340580313122820
1340580401362020
1340580489364305
1340580577399258
1340580665353014
1340580753313091
1340580841428167
1340580929189219
1340581017287139
1340581105223661
1340581193268898
1340581281249235
1340581369344895
1340581457239515
1340581545114433
1340581633349757
1340581721243843
1340581809327646
1340581897337062
1340581985206441
1340582073308844
1340582161245993
1340582249412823
1340582337281327
1340582425182606
1340582513072519
1340582601172547
1340582689192404
1340582777190787
1340582865343951
1340582953207858
1340583041423845
1340583129238066
1340583217340748
