1340330369296879
1340330457346254
1340330545194738
1340330633326330
1340330721176648
1340330809113522
1340330897317386
1340330985444411
1340331073327381
1340331161246807
1340331249217830
1340331337236957
1340331425243768
1340331513205513
1340331601106598
1340331689461450
1340331777301517
1340331865263724
1340331953287776
1340332041288859
1340332129359928
1340332219141824
1340332305199799
1340332393259591
1340332481134782
1340332569180310
1340332657250640
1340332745290948
1340332833332465
1340332921294182
1340333009278958
1340333097214773
1340333185155852
1340333273297063
1340333361190877
1340333449320740
1340333537319430
1340333625222103
1340333713199201
1340333801227864
1340333889269927
1340333977339800
1340334065286386
1340334153248714
1340334241248068
1340334329141976
1340334417291226
1340334505165748
1340334593315308
1340334681280636
1340334769166870
1340334857191319
1340334945164775
1340335033320614
1340335121253883
1340335209309639
1340335297331525
1340335385232015
1340335473304248
1340335561285813
1340335649319183
1340335737405199
1340335825334473
1340335913224685
1340336001272190
1340336089196976
1340336177268595
1340336265237994
1340336353311608
1340336441302114
1340336529306548
1340336617227631
1340336705261717
1340336793274887
1340336881337147
1340336969308167
1340337057313645
1340337145219938
1340337233228547
1340337321141146
1340337409313216
1340337497185015
1340337585284640
1340337673300547
1340337761348541
1340337849253733
1340337937328085
1340338025361342
1340338113195904
1340338201101614
1340338289294079
1340338377310316
1340338465298307
1340338553216821
1340338641230466
1340338729317283
1340338817258430
1340338905314935
1340338993203458
1340339081443898
