1340520384535600
1340520476551177
1340520576152477
1340520680083381
1340520782155395
1340520878343727
1340520974262882
1340521069213514
1340521162404238
1340521253487418
1340521353262513
1340521442738204
1340521534900673
1340521624720643
1340521722826440
1340521810232593
1340521906266328
1340522004740962
1340522098966902
1340522186412056
1340522279979398
1340522375474678
1340522463234409
1340522559002652
1340522651351048
1340522746605806
1340522838505024
1340522934328133
1340523030095241
1340523122823215
1340523210425919
1340523302589499
1340523399494348
1340523494250108
1340523587889055
1340523687452748
1340523790040844
1340523882434148
1340523977896459
1340524074285779
1340524170383093
1340524258347309
1340524348024280
1340524439714107
1340524540266844
1340524639209249
1340524736089630
1340524837220597
1340524928713267
1340525027374034
1340525118386559
1340525206385114
1340525294398547
1340525382858873
1340525474118303
1340525566285703
1340525662791232
1340525760054631
1340525857379642
1340525949198681
1340526050330116
1340526146365050
1340526234351946
1340526322407303
1340526415922273
1340526512897997
1340526613235288
1340526713162079
1340526813236702
1340526906563286
1340526998320786
1340527096092216
1340527186383519
1340527282800726
1340527378414110
1340527468750412
1340527563727775
1340527661744555
1340527758755912
1340527855446800
1340527955968522
1340528053275763
1340528150326026
1340528238401949
1340528329892500
1340528420117734
1340528520312815
1340528621759991
1340528717959953
1340528821037354
1340528918806503
1340529010313411
1340529106390057
1340529194416193
1340529289521316
1340529386560186
1340529476389717
1340529570512488
1340529659950518
1340529763197995
