1340294753091730
1340294841152049
1340294929564545
1340295017666969
1340295105474508
1340295193005342
1340295281017157
1340295373106015
1340295462364440
1340295549662236
1340295637093009
1340295725098179
1340295818030131
1340295905675386
1340295994124732
1340296082360075
1340296169038583
1340296261175108
1340296349088914
1340296442207536
1340296531780852
1340296627891576
1340296723601295
1340296814289640
1340296901526943
1340296989486565
1340297078030471
1340297165650230
1340297253120412
1340297341365129
1340297429138104
1340297517949832
1340297611884129
1340297707380979
1340297795499659
1340297891135740
1340297981623901
1340298069400262
1340298156993347
1340298245984758
1340298332914797
1340298421749462
1340298509896185
1340298597764803
1340298686004736
1340298774902427
1340298867482724
1340298963474271
1340299055042128
1340299145058850
1340299232967961
1340299321098629
1340299409323872
1340299497323356
1340299585983613
1340299673363171
1340299761612968
1340299850087350
1340299937161751
1340300026965436
1340300117239299
1340300205863499
1340300295343947
1340300381893948
1340300469775506
1340300557390794
1340300645571778
1340300734328676
1340300822071476
1340300909118409
1340300997520374
1340301085660273
1340301173047429
1340301261095563
1340301349627558
1340301437497111
1340301527067815
1340301614184893
1340301701397448
1340301789422081
1340301877241273
1340301965837383
1340302053691304
1340302145061335
1340302233111218
1340302320971331
1340302409170174
1340302498131713
1340302587547707
1340302679898522
1340302769168336
1340302857975451
1340302945560804
1340303034019304
1340303121055536
1340303209027493
1340303301033752
1340303389627254
1340303477708926
1340303566208977
