1340347981315423
1340348069338697
1340348169291891
1340348257338163
1340348345346617
1340348433449075
1340348521462658
1340348609375775
1340348697387073
1340348785317852
1340348873375464
1340348961476852
1340349049425848
1340349137340337
1340349225353649
1340349313255560
1340349401431692
1340349489313847
1340349577419234
1340349665486833
1340349753369745
1340349841339283
1340349929425218
1340350017448379
1340350105496568
1340350193441763
1340350281455635
1340350369375003
1340350457348602
1340350545339915
1340350633342122
1340350721475604
1340350809286099
1340350898530161
1340350985407060
1340351073420895
1340351161399258
1340351255224486
1340351341391876
1340351429395860
1340351517462942
1340351605247712
1340351693312898
1340351781295360
1340351869354517
1340351957438031
1340352045526254
1340352133369466
1340352229338169
1340352317418618
1340352405414404
1340352493330286
1340352581420803
1340352669505067
1340352757320237
1340352845352699
1340352933384617
1340353021370507
1340353109250557
1340353201485205
1340353289429040
1340353377483130
1340353465473486
1340353553653142
1340353642294972
1340353729468648
1340353817349669
1340353906265758
1340353995069140
1340354083207082
1340354169410552
1340354258461278
1340354349664540
1340354438752722
1340354526174159
1340354617767409
1340354706662285
1340354794259158
1340354882401848
1340354973548706
1340355062118983
1340355149400817
1340355237539606
1340355326166135
1340355413786250
1340355504423822
1340355594225723
1340355682362866
1340355771178065
1340355861790009
1340355950150403
1340356037494842
1340356125556608
1340356213462298
1340356306215119
1340356393697663
1340356482515338
1340356576028757
1340356671687794
1340356761858575
