1340492294337665
1340492386832224
1340492481042892
1340492579541791
1340492671236381
1340492762900801
1340492850748305
1340492939068338
1340493033763240
1340493130258086
1340493218207345
1340493306492909
1340493394136596
1340493484728081
1340493576809715
1340493673672852
1340493772057832
1340493870550012
1340493969124151
1340494064848760
1340494162236424
1340494250292529
1340494342390021
1340494431913527
1340494529810469
1340494627309970
1340494714338734
1340494802148376
1340494897827502
1340494996336947
1340495097873131
1340495186229751
1340495274264008
1340495366289439
1340495455358704
1340495543041793
1340495638847895
1340495739499054
1340495837878897
1340495936315299
1340496033948113
1340496129159336
1340496218218612
1340496306144764
1340496394222156
1340496482223242
1340496579268233
1340496678842639
1340496774797745
1340496870741957
1340496972327223
1340497070822038
1340497166187723
1340497254243911
1340497342203282
1340497433082568
1340497526786127
1340497623539130
1340497718219457
1340497809859339
1340497902167938
1340497998866689
1340498093535030
1340498182261958
1340498270149432
1340498361271567
1340498456585766
1340498556130407
1340498655288582
1340498756493853
1340498854299021
1340498950838554
1340499045892296
1340499142241889
1340499230237641
1340499326800573
1340499418252186
1340499509435956
1340499605423765
1340499700832213
1340499797832161
1340499894241491
1340499990865149
1340500085412329
1340500174272207
1340500262808263
1340500359218461
1340500446907680
1340500542878041
1340500637825151
1340500732159069
1340500828120703
1340500925154318
1340501020717588
1340501123035285
1340501210281068
1340501298461077
1340501390173656
1340501479830306
1340501576891926
