1340619110586419
1340619197840731
1340619285815946
1340619373858403
1340619464607811
1340619558637209
1340619650712024
1340619740691893
1340619839256380
1340619928571358
1340620024059998
1340620121877802
1340620209872049
1340620299792400
1340620389894885
1340620480626986
1340620570862398
1340620662032143
1340620749914680
1340620839445681
1340620929460076
1340621019509773
1340621110740457
1340621197879503
1340621288032582
1340621377910380
1340621469086342
1340621562746723
1340621653535741
1340621743449821
1340621833912811
1340621930294563
1340622021889771
1340622111989120
1340622201836873
1340622289814059
1340622377871363
1340622467104584
1340622555091643
1340622648080198
1340622747428066
1340622840722115
1340622934624754
1340623029061456
1340623120535557
1340623209865555
1340623300518691
1340623390082156
1340623480031992
1340623572218029
1340623664063120
1340623755808823
1340623848286629
1340623941478749
1340624033845067
1340624127854976
1340624217918430
1340624305966362
1340624393909650
1340624481835386
1340624569939779
1340624665652153
1340624757988745
1340624845824266
1340624933825244
1340625024376871
1340625121320390
1340625209776995
1340625297843106
1340625386023204
1340625476319978
1340625566224203
1340625653682928
1340625741906368
1340625830850876
1340625922035367
1340626016704633
1340626109892745
1340626197881304
1340626287851936
1340626377865405
1340626468607063
1340626557775734
1340626649319567
1340626740101859
1340626834608689
1340626925222526
1340627014977235
1340627105852861
1340627194050694
1340627285031995
1340627373931318
1340627464553181
1340627557734819
1340627649415965
1340627739031909
1340627830207907
1340627925600916
1340628018412414
1340628110867598
