1340447130425375
1340447218115668
1340447306528137
1340447393958695
1340447482144710
1340447570092738
1340447658208735
1340447746117695
1340447834300330
1340447922227222
1340448010130201
1340448098001087
1340448186053159
1340448274107424
1340448366262421
1340448454104939
1340448542203362
1340448630052761
1340448718175142
1340448806160287
1340448894029664
1340448982355236
1340449070124996
1340449157848697
1340449246754627
1340449333919650
1340449422208294
1340449514473968
1340449601966269
1340449690303891
1340449778155592
1340449866259459
1340449954132315
1340450041916168
1340450129875179
1340450217914865
1340450305997175
1340450398074002
1340450486060164
1340450573987668
1340450669984907
1340450761953914
1340450850327595
1340450938132198
1340451026186954
1340451114201409
1340451201817700
1340451302033763
1340451390218408
1340451478232110
1340451566015445
1340451654241988
1340451742175756
1340451830037657
1340451917973066
1340452006096043
1340452093991890
1340452182105279
1340452270014080
1340452358166003
1340452446070642
1340452534052866
1340452622010555
1340452709996097
1340452797930037
1340452885908111
1340452974155543
1340453061979441
1340453154041220
1340453241981808
1340453330027556
1340453418125456
1340453506318989
1340453594023791
1340453681916930
1340453770104845
1340453858014625
1340453946012627
1340454034145853
1340454122036915
1340454210022429
1340454298037742
1340454386264368
1340454474075282
1340454561997873
1340454650007802
1340454738061662
1340454826029988
1340454913839196
1340455001770072
1340455089980416
1340455182003557
1340455270004879
1340455358136345
1340455446121333
1340455534117424
1340455621938433
1340455709922259
1340455797998382
1340455885897450
