1340610156888078
1340610248918925
1340610337460375
1340610425124716
1340610513080464
1340610601111606
1340610689909825
1340610781610836
1340610869355235
1340610960916869
1340611048967651
1340611140805733
1340611228915175
1340611317171788
1340611405228739
1340611493139380
1340611582421133
1340611673157249
1340611761085446
1340611853446892
1340611945132257
1340612032986147
1340612121025280
1340612208917029
1340612296912201
1340612392302425
1340612485129218
1340612578047629
1340612665222998
1340612753139021
1340612841083756
1340612929108740
1340613017135947
1340613105159050
1340613193081214
1340613282232035
1340613373171317
1340613461095713
1340613553145239
1340613646249513
1340613741146171
1340613829136845
1340613918486206
1340614005532844
1340614098805557
1340614184837903
1340614273089475
1340614360879099
1340614449098061
1340614536874575
1340614624864101
1340614712969460
1340614801077370
1340614889887829
1340614982783367
1340615069312474
1340615157071150
1340615249035516
1340615338616885
1340615425602217
1340615513876096
1340615601066263
1340615689179232
1340615776946831
1340615869205566
1340615957402817
1340616049057573
1340616137071808
1340616225148994
1340616321054210
1340616409184159
1340616497885102
1340616585969524
1340616673488637
1340616767023694
1340616859642893
1340616953444066
1340617042721580
1340617133104019
1340617221200273
1340617309037102
1340617397356352
1340617489114227
1340617582379722
1340617677262747
1340617771028588
1340617863417017
1340617959061305
1340618049228539
1340618141044966
1340618229039101
1340618318592328
1340618409353811
1340618498444162
1340618585567851
1340618678775994
1340618771357082
1340618867347295
1340618963741570
1340619058241004
