1340250417113578
1340250505253409
1340250593380859
1340250685339741
1340250773615533
1340250861070656
1340250948893324
1340251037476375
1340251128823165
1340251216637934
1340251305457223
1340251392989132
1340251481694269
1340251569523027
1340251665184506
1340251753497214
1340251842727717
1340251928885655
1340252017544918
1340252104935400
1340252192901518
1340252281289700
1340252369550077
1340252456850303
1340252545523527
1340252634478120
1340252720980262
1340252809237587
1340252896811214
1340252985647103
1340253073312575
1340253164789159
1340253252694845
1340253341286514
1340253429314400
1340253517512617
1340253606851917
1340253694783781
1340253782793719
1340253870461531
1340253957699001
1340254045232091
1340254132906542
1340254225097063
1340254312924108
1340254400971999
1340254489245747
1340254577227598
1340254664899712
1340254753108503
1340254842327334
1340254930766082
1340255018012435
1340255105067611
1340255192761776
1340255280697041
1340255368870754
1340255461211938
1340255548885878
1340255637603897
1340255724835996
1340255813152032
1340255900949067
1340255990065803
1340256078535524
1340256164815015
1340256252765846
1340256341218080
1340256429313527
1340256517618358
1340256605599630
1340256692969080
1340256782239879
1340256868941561
1340256956988282
1340257045129646
1340257132906106
1340257220885060
1340257308768139
1340257396888860
1340257485921378
1340257573661198
1340257661090824
1340257753324320
1340257841809618
1340257929247289
1340258017890669
1340258105273973
1340258192906637
1340258281198791
1340258369013515
1340258461160584
1340258549370691
1340258638731234
1340258724886364
1340258813134982
1340258900832054
1340258989547422
1340259076865739
1340259164802690
