1340294753092191
1340294841152599
1340294929565218
1340295017667689
1340295105475489
1340295193005637
1340295281017586
1340295373106431
1340295462365365
1340295549663085
1340295637093514
1340295725099043
1340295818030881
1340295905676066
1340295994125546
1340296082360880
1340296169039318
1340296261175618
1340296349089439
1340296442208380
1340296531781929
1340296627892748
1340296723602796
1340296814290500
1340296901527576
1340296989487211
1340297078031364
1340297165650832
1340297253120911
1340297341365905
1340297429138534
1340297517950650
1340297611885201
1340297707381968
1340297795500625
1340297891136682
1340297981624567
1340298069401207
1340298156993778
1340298245985475
1340298332915191
1340298421750162
1340298509896943
1340298597765474
1340298686005623
1340298774903283
1340298867483917
1340298963475233
1340299055043158
1340299145059357
1340299232968294
1340299321099135
1340299409324431
1340299497323867
1340299585984269
1340299673363796
1340299761613588
1340299850088163
1340299937162432
1340300026966543
1340300117239974
1340300205863984
1340300295345382
1340300381894696
1340300469776232
1340300557391327
1340300645572387
1340300734329758
1340300822072118
1340300909118909
1340300997521376
1340301085660943
1340301173047972
1340301261096234
1340301349628378
1340301437497704
1340301527068596
1340301614185711
1340301701398021
1340301789422725
1340301877241756
1340301965838096
1340302053691908
1340302145061879
1340302233111715
1340302320971728
1340302409170696
1340302498132288
1340302587548665
1340302679899590
1340302769168775
1340302857976229
1340302945561397
1340303034020150
1340303121056071
1340303209027887
1340303301034103
1340303389627940
1340303477709631
1340303566209800
