1340268125447468
1340268212932265
1340268301323941
1340268389390746
1340268477816132
1340268565589279
1340268653289634
1340268741326190
1340268833599836
1340268921188180
1340269010231757
1340269099168758
1340269188846471
1340269277222093
1340269366299047
1340269453387161
1340269541041068
1340269629409625
1340269717790597
1340269804997100
1340269894430129
1340269982168393
1340270069610582
1340270156931015
1340270245361890
1340270334853096
1340270421668752
1340270510816813
1340270597311563
1340270685718686
1340270773472301
1340270860949794
1340270949107878
1340271037138350
1340271128990123
1340271216947552
1340271305339385
1340271393192199
1340271482158539
1340271569044047
1340271661957420
1340271750513591
1340271841009284
1340271929522459
1340272017375654
1340272105741592
1340272192853787
1340272281014879
1340272369019308
1340272456975782
1340272544959574
1340272638189702
1340272726338976
1340272815170534
1340272911193517
1340273003790864
1340273093351967
1340273180937369
1340273268901439
1340273360913949
1340273449971466
1340273537384377
1340273625049467
1340273713011572
1340273802199468
1340273891217237
1340273987135050
1340274079207642
1340274172847944
1340274261164226
1340274349286353
1340274440976402
1340274529723801
1340274617053915
1340274705028208
1340274793259157
1340274881722459
1340274969590530
1340275058836792
1340275144897457
1340275232827112
1340275325771344
1340275413134089
1340275501028775
1340275589354244
1340275677389652
1340275764902105
1340275853350309
1340275941359086
1340276029089929
1340276117345468
1340276204864114
1340276293367407
1340276381622990
1340276469393142
1340276558550045
1340276645425051
1340276733567227
1340276821266588
1340276909265919
