1340763884168332
1340763979521156
1340764068554267
1340764166257415
1340764259446998
1340764356990667
1340764451093022
1340764546248644
1340764641241191
1340764734274827
1340764828341007
1340764926504321
1340765019366511
1340765114127800
1340765202227205
1340765290199015
1340765378309574
1340765471443316
1340765568761529
1340765663362224
1340765759510048
1340765850660541
1340765947235894
1340766035659871
1340766126236979
1340766214249524
1340766303465767
1340766391259579
1340766481044963
1340766571710722
1340766668142318
1340766758423342
1340766855029518
1340766942767377
1340767041940776
1340767134243747
1340767223472548
1340767311636835
1340767406600072
1340767500668127
1340767600724581
1340767697556293
1340767798452990
1340767893137410
1340767994283230
1340768094797331
1340768182213655
1340768278194093
1340768375095636
1340768470502237
1340768559078590
1340768655733860
1340768746675464
1340768841447911
1340768935689895
1340769037468787
1340769130193328
1340769222202669
1340769320675758
1340769414138509
1340769509523087
1340769610540688
1340769704911425
1340769802723780
1340769898008001
1340769994474926
1340770088796330
1340770178279666
1340770266175514
1340770354200345
1340770445112865
1340770538516052
1340770637482127
1340770727450308
1340770823444185
1340770911256559
1340771009889002
1340771104111413
1340771194191392
1340771282278921
1340771378882858
1340771473199911
1340771574444855
1340771669056738
1340771770248160
1340771867426293
1340771962546161
1340772057327100
1340772158318884
1340772246688324
1340772343697200
1340772434185620
1340772526400849
1340772622450136
1340772711420970
1340772811839945
1340772899802713
1340772996244248
1340773092768178
1340773182228934
