1340501671184535
1340501760044437
1340501860136758
1340501958996257
1340502051555937
1340502142281578
1340502230170469
1340502325532968
1340502415714939
1340502507836752
1340502602374908
1340502690952341
1340502782581065
1340502872792790
1340502964471311
1340503063696922
1340503158298840
1340503246361872
1340503337513195
1340503427083444
1340503517108868
1340503614394283
1340503706323774
1340503794195837
1340503886339017
1340503975492302
1340504070586302
1340504162214713
1340504250320316
1340504338285850
1340504429573652
1340504523678414
1340504621746653
1340504719666463
1340504819720734
1340504919746031
1340505017873513
1340505117060012
1340505206916435
1340505302914220
1340505394823336
1340505490998081
1340505578415250
1340505667669292
1340505765598927
1340505864645751
1340505964436520
1340506061169735
1340506150234681
1340506240045138
1340506339188600
1340506427761761
1340506525478858
1340506619287365
1340506708703976
1340506810407206
1340506907855826
1340506998303812
1340507095059150
1340507182294195
1340507273241184
1340507369160153
1340507459208799
1340507550372852
1340507641912453
1340507739304324
1340507844295225
1340507941181306
1340508038317803
1340508130315530
1340508218454672
1340508315331636
1340508406939784
1340508502184485
1340508602119516
1340508699734588
1340508802238692
1340508901584611
1340509000123292
1340509093988978
1340509186218467
1340509279537751
1340509372289981
1340509464053281
1340509558607846
1340509651763710
1340509752540317
1340509851028269
1340509947700890
1340510044405526
1340510138290461
1340510229773545
1340510327059569
1340510419659848
1340510512760133
1340510610693492
1340510705941969
1340510807007895
1340510902218732
1340511000602230
