1340592113494118
1340592201476902
1340592289410407
1340592377549042
1340592465425240
1340592553338995
1340592641444495
1340592729375106
1340592817383057
1340592905539441
1340592993502188
1340593081417939
1340593169405454
1340593257575520
1340593345298623
1340593433430593
1340593521368271
1340593609420468
1340593697389670
1340593785575425
1340593876194845
1340593968855512
1340594059266844
1340594145461676
1340594233651892
1340594322275181
1340594410215330
1340594500394207
1340594592293911
1340594685986365
1340594775665289
1340594868864091
1340594965317413
1340595055216991
1340595141531234
1340595229558115
1340595317607034
1340595406301642
1340595497362321
1340595588766889
1340595678364425
1340595769378641
1340595860479534
1340595954362388
1340596041965737
1340596133340025
1340596225988955
1340596316608674
1340596406087186
1340596496771063
1340596586343711
1340596677259143
1340596773990000
1340596864819104
1340596956527834
1340597049600373
1340597137511840
1340597225416340
1340597314413824
1340597401803191
1340597492308176
1340597582998389
1340597671149468
1340597760426986
1340597853346004
1340597945380244
1340598034106176
1340598125427032
1340598213514111
1340598301557869
1340598389524476
1340598477502885
1340598565514885
1340598654959562
1340598744361221
1340598836726098
1340598927373283
1340599013567172
1340599102071510
1340599189609666
1340599282428118
1340599369580656
1340599463427244
1340599549501688
1340599637972259
1340599728734126
1340599817568356
1340599905610413
1340599994628234
1340600085210023
1340600173526451
1340600263171838
1340600349515933
1340600437629694
1340600525872970
1340600614982234
1340600704103356
1340600798566972
1340600889800892
1340600979979057
