1340215093071899
1340215180591214
1340215273090709
1340215361730084
1340215448887735
1340215537396801
1340215625112504
1340215713864433
1340215801486607
1340215889072398
1340215977726214
1340216065281717
1340216156715634
1340216244699546
1340216332863686
1340216421120119
1340216509419588
1340216596710224
1340216685392613
1340216772785987
1340216861301496
1340216949715229
1340217037086047
1340217124623800
1340217212633779
1340217301086679
1340217388616856
1340217477522304
1340217565503390
1340217652979801
1340217741345893
1340217833508970
1340217920707779
1340218008753536
1340218096822017
1340218184574895
1340218272683803
1340218361393023
1340218452704652
1340218540846394
1340218628574299
1340218716710262
1340218804607340
1340218892855594
1340218980995045
1340219068754735
1340219156559301
1340219244694437
1340219332619656
1340219420726484
1340219508798507
1340219596746024
1340219685023294
1340219772878724
1340219861029018
1340219948685428
1340220037247562
1340220124493171
1340220212611298
1340220300789642
1340220388725828
1340220476853791
1340220565070273
1340220653491839
1340220741141746
1340220829634740
1340220917609852
1340221005717454
1340221092897288
1340221184651936
1340221272832259
1340221360547982
1340221449179946
1340221536858122
1340221624741454
1340221713761748
1340221801394488
1340221889789379
1340221977627110
1340222064839101
1340222152684619
1340222240602467
1340222328782309
1340222416879690
1340222505158604
1340222593835482
1340222680856673
1340222768836797
1340222861140155
1340222949474561
1340223036725637
1340223124711996
1340223212563010
1340223300869908
1340223388558811
1340223476656053
1340223565328673
1340223653637424
1340223740616886
1340223828814729
