1340529950077940
1340529950748840
1340529951427563
1340529952111396
1340529952875585
1340529953554969
1340529954245047
1340529955008906
1340529956281767
1340529957086197
1340529957868615
1340529958602996
1340529960437155
1340529962968818
1340529963726211
1340529964460645
1340529965227835
1340529965933079
1340529966573620
1340529967306052
1340529968723494
1340529969451372
1340529970053187
1340529970692136
1340529971320503
1340529971956949
1340529972578691
1340529973259436
1340529973967776
1340529974669710
1340529975434047
1340529976084697
1340529976894456
1340529977637545
1340529978327007
1340529978963875
1340529979623958
1340529980310162
1340529981014197
1340529981673094
1340529982328632
1340529983081279
1340529983783503
1340529984436315
1340529985089894
1340529985782099
1340529986504383
1340529987266406
1340529987876140
1340529988518539
1340529989141619
1340529989876750
1340529990671982
1340529991391897
1340529992087053
1340529994480396
1340529995238371
1340529995886809
1340529996671003
1340530000329323
1340530001119231
1340530001855135
1340530002702059
1340530003458405
1340530004137967
1340530004868570
1340530005581468
1340530006493445
1340530007887728
1340530009032737
1340530009679776
1340530011477568
1340530012344613
1340530013212275
1340530013857627
1340530014552075
1340530015357845
1340530016099750
1340530016917860
1340530017602752
1340530018315942
1340530019012875
1340530019709297
1340530020436244
1340530021098222
1340530021729323
1340530022367220
1340530022977552
1340530023586928
1340530024281319
1340530024925555
1340530025643677
1340530026331670
1340530026991126
1340530027975681
1340530028666754
1340530029363255
1340530035682888
1340530036545564
1340530037343661
