1340727310591227
1340727397631854
1340727485801576
1340727573862250
1340727661792424
1340727753797216
1340727845813915
1340727933762878
1340728021743047
1340728109715350
1340728197688346
1340728285838395
1340728373787660
1340728461841766
1340728549813235
1340728637704062
1340728725820485
1340728813818056
1340728901669064
1340728989741454
1340729077789261
1340729169589145
1340729257794993
1340729345620123
1340729437718167
1340729531037902
1340729618783336
1340729705804856
1340729793772590
1340729881775273
1340729969755224
1340730057804028
1340730145575549
1340730233839693
1340730321818562
1340730409890523
1340730497795558
1340730585804178
1340730673715471
1340730761861572
1340730849748376
1340730937800986
1340731025813371
1340731125839791
1340731213623127
1340731302843972
1340731389789147
1340731477789316
1340731565788024
1340731653682016
1340731741706927
1340731829656001
1340731917884953
1340732005707635
1340732093795612
1340732181770360
1340732269875667
1340732361594768
1340732449801185
1340732541812561
1340732633773505
1340732721800212
1340732809755220
1340732897847624
1340732985802630
1340733073753334
1340733165604171
1340733257666679
1340733345820299
1340733433789195
1340733521795804
1340733609772222
1340733697921544
1340733785753330
1340733873775267
1340733961860597
1340734049850285
1340734141688498
1340734229659225
1340734317784118
1340734405781772
1340734493804406
1340734581808602
1340734673606769
1340734761841903
1340734849864318
1340734937782208
1340735025746506
1340735113817246
1340735201545500
1340735289825780
1340735381784342
1340735469894120
1340735563462690
1340735649752773
1340735737858371
1340735825795404
1340735913798062
1340736001682555
1340736089844019
