1340539044959839
1340539132751542
1340539220934174
1340539309318133
1340539397209070
1340539485269787
1340539574500246
1340539662577478
1340539751150236
1340539842857194
1340539930537560
1340540017689221
1340540106314725
1340540192684316
1340540281514138
1340540371083111
1340540457617031
1340540546186992
1340540633237883
1340540721340695
1340540809352905
1340540897602821
1340540985834621
1340541074593222
1340541160839756
1340541248910802
1340541337782390
1340541425391350
1340541512909147
1340541600941673
1340541689802161
1340541777327525
1340541866354613
1340541953326217
1340542042332859
1340542132976689
1340542220939065
1340542310001819
1340542397071478
1340542485286027
1340542574339142
1340542662125766
1340542751140045
1340542842783113
1340542933027207
1340543022088921
1340543110784657
1340543197225752
1340543285013588
1340543376969619
1340543466330374
1340543552841977
1340543642149055
1340543731136123
1340543823076960
1340543913128768
1340544002928234
1340544090007874
1340544176955830
1340544269111692
1340544358553796
1340544445525147
1340544534157471
1340544621885534
1340544710817296
1340544798533502
1340544884914378
1340544973032376
1340545060981771
1340545148937117
1340545236920692
1340545324933122
1340545412986673
1340545502272278
1340545588825835
1340545677987133
1340545765037424
1340545853309759
1340545941436885
1340546029873589
1340546116949603
1340546204927160
1340546297681069
1340546384849791
1340546473285972
1340546560942944
1340546650351692
1340546739174392
1340546831048546
1340546918822709
1340547005350523
1340547093468272
1340547180889615
1340547268857314
1340547357616612
1340547445319272
1340547532946743
1340547621749333
1340547709702125
1340547796952482
