1340819928829187
1340820022379621
1340820114418773
1340820206173142
1340820294348709
1340820386318165
1340820478185551
1340820570324642
1340820662373733
1340820758268708
1340820850188467
1340820942282212
1340821034336547
1340821126085437
1340821218185744
1340821310317462
1340821402322215
1340821494308168
1340821586169305
1340821678381471
1340821770154263
1340821862254714
1340821954105099
1340822046258362
1340822142221367
1340822230223262
1340822322149250
1340822414295237
1340822506165067
1340822598377213
1340822690102291
1340822782209186
1340822874145361
1340822966141769
1340823058272170
1340823150198348
1340823242247604
1340823334140635
1340823426310506
1340823518073177
1340823610193963
1340823702118621
1340823790169611
1340823882292865
1340823970233988
1340824062344928
1340824154208702
1340824246141294
1340824338152587
1340824430378589
1340824522320964
1340824614163236
1340824706438198
1340824798269521
1340824890288594
1340824982203709
1340825074392267
1340825166215161
1340825258147068
1340825350152548
1340825442298551
1340825534182707
1340825622255294
1340825714239703
1340825806287050
1340825898434022
1340825990268230
1340826082442035
1340826174308277
1340826266221102
1340826358393291
1340826450205850
1340826542282571
1340826630330596
1340826722284114
1340826814248391
1340826906286772
1340826998187552
1340827090252127
1340827182263559
1340827274307798
1340827366322699
1340827458291681
1340827546295581
1340827638276905
1340827730218197
1340827822309731
1340827914309955
1340828006271080
1340828098296336
1340828194176834
1340828286238344
1340828378354085
1340828470201523
1340828562235731
1340828654298663
1340828746107136
1340828838197342
1340828930161808
1340829022323308
