1340534536819955
1340534581514121
1340534626106953
1340534673899075
1340534718359485
1340534766036877
1340534812831146
1340534856917668
1340534900886704
1340534944867274
1340534988877767
1340535033004412
1340535077065815
1340535120877785
1340535164870158
1340535208830519
1340535252834884
1340535296856856
1340535345217492
1340535388873524
1340535432967109
1340535477096104
1340535521267673
1340535564841527
1340535609477159
1340535653176948
1340535696664975
1340535741470337
1340535786425850
1340535834575138
1340535881719526
1340535926077479
1340535973679879
1340536017990627
1340536065001809
1340536109180855
1340536152850050
1340536196879614
1340536240807817
1340536284824639
1340536328804698
1340536372766543
1340536417422144
1340536462161324
1340536508837037
1340536553296469
1340536597883533
1340536641185556
1340536686254314
1340536732850180
1340536777247588
1340536821589945
1340536866288862
1340536912913201
1340536957382889
1340537006001261
1340537049226193
1340537092653405
1340537136822042
1340537180839822
1340537224850904
1340537269666067
1340537314701099
1340537362437105
1340537409101026
1340537453523016
1340537497730638
1340537542259441
1340537589250761
1340537633019786
1340537677485170
1340537722031131
1340537769413090
1340537813121926
1340537857124358
1340537900809722
1340537945048151
1340537989319606
1340538032838041
1340538076696162
1340538120817259
1340538164837747
1340538208836993
1340538252850206
1340538297001998
1340538341673585
1340538385074981
1340538429322704
1340538473608290
1340538517926911
1340538566168713
1340538613649350
1340538658207546
1340538706376859
1340538754690032
1340538802675364
1340538850222780
1340538898409676
1340538946101032
1340538994618506
