1340673527342690
1340673619695883
1340673714695719
1340673803287255
1340673897807799
1340673990932469
1340674086474606
1340674173442165
1340674261581660
1340674355446817
1340674442027158
1340674529534801
1340674621996908
1340674709590912
1340674801596753
1340674895476777
1340674989802176
1340675083474928
1340675169444048
1340675258172420
1340675350109185
1340675438925405
1340675533245809
1340675627494290
1340675721631143
1340675809555903
1340675901508681
1340676000035607
1340676093555975
1340676181495708
1340676269522464
1340676359164135
1340676450125338
1340676544278099
1340676634255179
1340676727463570
1340676818118123
1340676906449361
1340676998324833
1340677092922045
1340677181481537
1340677275188406
1340677365447442
1340677454883236
1340677546584894
1340677635559511
1340677726009600
1340677819727868
1340677913978469
1340678007703248
1340678094355364
1340678181493855
1340678269859410
1340678364032849
1340678454269639
1340678546567668
1340678634469761
1340678732499806
1340678822274460
1340678915560248
1340679006740388
1340679100510707
1340679189425533
1340679278271426
1340679369905398
1340679458892600
1340679546397820
1340679638370685
1340679729645709
1340679823749210
1340679913387372
1340680007743610
1340680099145277
1340680185445912
1340680273442990
1340680368051837
1340680459290897
1340680550732992
1340680637321668
1340680727065848
1340680814469321
1340680908175678
1340680998159525
1340681092028386
1340681181227538
1340681269404834
1340681357449691
1340681446108897
1340681534447109
1340681626293029
1340681715722928
1340681805353255
1340681894433829
1340681987408335
1340682074646005
1340682165569783
1340682253335218
1340682347724982
1340682438045623
1340682531078240
