1340215136596182
1340215228867853
1340215317352512
1340215404841778
1340215493281639
1340215580958241
1340215669676586
1340215757851352
1340215845788953
1340215933193005
1340216020897043
1340216113493587
1340216200586542
1340216288732193
1340216376731076
1340216464986415
1340216553852797
1340216641006593
1340216728639439
1340216817248531
1340216905258777
1340216993330882
1340217081361133
1340217168572782
1340217256926719
1340217344987920
1340217432919569
1340217521812371
1340217608759404
1340217697324210
1340217785613220
1340217877149671
1340217964992122
1340218052916339
1340218140586390
1340218228428971
1340218317079598
1340218408696926
1340218496574598
1340218585053487
1340218672609517
1340218760685343
1340218848627894
1340218936692317
1340219025167753
1340219112935505
1340219200672163
1340219288647893
1340219376598374
1340219464849202
1340219552771201
1340219640578903
1340219728815328
1340219816868915
1340219904574135
1340219992682893
1340220081588979
1340220168542124
1340220256652911
1340220344801469
1340220432678780
1340220520687456
1340220608975004
1340220696741404
1340220785453764
1340220873520914
1340220961759704
1340221048773022
1340221140669627
1340221228602323
1340221317182394
1340221404886527
1340221493422280
1340221580800298
1340221669345192
1340221756888411
1340221845600657
1340221933497296
1340222020660631
1340222109865325
1340222196657105
1340222284648702
1340222372628364
1340222460868369
1340222549585771
1340222636882937
1340222724751603
1340222816876097
1340222905378776
1340222993784091
1340223080769327
1340223168555095
1340223256663619
1340223345140124
1340223432880765
1340223520756305
1340223609441091
1340223697762534
1340223784720319
1340223872871587
