1340356898485957
1340356986286291
1340357078136127
1340357165486701
1340357253504849
1340357341411294
1340357429567338
1340357518927645
1340357612545690
1340357706975443
1340357800579790
1340357896269996
1340357985830802
1340358074203175
1340358165492539
1340358254931289
1340358342071018
1340358429753441
1340358517556774
1340358605521122
1340358693626584
1340358784250612
1340358880380361
1340358974947603
1340359062805701
1340359153533362
1340359241465319
1340359330455656
1340359418745759
1340359509454649
1340359598900224
1340359685724737
1340359777595622
1340359866635537
1340359953527514
1340360042150008
1340360129475760
1340360217549330
1340360306086470
1340360393538557
1340360482490478
1340360571341851
1340360659405329
1340360749524278
1340360838612374
1340360926185186
1340361013404450
1340361101611577
1340361189482327
1340361277468160
1340361365489484
1340361454673454
1340361545644107
1340361634072630
1340361721836259
1340361810965930
1340361901601265
1340361990874899
1340362078079642
1340362165436178
1340362253796344
1340362342372689
1340362429510999
1340362520246787
1340362616210859
1340362713716785
1340362802147137
1340362890104248
1340362977538595
1340363065471900
1340363153449993
1340363241398822
1340363329614660
1340363417676957
1340363509631666
1340363600246792
1340363696672195
1340363793232871
1340363889365968
1340363982541840
1340364070081700
1340364157567152
1340364245454481
1340364338935404
1340364425638678
1340364515405315
1340364601527215
1340364693756465
1340364783898729
1340364879653356
1340364976683404
1340365071836219
1340365165493113
1340365253518599
1340365342195136
1340365429915157
1340365517498777
1340365607836845
1340365699180493
1340365790313777
