1340321461692625
1340321549937005
1340321644337732
1340321740291850
1340321831490444
1340321921906038
1340322010031957
1340322098197955
1340322185226338
1340322274342508
1340322361376828
1340322449145986
1340322537909185
1340322625467342
1340322717399615
1340322807536531
1340322904690207
1340322995521117
1340323087515633
1340323177199262
1340323265212785
1340323353304003
1340323442805357
1340323529248286
1340323621829643
1340323710637050
1340323798138565
1340323885804894
1340323973177670
1340324063523795
1340324153059440
1340324241331178
1340324329180227
1340324417279175
1340324505066482
1340324597862347
1340324689312434
1340324777232886
1340324865833247
1340324953749687
1340325042114018
1340325129285376
1340325217345947
1340325306189340
1340325393356880
1340325483136317
1340325569826487
1340325657279469
1340325745104015
1340325833884257
1340325921931946
1340326009227731
1340326097233187
1340326185030168
1340326273229646
1340326361800049
1340326449150096
1340326537103113
1340326625167148
1340326713075283
1340326801148705
1340326889212715
1340326977247581
1340327065248431
1340327153277884
1340327241186443
1340327329272247
1340327417167501
1340327505236204
1340327593196045
1340327681167639
1340327769136813
1340327857294585
1340327945277536
1340328033270268
1340328125191978
1340328213335865
1340328301266820
1340328389261646
1340328477257737
1340328565041577
1340328653232825
1340328741188022
1340328829194602
1340328917164494
1340329005087514
1340329093165387
1340329181297785
1340329269333456
1340329357200629
1340329445182002
1340329533223764
1340329621150825
1340329709171483
1340329797302198
1340329885245936
1340329973175287
1340330061149056
1340330149218132
1340330237167219
