1340682666376598
1340682754604154
1340682845461897
1340682938593480
1340683030210645
1340683119138012
1340683206682083
1340683298728068
1340683386549699
1340683474808375
1340683565049794
1340683654769813
1340683742586006
1340683830596949
1340683922501707
1340684015197513
1340684102845006
1340684190569699
1340684278417862
1340684371399034
1340684461798223
1340684555445225
1340684642531293
1340684730608183
1340684820946474
1340684915829510
1340685010663868
1340685098504796
1340685186461475
1340685275916664
1340685369780908
1340685460040653
1340685550441748
1340685638587338
1340685726517988
1340685815123717
1340685904909250
1340685994597897
1340686082380463
1340686170368022
1340686259670759
1340686350566223
1340686438547661
1340686526483540
1340686614406445
1340686704033951
1340686794529975
1340686882578944
1340686970393947
1340687058598743
1340687146271651
1340687234420943
1340687322492703
1340687410660811
1340687499984579
1340687590446976
1340687680237926
1340687770587436
1340687858513131
1340687946435763
1340688034552986
1340688122507638
1340688210678749
1340688298487449
1340688386583466
1340688474385855
1340688562509728
1340688650425183
1340688738431616
1340688826376315
1340688914577534
1340689003566501
1340689090431773
1340689178497748
1340689270488395
1340689358598555
1340689446466920
1340689534405801
1340689622522145
1340689710424498
1340689798514364
1340689886350998
1340689974537159
1340690062407389
1340690150487686
1340690238372231
1340690326506278
1340690414493657
1340690502517798
1340690590414478
1340690678615981
1340690766390878
1340690854534764
1340690942489567
1340691030569150
1340691118416060
1340691206457919
1340691294544838
1340691383492133
1340691470485922
