1340848195266064
1340848286517379
1340848382736906
1340848475940723
1340848580324318
1340848679844374
1340848774583111
1340848870027181
1340848962754873
1340849061930580
1340849154529565
1340849247043662
1340849339270673
1340849431456877
1340849524979333
1340849626450927
1340849725454386
1340849822712904
1340849922462294
1340850016104051
1340850121155310
1340850214435876
1340850312832283
1340850406457368
1340850499510039
1340850592310314
1340850696146058
1340850793490963
1340850891828382
1340850992058286
1340851090820661
1340851182459227
1340851275096640
1340851372131706
1340851467815910
1340851566859467
1340851660070131
1340851761066828
1340851856085183
1340851959744964
1340852057604003
1340852154547534
1340852253996367
1340852354792622
1340852449810779
1340852551366111
1340852651374479
1340852747594270
1340852848335350
1340852944295715
1340853045049031
1340853138422402
1340853232821404
1340853329941158
1340853423023030
1340853524031018
1340853618697451
1340853715547517
1340853811110602
1340853912119147
1340854013284237
1340854114820190
1340854206468906
1340854298446376
1340854390424805
1340854490601914
1340854584648959
1340854683785325
1340854781897951
1340854878532234
1340854973960839
1340855071492687
1340855170410453
1340855262480162
1340855361814797
1340855456500455
1340855563176821
1340855662406642
1340855762707105
1340855861368086
1340855959317604
1340856053960249
1340856154435835
1340856250947284
1340856346832673
1340856438633522
1340856531972536
1340856632662881
1340856727741397
1340856830851463
1340856925875372
1340857030879795
1340857127340054
1340857218427267
1340857310439019
1340857406397064
1340857503967000
1340857603365486
1340857698499812
1340857794793818
