1340848240462439
1340848337602521
1340848430756362
1340848532515379
1340848635095786
1340848728496860
1340848820984828
1340848916284171
1340849011582017
1340849108796952
1340849200104370
1340849294465544
1340849384593520
1340849477737755
1340849580768340
1340849678056305
1340849778718120
1340849874160437
1340849970973965
1340850072873222
1340850168477521
1340850264859124
1340850360600530
1340850452671856
1340850545426613
1340850645804209
1340850746841844
1340850845100480
1340850946091506
1340851045555148
1340851136232641
1340851228226922
1340851325967166
1340851423336950
1340851517945405
1340851615082054
1340851713076385
1340851808207964
1340851912349356
1340852011007000
1340852109354105
1340852206349822
1340852309641657
1340852400412587
1340852504655342
1340852602053713
1340852700708450
1340852796412871
1340852896801561
1340852997974106
1340853095240507
1340853184362429
1340853283193541
1340853376239478
1340853471687791
1340853572318454
1340853668323405
1340853766094304
1340853863350002
1340853964022417
1340854065400451
1340854160238731
1340854252141424
1340854344455689
1340854441248769
1340854536650751
1340854638787793
1340854731980287
1340854834481094
1340854924915041
1340855025993029
1340855121912064
1340855216500344
1340855314392140
1340855408831267
1340855513687232
1340855611679409
1340855712659418
1340855812828119
1340855914325006
1340856006767538
1340856110245201
1340856200347753
1340856302934081
1340856392278834
1340856486836925
1340856584742210
1340856680522343
1340856781219950
1340856877481721
1340856980521049
1340857077995267
1340857172223413
1340857264246546
1340857360625582
1340857456274111
1340857556916421
1340857650147052
1340857749150427
1340857846998615
