1340646214140167
1340646303884050
1340646394244757
1340646485960307
1340646575022890
1340646666364728
1340646758747647
1340646851147494
1340646941145387
1340647033431472
1340647128769903
1340647218142256
1340647307889080
1340647402389301
1340647494126797
1340647589089931
1340647687111712
1340647779091475
1340647874396703
1340647966013703
1340648056448865
1340648146122145
1340648234147741
1340648323332815
1340648411810437
1340648504623772
1340648602017695
1340648693062299
1340648792035651
1340648887466973
1340648987046661
1340649074414429
1340649162136820
1340649250210133
1340649341223666
1340649430183028
1340649523214713
1340649612336174
1340649706175402
1340649802496960
1340649894026183
1340649987793767
1340650082509002
1340650170130198
1340650258228201
1340650347439000
1340650436590555
1340650535100421
1340650627070452
1340650718284161
1340650806576458
1340650895507799
1340650986423882
1340651079029512
1340651166111588
1340651254136833
1340651343708551
1340651435931371
1340651531203153
1340651620158597
1340651710193991
1340651798397995
1340651890545831
1340651982225247
1340652071421906
1340652166183901
1340652254138792
1340652344882438
1340652435435666
1340652524282822
1340652615467881
1340652705161901
1340652795240356
1340652887098503
1340652980761904
1340653074362701
1340653162135613
1340653250356684
1340653338105643
1340653427421327
1340653519051188
1340653612026593
1340653702629073
1340653794491761
1340653888034734
1340653983311492
1340654071508850
1340654158025340
1340654246206124
1340654339919188
1340654431302153
1340654522414089
1340654610106717
1340654702537857
1340654799864736
1340654890905945
1340654980954043
1340655075133113
1340655166292142
1340655254141134
