1340268038956748
1340268125463621
1340268212938820
1340268301333546
1340268389398854
1340268477828948
1340268565600249
1340268653297044
1340268741334622
1340268833611670
1340268921196935
1340269010247527
1340269099189521
1340269188854191
1340269277232455
1340269366315715
1340269453397025
1340269541048291
1340269629419385
1340269717801395
1340269805003621
1340269894446902
1340269982181437
1340270069621569
1340270156941681
1340270245370490
1340270334871578
1340270421678152
1340270510835438
1340270597321165
1340270685729012
1340270773484190
1340270860955969
1340270949116064
1340271037145474
1340271128996315
1340271216952943
1340271305348678
1340271393206576
1340271482169872
1340271569051535
1340271661972066
1340271750533757
1340271841015563
1340271929532973
1340272017384585
1340272105753453
1340272192859034
1340272281026388
1340272369027189
1340272456982251
1340272544965718
1340272638205134
1340272726353839
1340272815186861
1340272911214706
1340273003812246
1340273093360409
1340273180943595
1340273268906979
1340273360919943
1340273449986099
1340273537392539
1340273625065987
1340273713017872
1340273802221177
1340273891233770
1340273987155046
1340274079230589
1340274172852736
1340274261177016
1340274349295403
1340274440982601
1340274529736357
1340274617061707
1340274705035754
1340274793268325
1340274881733164
1340274969603127
1340275058867939
1340275144903415
1340275232831963
1340275325787696
1340275413141535
1340275501034992
1340275589363054
1340275677397326
1340275764908382
1340275853359787
1340275941366622
1340276029096586
1340276117356991
1340276204870889
1340276293376069
1340276381631216
1340276469404352
1340276558566157
1340276645433625
1340276733578098
1340276821277671
