1340464790714135
1340464878239226
1340464966209611
1340465054120649
1340465142144980
1340465230197265
1340465318127148
1340465406273881
1340465494335123
1340465582123952
1340465670115773
1340465758123559
1340465846079911
1340465934175265
1340466022369837
1340466109953245
1340466198214118
1340466286208673
1340466374258037
1340466466179275
1340466554133549
1340466642083413
1340466730108698
1340466818163336
1340466910120191
1340466998248832
1340467086118666
1340467174082899
1340467262016414
1340467349996839
1340467438094800
1340467526327141
1340467614107283
1340467702135000
1340467790098356
1340467878082500
1340467966036129
1340468054137621
1340468142149809
1340468230180189
1340468318113370
1340468406338920
1340468494094133
1340468582345382
1340468670106753
1340468759427721
1340468846130210
1340468934175064
1340469022152089
1340469110134974
1340469198091290
1340469286111322
1340469374150172
1340469462158606
1340469550215301
1340469638099315
1340469726052238
1340469814236758
1340469902174195
1340469990099080
1340470078156327
1340470166161429
1340470254138022
1340470342007186
1340470430324568
1340470518131674
1340470606151575
1340470694117720
1340470782087377
1340470870130502
1340470958006141
1340471046172153
1340471134244276
1340471222194997
1340471310146113
1340471398405854
1340471486285436
1340471574139830
1340471662029024
1340471750004982
1340471838102251
1340471926148617
1340472014122676
1340472102175772
1340472190200809
1340472278095445
1340472366406479
1340472458049033
1340472546247344
1340472634228747
1340472722102590
1340472810171414
1340472898188715
1340472986400837
1340473074110176
1340473162155558
1340473250181640
1340473338089890
1340473426149010
1340473514270483
