1340374778442658
1340374865715404
1340374954518996
1340375044105663
1340375133609440
1340375221553323
1340375309430368
1340375405539295
1340375494335624
1340375581542693
1340375674647776
1340375762539899
1340375853585364
1340375941544886
1340376031350236
1340376117836749
1340376205569189
1340376294357870
1340376385818417
1340376474419901
1340376561611327
1340376650520231
1340376739934702
1340376835605630
1340376931625519
1340377027011833
1340377120843573
1340377209604259
1340377298849785
1340377385532838
1340377473763924
1340377562098854
1340377654031206
1340377745614285
1340377834788544
1340377922415764
1340378009987759
1340378104445202
1340378193589974
1340378286495368
1340378373817598
1340378462298678
1340378550135179
1340378639844934
1340378730256590
1340378818338483
1340378905570819
1340378994578060
1340379082534609
1340379169601724
1340379257526153
1340379347364586
1340379434443370
1340379524176316
1340379614719351
1340379702553012
1340379794942840
1340379886433344
1340379975002762
1340380063033706
1340380149648405
1340380237702647
1340380326424871
1340380413603779
1340380503605165
1340380601414273
1340380691849521
1340380782226980
1340380869590987
1340380957657302
1340381047419028
1340381133603102
1340381221592334
1340381309653797
1340381397349066
1340381486579433
1340381575647535
1340381671415867
1340381763905048
1340381860545192
1340381954623703
1340382043343037
1340382133560537
1340382227422769
1340382323118536
1340382410361091
1340382498604301
1340382585562600
1340382674997338
1340382762421196
1340382856939499
1340382952491270
1340383045638734
1340383133679899
1340383221584932
1340383309727497
1340383397735804
1340383485626126
1340383575059086
1340383666373498
