1340530084775765
1340530128550474
1340530172715936
1340530216909444
1340530264771559
1340530312739860
1340530356752713
1340530400696440
1340530445051241
1340530488852793
1340530532803893
1340530576594185
1340530620799520
1340530664747155
1340530708944664
1340530753353337
1340530798124229
1340530845610909
1340530890234320
1340530938020839
1340530984526442
1340531028615237
1340531072861148
1340531116647923
1340531160734708
1340531204825187
1340531248616039
1340531292834912
1340531336990676
1340531380734574
1340531424769693
1340531472637392
1340531516830159
1340531561190503
1340531604966717
1340531648760355
1340531692664771
1340531740801544
1340531784734863
1340531828817695
1340531872793900
1340531916718575
1340531960813920
1340532004923137
1340532052966978
1340532097556876
1340532140844502
1340532184724021
1340532228735134
1340532272751167
1340532316779936
1340532361145710
1340532404815838
1340532448738191
1340532492642103
1340532536834243
1340532581257128
1340532625620088
1340532669867499
1340532714075619
1340532762228128
1340532808750611
1340532853062909
1340532896758156
1340532941023634
1340532985318040
1340533028767174
1340533073186838
1340533117734511
1340533164733071
1340533208747001
1340533252764233
1340533296763089
1340533340822015
1340533384808243
1340533428804208
1340533473270752
1340533516933914
1340533560707849
1340533604654833
1340533648849908
1340533696821469
1340533740849514
1340533784619429
1340533828792274
1340533872693983
1340533916821618
1340533960725324
1340534004842878
1340534048487208
1340534092807383
1340534136801541
1340534180809972
1340534224814048
1340534268786050
1340534312869577
1340534356723621
1340534400674868
1340534444892570
1340534489294473
