1340754632351803
1340754735369231
1340754829399532
1340754923213235
1340755013755913
1340755112901863
1340755203300541
1340755294725282
1340755384490718
1340755481388106
1340755574036289
1340755667074679
1340755756253987
1340755852083629
1340755947726710
1340756044174305
1340756139318325
1340756227379767
1340756318400977
1340756411202149
1340756504170352
1340756599397750
1340756691545815
1340756787538315
1340756877763294
1340756967451705
1340757064686154
1340757159248442
1340757247248713
1340757335231907
1340757425864207
1340757519600607
1340757612083322
1340757703822954
1340757804201369
1340757896929545
1340757994198730
1340758085448648
1340758175132791
1340758265118011
1340758364493695
1340758455531796
1340758548021929
1340758641330043
1340758742299249
1340758835792845
1340758931180370
1340759021851548
1340759117334400
1340759207143349
1340759301352548
1340759395630259
1340759485748217
1340759580710798
1340759675353241
1340759765634627
1340759860590563
1340759955646160
1340760047325370
1340760135218938
1340760223236240
1340760316689382
1340760411312159
1340760503072464
1340760595714641
1340760697550400
1340760793630378
1340760891138550
1340760979552474
1340761071944934
1340761163338086
1340761254124520
1340761345455408
1340761435290825
1340761524015506
1340761620764724
1340761713553818
1340761812173525
1340761912668158
1340762011416904
1340762102175606
1340762191396152
1340762279304839
1340762375385416
1340762466016944
1340762559532087
1340762649616119
1340762743883324
1340762837866525
1340762931498289
1340763019275125
1340763111517549
1340763199234586
1340763287656871
1340763376975655
1340763467287485
1340763555746181
1340763647262971
1340763744910850
1340763839212295
