1340383711210936
1340383798182254
1340383886602113
1340383976311338
1340384067248455
1340384157479842
1340384245847591
1340384334431860
1340384422857555
1340384511205798
1340384604104347
1340384700408154
1340384797784159
1340384892736696
1340384981987823
1340385074445514
1340385165720121
1340385258011606
1340385346066931
1340385433842528
1340385522653997
1340385609695097
1340385702455517
1340385790615378
1340385885263502
1340385979422550
1340386073041870
1340386161657578
1340386249727029
1340386337935806
1340386427052027
1340386514743708
1340386603946702
1340386694799597
1340386781629212
1340386869719820
1340386959047827
1340387052429890
1340387145654147
1340387233635933
1340387322357133
1340387409993405
1340387497657708
1340387588081541
1340387680470795
1340387769672138
1340387857693102
1340387945684759
1340388034420827
1340388130178212
1340388217882698
1340388313835938
1340388406522424
1340388501662315
1340388590367684
1340388678273449
1340388766516501
1340388855594326
1340388947527281
1340389036493131
1340389129673003
1340389217638668
1340389305662466
1340389393734340
1340389484787570
1340389573895028
1340389661967207
1340389750812758
1340389839850408
1340389930191907
1340390018809453
1340390110993915
1340390197642892
1340390285712201
1340390373724725
1340390463774180
1340390555346945
1340390643572260
1340390739542810
1340390838101413
1340390931231909
1340391017689331
1340391105887864
1340391193597235
1340391282392494
1340391369512040
1340391458416675
1340391545993757
1340391633809669
1340391722945404
1340391812437418
1340391908594580
1340392005347905
1340392100063962
1340392189693582
1340392281738993
1340392371489246
1340392459418799
1340392545689573
1340392634156487
