1340736178317609
1340736266054701
1340736354086980
1340736442101149
1340736530078804
1340736617992735
1340736706066280
1340736794073946
1340736887315687
1340736974053174
1340737062063959
1340737157843264
1340737250010842
1340737338075770
1340737426040586
1340737514044016
1340737601990310
1340737690049285
1340737778167496
1340737866091055
1340737954010122
1340738042020055
1340738130018689
1340738217803705
1340738306182526
1340738394046504
1340738482046869
1340738570012364
1340738658022982
1340738746051683
1340738833976648
1340738921951937
1340739010052491
1340739098103609
1340739186034459
1340739274192988
1340739361872721
1340739450095724
1340739545506892
1340739637971015
1340739725953194
1340739813964719
1340739902041676
1340739990123787
1340740078038917
1340740166070135
1340740253966606
1340740342087956
1340740436195455
1340740532952217
1340740629814463
1340740723589302
1340740818176084
1340740907137011
1340740998185825
1340741097768969
1340741186063981
1340741273998139
1340741370881798
1340741459155195
1340741546890429
1340741637996219
1340741730738864
1340741828146452
1340741923118171
1340742017829287
1340742109896229
1340742198157041
1340742287437669
1340742382103079
1340742475034621
1340742568157087
1340742658763516
1340742753255131
1340742843284310
1340742931398421
1340743023206305
1340743120882754
1340743210128581
1340743302747586
1340743390050713
1340743482094409
1340743572267663
1340743670013879
1340743763645792
1340743851544914
1340743944176192
1340744038987619
1340744130025704
1340744222073691
1340744312458775
1340744410248712
1340744504713454
1340744594156309
1340744685884755
1340744778203884
1340744873064393
1340744971137011
1340745068329462
1340745162209581
