1340250461138548
1340250548836651
1340250637488545
1340250729154895
1340250818061859
1340250905146090
1340250993055713
1340251080856475
1340251172788091
1340251260738761
1340251349448285
1340251436944657
1340251525133155
1340251616880588
1340251709198156
1340251797530929
1340251885196995
1340251973402873
1340252061095574
1340252148847169
1340252236778901
1340252325650187
1340252412917541
1340252501066204
1340252590003955
1340252678718229
1340252765475377
1340252853105040
1340252941274208
1340253030573130
1340253120809969
1340253208698460
1340253297015515
1340253384945322
1340253472922933
1340253562069764
1340253650549924
1340253738517828
1340253826536117
1340253912867266
1340254001151473
1340254089145844
1340254176769686
1340254268687549
1340254357702135
1340254444953368
1340254533198409
1340254621295235
1340254708863530
1340254797603556
1340254886798370
1340254974761807
1340255062489076
1340255148874266
1340255236882738
1340255325066816
1340255416951039
1340255504910007
1340255593109128
1340255680982668
1340255768958633
1340255857358263
1340255945212491
1340256033768421
1340256121287966
1340256208781466
1340256296772402
1340256384905568
1340256473071725
1340256561054381
1340256650011560
1340256737299027
1340256826691394
1340256913098901
1340257001682933
1340257088985090
1340257176933322
1340257264743970
1340257353180717
1340257441428623
1340257529284354
1340257617144775
1340257708904667
1340257797387440
1340257884834284
1340257973111240
1340258060920688
1340258148857347
1340258236869863
1340258324823472
1340258412941780
1340258505160974
1340258594266795
1340258682816880
1340258769050406
1340258857072517
1340258945077532
1340259034540536
1340259120875420
1340259213497462
