1340241634501429
1340241722030089
1340241810217866
1340241896778010
1340241984807147
1340242072855746
1340242160783199
1340242249287192
1340242336807872
1340242425267729
1340242512838208
1340242600880181
1340242689094696
1340242785149015
1340242878055078
1340242966381127
1340243053709527
1340243140693963
1340243228834616
1340243317061283
1340243405848036
1340243493057279
1340243582013299
1340243668892973
1340243757179500
1340243845071817
1340243933025963
1340244022117204
1340244108671583
1340244196702953
1340244285339530
1340244373099255
1340244461088319
1340244552967144
1340244642255423
1340244733209208
1340244821608136
1340244908865851
1340244996838817
1340245085103994
1340245172709294
1340245260612885
1340245349775253
1340245437101786
1340245524935127
1340245613174290
1340245700826583
1340245789100295
1340245877854623
1340245965459707
1340246053180456
1340246140736852
1340246228771170
1340246317297205
1340246405031900
1340246493937068
1340246582524829
1340246670478681
1340246756841095
1340246844961990
1340246933125303
1340247021630450
1340247109001783
1340247196731780
1340247284923874
1340247372878755
1340247460957563
1340247549463277
1340247638249823
1340247726429562
1340247814219865
1340247902512891
1340247988839574
1340248077411081
1340248164584877
1340248252659533
1340248340869002
1340248429094126
1340248517080733
1340248605250338
1340248692847600
1340248781836261
1340248870248411
1340248958513443
1340249045802132
1340249132710315
1340249221001195
1340249308602600
1340249400854307
1340249489036521
1340249577406111
1340249665050265
1340249753187617
1340249841516115
1340249928746658
1340250017910372
1340250106070442
1340250192709259
1340250285058486
1340250373232204
