1340501671185156
1340501760045159
1340501860137319
1340501958997390
1340502051557228
1340502142282102
1340502230170935
1340502325533911
1340502415715708
1340502507837422
1340502602375462
1340502690953349
1340502782581594
1340502872793554
1340502964472061
1340503063697609
1340503158299355
1340503246362421
1340503337514145
1340503427084232
1340503517109776
1340503614394944
1340503706324893
1340503794196270
1340503886339486
1340503975493142
1340504070587420
1340504162215162
1340504250320819
1340504338286352
1340504429574634
1340504523679125
1340504621747755
1340504719667633
1340504819721925
1340504919747266
1340505017874555
1340505117060950
1340505206916964
1340505302915503
1340505394824025
1340505490999225
1340505578415640
1340505667669962
1340505765599915
1340505864646553
1340505964437334
1340506061170436
1340506150235213
1340506240045883
1340506339189628
1340506427762459
1340506525480019
1340506619288036
1340506708704823
1340506810408289
1340506907856704
1340506998304295
1340507095060390
1340507182294730
1340507273242107
1340507369160698
1340507459210106
1340507550373355
1340507641913402
1340507739305935
1340507844295766
1340507941182380
1340508038318960
1340508130316034
1340508218455061
1340508315333236
1340508406940353
1340508502185294
1340508602120020
1340508699735803
1340508802239593
1340508901585557
1340509000125007
1340509093990034
1340509186218954
1340509279538446
1340509372290502
1340509464054030
1340509558608309
1340509651764845
1340509752541676
1340509851029688
1340509947702690
1340510044406438
1340510138290990
1340510229774565
1340510327060696
1340510419660643
1340510512761306
1340510610694924
1340510705942998
1340510807009145
1340510902220011
1340511000603691
