1340420047008574
1340420137787429
1340420225741838
1340420314269818
1340420402589021
1340420491185782
1340420579866126
1340420670598613
1340420765935059
1340420855099098
1340420942947976
1340421030899818
1340421121605581
1340421209704064
1340421301403481
1340421394540197
1340421482863741
1340421570663086
1340421658447850
1340421746856913
1340421839723908
1340421932727859
1340422021761520
1340422110465056
1340422197780880
1340422288703767
1340422385900273
1340422476935031
1340422571797704
1340422666833057
1340422758893010
1340422845829576
1340422936102442
1340423030760146
1340423124436044
1340423214131193
1340423306637652
1340423394763776
1340423483274745
1340423576529292
1340423671669569
1340423767991548
1340423863021014
1340423949867230
1340424042742076
1340424129810069
1340424217803353
1340424308625552
1340424401842643
1340424490563328
1340424577907038
1340424668016112
1340424766323206
1340424861891021
1340424957417072
1340425049863504
1340425137838748
1340425225809759
1340425314895583
1340425406055452
1340425494059941
1340425586944087
1340425673871653
1340425762976907
1340425849846025
1340425938852706
1340426034033512
1340426125856255
1340426213864919
1340426302016188
1340426390304455
1340426477857485
1340426573415065
1340426662884446
1340426757841916
1340426847284254
1340426933789868
1340427023022379
1340427117399991
1340427205867535
1340427300059481
1340427393883508
1340427482781011
1340427573842138
1340427661928565
1340427751975889
1340427847058282
1340427937283213
1340428029856408
1340428118621692
1340428205964228
1340428299394002
1340428390544050
1340428479282737
1340428574597171
1340428666672156
1340428758152867
1340428848054779
1340428937829078
1340429030840143
