1340429074733652
1340429165800447
1340429254001680
1340429342314521
1340429430856587
1340429519272790
1340429614856938
1340429709258841
1340429804781399
1340429894896703
1340429981914360
1340430070904207
1340430157801583
1340430245898647
1340430336026010
1340430427066457
1340430515331651
1340430601925958
1340430696900359
1340430790556886
1340430884972974
1340430981519927
1340431074986973
1340431161852703
1340431250868214
1340431338678274
1340431426101582
1340431515272697
1340431606868269
1340431694888353
1340431782758485
1340431876817313
1340431974105471
1340432067978169
1340432161857316
1340432249792438
1340432338904394
1340432425761685
1340432516529191
1340432610036023
1340432698972022
1340432789886650
1340432877907484
1340432967342333
1340433053982660
1340433141888098
1340433229866514
1340433320618710
1340433409834269
1340433499023464
1340433586853395
1340433675494393
1340433768498605
1340433858087722
1340433954143333
1340434042346902
1340434129943781
1340434217848774
1340434312099670
1340434401821543
1340434497219708
1340434595715014
1340434686036606
1340434774855038
1340434863196152
1340434953803713
1340435042770408
1340435133890879
1340435221860852
1340435311021478
1340435398030438
1340435491007026
1340435586878157
1340435682827387
1340435778170350
1340435870457052
1340435959333682
1340436046870756
1340436133833907
1340436221899878
1340436309981659
1340436405822898
1340436495486758
1340436584185496
1340436675918224
1340436772959095
1340436867598651
1340436965721398
1340437058485926
1340437145902377
1340437233997837
1340437326339126
1340437418444299
1340437506900909
1340437594567326
1340437684178975
1340437773928391
1340437862276554
1340437953047306
1340438048459837
