1340565697561772
1340565786519555
1340565873138858
1340565961258186
1340566049296402
1340566137237731
1340566225195501
1340566313226471
1340566401255888
1340566489359021
1340566577104550
1340566665215570
1340566753128827
1340566841722616
1340566929168596
1340567024904385
1340567113246444
1340567201228429
1340567289155364
1340567377053661
1340567465123440
1340567553210432
1340567641242323
1340567729311315
1340567817264660
1340567905033355
1340567993199444
1340568081315620
1340568169067271
1340568257006190
1340568345120776
1340568433252546
1340568521276725
1340568608947520
1340568697183407
1340568785073153
1340568873228752
1340568961266825
1340569049177248
1340569137165709
1340569225138286
1340569313103432
1340569401246774
1340569489119003
1340569577205958
1340569665243742
1340569753106307
1340569841137978
1340569929311028
1340570017149322
1340570105254411
1340570193165680
1340570281150989
1340570369221496
1340570457171636
1340570545110967
1340570633132832
1340570721043204
1340570809139993
1340570897123114
1340570985049283
1340571073144907
1340571161153249
1340571249242720
1340571337118314
1340571425134520
1340571513075997
1340571601192649
1340571689214432
1340571777087645
1340571865099294
1340571953082720
1340572041237238
1340572129144429
1340572217138884
1340572304946050
1340572393241923
1340572481146899
1340572569125585
1340572657134742
1340572745147985
1340572833155571
1340572921103789
1340573009173035
1340573097171606
1340573185157648
1340573273128418
1340573361151464
1340573449128262
1340573537063046
1340573625226031
1340573713272971
1340573801104532
1340573889143298
1340573977126492
1340574065197366
1340574153102790
1340574241162000
1340574329096160
1340574417249162
