1340259214748355
1340259301148699
1340259388993833
1340259477135055
1340259565278389
1340259654837396
1340259742843189
1340259831162624
1340259917270297
1340260005987829
1340260094864121
1340260180850515
1340260268807227
1340260356754109
1340260449041962
1340260537210946
1340260626359826
1340260715155785
1340260802856658
1340260889800335
1340260977579713
1340261065320848
1340261152789461
1340261240971479
1340261329316516
1340261417187590
1340261505590124
1340261593769845
1340261681918938
1340261769104275
1340261857439056
1340261946848077
1340262034256933
1340262125618922
1340262212957915
1340262305310335
1340262393201931
1340262481383919
1340262569438780
1340262657301374
1340262745348290
1340262833231963
1340262921291720
1340263009311079
1340263098593570
1340263184920182
1340263273220378
1340263361791330
1340263448940440
1340263537176812
1340263625000157
1340263713435259
1340263801025255
1340263892847816
1340263981218423
1340264069275838
1340264160855765
1340264248923686
1340264338168895
1340264425687944
1340264513545553
1340264602126811
1340264688941468
1340264781459292
1340264869817524
1340264957331334
1340265045150969
1340265133004912
1340265220954888
1340265309496841
1340265397193970
1340265485405646
1340265574383574
1340265663185356
1340265751183902
1340265837295842
1340265925412681
1340266013349490
1340266101343956
1340266188911064
1340266276894090
1340266365482307
1340266453210048
1340266541520574
1340266630765844
1340266719177876
1340266807204194
1340266895166101
1340266982562646
1340267069360459
1340267157016922
1340267244952471
1340267333594544
1340267421187395
1340267509084745
1340267597690280
1340267685337005
1340267773779623
1340267862517646
1340267951185088
