1340763931535419
1340764023170506
1340764120569862
1340764211358162
1340764308204534
1340764404922301
1340764502011248
1340764594000894
1340764689504636
1340764781450489
1340764881690488
1340764973806714
1340765067497621
1340765159338661
1340765247548499
1340765335266638
1340765425305743
1340765519645813
1340765616835827
1340765714630856
1340765805741674
1340765898661378
1340765991583298
1340766080270036
1340766171199924
1340766259477722
1340766347467156
1340766435379114
1340766527398740
1340766620191101
1340766715537568
1340766806120973
1340766899260995
1340766994493613
1340767091186053
1340767179501620
1340767267708412
1340767361007129
1340767452444613
1340767554552694
1340767649933199
1340767751738326
1340767845765774
1340767947562544
1340768043588190
1340768139450543
1340768229621142
1340768329103163
1340768421345068
1340768515448770
1340768609855723
1340768700055049
1340768795305147
1340768888332288
1340768988754864
1340769085728459
1340769175367538
1340769271849981
1340769370015479
1340769462331699
1340769563775532
1340769658245142
1340769758622283
1340769849646987
1340769948814819
1340770042559233
1340770135296529
1340770223328237
1340770311628485
1340770399713498
1340770494425874
1340770590241350
1340770683433331
1340770776447653
1340770867621844
1340770959853934
1340771055920525
1340771151543749
1340771239355348
1340771333489839
1340771424717091
1340771525136144
1340771621501913
1340771723586109
1340771819555458
1340771918715416
1340772010089483
1340772111773493
1340772203324837
1340772296632518
1340772387682594
1340772481404308
1340772571744201
1340772667247381
1340772760358725
1340772855657656
1340772948777090
1340773043802349
1340773139420829
1340773227357819
