1340374822380276
1340374910333896
1340374997890892
1340375089600975
1340375177620317
1340375265698042
1340375361536925
1340375449514399
1340375539036950
1340375625620188
1340375717512326
1340375807711466
1340375898949311
1340375986500308
1340376074236181
1340376161589259
1340376250153524
1340376341561132
1340376429559707
1340376518854031
1340376606249516
1340376694822335
1340376788210311
1340376885245148
1340376981082472
1340377072575452
1340377165589130
1340377254159860
1340377341366496
1340377430915515
1340377519449488
1340377608201631
1340377699921931
1340377790541247
1340377877570259
1340377967380608
1340378055963617
1340378149580923
1340378237573135
1340378331192143
1340378417894851
1340378505712042
1340378594553161
1340378685633198
1340378773648784
1340378862429809
1340378949837321
1340379037713305
1340379126245056
1340379213502293
1340379303439332
1340379389675847
1340379479043294
1340379569612256
1340379658289624
1340379747620796
1340379839942373
1340379929887970
1340380019315158
1340380106126649
1340380193586550
1340380281607340
1340380369921454
1340380458437582
1340380552069307
1340380647443798
1340380737673375
1340380826345060
1340380913724167
1340381002766132
1340381090259691
1340381177578088
1340381265600764
1340381354206541
1340381442682911
1340381530457254
1340381624938266
1340381716373995
1340381813571584
1340381909584382
1340381997638190
1340382090365378
1340382181631643
1340382276474518
1340382365668179
1340382453759400
1340382542456271
1340382630587773
1340382717552786
1340382807673229
1340382903969712
1340382999909400
1340383089672899
1340383177588917
1340383265662946
1340383353887701
1340383441678616
1340383530869201
1340383618810814
1340383710329422
