1340529891317907
1340529891778232
1340529892235495
1340529892672544
1340529893094540
1340529893587735
1340529894042098
1340529894500888
1340529894961327
1340529895462674
1340529895916924
1340529896406348
1340529896885750
1340529897307815
1340529897836454
1340529898324632
1340529898749346
1340529899205386
1340529899748074
1340529900295379
1340529900783045
1340529901237906
1340529901681381
1340529902227910
1340529902752488
1340529903359771
1340529903912211
1340529904463759
1340529908617999
1340529909181490
1340529909701754
1340529910172007
1340529910686579
1340529911166443
1340529911680558
1340529912163982
1340529912720678
1340529913319360
1340529913927552
1340529914515402
1340529915023422
1340529915545344
1340529916024291
1340529916501764
1340529917014828
1340529919213670
1340529919784054
1340529920328018
1340529920842005
1340529921336235
1340529921904235
1340529922514330
1340529923039485
1340529923564670
1340529924075934
1340529924647378
1340529925151453
1340529925737322
1340529926245065
1340529926841033
1340529927360665
1340529927859769
1340529928434462
1340529928979210
1340529929507336
1340529930019411
1340529930543648
1340529930986969
1340529931443293
1340529931941398
1340529932487740
1340529933029883
1340529933554830
1340529934070914
1340529934541356
1340529935115851
1340529936577720
1340529937034587
1340529937593554
1340529938084047
1340529938574928
1340529939019708
1340529939545802
1340529940202924
1340529940752580
1340529941222542
1340529941732416
1340529942210405
1340529942675280
1340529943142047
1340529943613630
1340529944113283
1340529945743502
1340529946532485
1340529947018830
1340529947531096
1340529947998152
1340529948540539
1340529949014943
1340529949554457
