1340492207181230
1340492294485077
1340492387000281
1340492481352887
1340492579997694
1340492671425073
1340492763074727
1340492850928053
1340492939344172
1340493034022519
1340493130413773
1340493218364249
1340493306637148
1340493394313155
1340493485035326
1340493577210854
1340493674059912
1340493772306007
1340493870973169
1340493969432287
1340494065138435
1340494162393301
1340494250467715
1340494342555741
1340494432168360
1340494530164258
1340494627794538
1340494714492378
1340494802327214
1340494898183823
1340494996586540
1340495098093153
1340495186386504
1340495274408590
1340495366432998
1340495455561000
1340495543217622
1340495639265716
1340495739960004
1340495838267821
1340495936840621
1340496034214551
1340496129336522
1340496218376019
1340496306301221
1340496394379352
1340496482380626
1340496579738373
1340496679262009
1340496775218831
1340496871002729
1340496972853627
1340497071243303
1340497166344397
1340497254402245
1340497342360208
1340497433395222
1340497526937165
1340497624031822
1340497718354304
1340497810235024
1340497902313040
1340497999296713
1340498093892491
1340498182419989
1340498270304657
1340498361606729
1340498456875371
1340498556301484
1340498655677371
1340498757072998
1340498854685615
1340498951338695
1340499046251459
1340499142406488
1340499230404536
1340499327222101
1340499418398649
1340499509764699
1340499605754508
1340499701122439
1340499798193436
1340499894643909
1340499991285667
1340500085744343
1340500174429823
1340500262988212
1340500359834536
1340500447088811
1340500543297655
1340500638181038
1340500732404021
1340500828366411
1340500925463353
1340501021007203
1340501123501552
1340501210438631
1340501298609916
1340501390333320
1340501480094430
