1340529859796251
1340529860139006
1340529860522311
1340529860860507
1340529861180517
1340529861483133
1340529861823225
1340529862129112
1340529862436162
1340529862739937
1340529863078666
1340529863509971
1340529863868046
1340529864163336
1340529864437522
1340529864698845
1340529864952828
1340529865244632
1340529865516224
1340529865794325
1340529866064704
1340529866334944
1340529866625883
1340529866930967
1340529867208059
1340529867490655
1340529867766156
1340529868049303
1340529868322829
1340529868594960
1340529868895514
1340529870792402
1340529871179073
1340529871547187
1340529871869017
1340529872133736
1340529872387344
1340529872636084
1340529872917795
1340529873165724
1340529873414535
1340529873662412
1340529873917702
1340529874168843
1340529874416608
1340529874663965
1340529874951002
1340529875350016
1340529875700414
1340529875966750
1340529876257046
1340529876518575
1340529876808701
1340529877091686
1340529877334387
1340529877576625
1340529877852325
1340529878094595
1340529878337156
1340529878585083
1340529878843900
1340529879159946
1340529879420096
1340529879709236
1340529879991617
1340529880254881
1340529880514516
1340529880801452
1340529881043238
1340529881360731
1340529881672310
1340529881953856
1340529882231150
1340529882542688
1340529882820815
1340529883101640
1340529883382831
1340529883656596
1340529883932056
1340529884281587
1340529884547929
1340529884860640
1340529885134949
1340529885496713
1340529885818822
1340529886130688
1340529886414678
1340529886692529
1340529886944637
1340529887219653
1340529887612603
1340529887897152
1340529888217720
1340529888573290
1340529888914565
1340529889228883
1340529889515466
1340529889806465
1340529890084958
1340529890373422
