1340829159890155
1340829252087261
1340829343940109
1340829436067666
1340829527802460
1340829620085282
1340829711895838
1340829803994338
1340829896084483
1340829987960020
1340830079953661
1340830172154251
1340830263991185
1340830355960719
1340830447928468
1340830539943425
1340830631881977
1340830723829968
1340830815927833
1340830907889884
1340830999934970
1340831091895488
1340831184199283
1340831275992074
1340831368091032
1340831459966056
1340831552090287
1340831643911032
1340831735799355
1340831827905116
1340831920005832
1340832011868544
1340832104218718
1340832196118825
1340832288176404
1340832380011213
1340832472103697
1340832564024084
1340832656019507
1340832747740974
1340832840215822
1340832931969449
1340833023924557
1340833115979588
1340833207791690
1340833299938743
1340833391988257
1340833483859200
1340833576069303
1340833668006708
1340833760032826
1340833851959330
1340833943869233
1340834036107819
1340834132307281
1340834223846635
1340834315926185
1340834414425945
1340834504878364
1340834610891292
1340834704260791
1340834806367710
1340834899674569
1340834997358632
1340835100279511
1340835192205544
1340835292243997
1340835388977119
1340835495971134
1340835591102328
1340835690527584
1340835781131919
1340835881859066
1340835976334796
1340836076831203
1340836168121094
1340836260834209
1340836357570501
1340836452141569
1340836554182335
1340836648050994
1340836745777947
1340836842110693
1340836941788285
1340837040289518
1340837136062307
1340837228842219
1340837322599693
1340837414280506
1340837516092743
1340837611373032
1340837704071273
1340837798585969
1340837896129780
1340837993561107
1340838088537469
1340838179953777
1340838272967480
1340838372334379
1340838469648411
