1340321505858132
1340321595469733
1340321691867018
1340321786820310
1340321877188269
1340321965295385
1340322053638384
1340322141338869
1340322229385373
1340322317225494
1340322405789215
1340322493940868
1340322581307805
1340322669168937
1340322761868669
1340322856237780
1340322950666054
1340323042703622
1340323133004052
1340323221272330
1340323309249366
1340323397297274
1340323485384300
1340323573203136
1340323665940524
1340323754241426
1340323842255575
1340323930566062
1340324018247883
1340324111454113
1340324197243575
1340324285303786
1340324373279196
1340324461416160
1340324553768525
1340324642820633
1340324734672950
1340324821291277
1340324909632432
1340324998142376
1340325085936511
1340325173207402
1340325261285963
1340325349298148
1340325438061157
1340325525290600
1340325613234005
1340325701250372
1340325789218700
1340325877336683
1340325965465143
1340326053250621
1340326141132219
1340326229301957
1340326317526845
1340326405673218
1340326493180699
1340326581179526
1340326669135206
1340326757267817
1340326845318444
1340326933158867
1340327021252640
1340327109174767
1340327197170420
1340327285270083
1340327373275810
1340327461244763
1340327549252607
1340327637152129
1340327725127279
1340327813176596
1340327901223679
1340327989289065
1340328077105932
1340328169205241
1340328257198896
1340328345192359
1340328433184065
1340328521302968
1340328609305399
1340328697273340
1340328785197420
1340328873203825
1340328961164891
1340329049218611
1340329137152269
1340329225229246
1340329313067172
1340329401540493
1340329489251461
1340329577259763
1340329665294681
1340329753228894
1340329841300853
1340329929164843
1340330017243136
1340330105240215
1340330193651862
1340330281169474
