1340709174229409
1340709261652425
1340709349605766
1340709437626452
1340709525580606
1340709613457887
1340709701585445
1340709789609362
1340709877615857
1340709965607689
1340710053645051
1340710141566413
1340710229737665
1340710317682443
1340710405636675
1340710493570891
1340710581604878
1340710669571210
1340710757684586
1340710845700178
1340710933663269
1340711021655334
1340711109517728
1340711197508985
1340711285727834
1340711373714839
1340711461556479
1340711549649376
1340711637729292
1340711725601535
1340711813697573
1340711901505593
1340711989529983
1340712077577417
1340712165552001
1340712253610714
1340712341515274
1340712429553916
1340712517618159
1340712605664938
1340712693506223
1340712781478594
1340712869583154
1340712957580412
1340713045629384
1340713138299424
1340713225561092
1340713313528883
1340713401674793
1340713489554430
1340713577600904
1340713665681325
1340713753699494
1340713841656387
1340713929629090
1340714017701160
1340714112277241
1340714201632869
1340714289670033
1340714377858484
1340714466600968
1340714558033217
1340714650195371
1340714750622081
1340714841616418
1340714929679395
1340715024059823
1340715126271137
1340715213711138
1340715303288179
1340715398294927
1340715494643501
1340715582263633
1340715670688574
1340715764908838
1340715857722913
1340715952156324
1340716043043545
1340716133677882
1340716225663428
1340716314627858
1340716402050171
1340716501613478
1340716591883752
1340716682162275
1340716776085858
1340716875530079
1340716968363275
1340717060323892
1340717149791188
1340717237740468
1340717326396544
1340717418585467
1340717512101244
1340717615535854
1340717702044896
1340717793930724
1340717882492308
1340717977653574
1340718066848138
