1340810918200492
1340811010195667
1340811098339197
1340811194206130
1340811286037815
1340811378262600
1340811470361504
1340811562117885
1340811654309645
1340811742068033
1340811834193198
1340811926107302
1340812018038888
1340812110121920
1340812202007889
1340812294097358
1340812386196666
1340812478185899
1340812570182763
1340812658121143
1340812746102987
1340812838299162
1340812934025464
1340813026285643
1340813114114817
1340813210077213
1340813302151051
1340813394825397
1340813482110595
1340813574044253
1340813666055843
1340813758097418
1340813846074778
1340813938173037
1340814026157370
1340814118114449
1340814206111158
1340814294067456
1340814386227006
1340814478047315
1340814570066122
1340814662106676
1340814750079526
1340814842194939
1340814934181877
1340815026260677
1340815118037997
1340815206011610
1340815298302958
1340815390190621
1340815482204992
1340815575136879
1340815662145915
1340815754162538
1340815842235982
1340815934087553
1340816022257362
1340816114125855
1340816214236096
1340816306166256
1340816398207890
1340816490075938
1340816578048853
1340816670017464
1340816758058692
1340816846092304
1340816937901330
1340817030281436
1340817118131447
1340817210168558
1340817302125036
1340817394180522
1340817486017962
1340817578062446
1340817669979722
1340817762007730
1340817854315743
1340817946057041
1340818038278035
1340818126142896
1340818217429937
1340818310109831
1340818398281174
1340818490045528
1340818578234898
1340818670031866
1340818762303917
1340818850077963
1340818943310622
1340819030222188
1340819121965299
1340819210187874
1340819298309666
1340819390181537
1340819482077265
1340819569996748
1340819658274643
1340819746103151
1340819834146079
1340819926047652
