1340556769177337
1340556858666883
1340556948073110
1340557038999367
1340557129170786
1340557217147319
1340557306161569
1340557393229830
1340557481743721
1340557571098081
1340557657776843
1340557747073001
1340557837204865
1340557925132483
1340558014134249
1340558103272009
1340558193123337
1340558281699670
1340558369656835
1340558457392148
1340558546378578
1340558635015725
1340558724103028
1340558820662796
1340558910781781
1340559000092372
1340559091059586
1340559177161649
1340559265970661
1340559355637819
1340559445346690
1340559534723735
1340559621306195
1340559710998689
1340559799637542
1340559890770546
1340559979645207
1340560071467725
1340560161134853
1340560249244518
1340560339541166
1340560429954762
1340560518028215
1340560606660936
1340560695600844
1340560788114947
1340560878620375
1340560967328559
1340561059309879
1340561149092749
1340561241202666
1340561330384724
1340561417664414
1340561505096777
1340561594782043
1340561681116813
1340561770979113
1340561859311486
1340561952099430
1340562042988570
1340562129098841
1340562217118918
1340562307141750
1340562393195274
1340562482351483
1340562569106796
1340562659707736
1340562752121505
1340562843643748
1340562933066699
1340563022242359
1340563111727947
1340563201670465
1340563289314291
1340563377076022
1340563470272428
1340563558292118
1340563645950446
1340563733013458
1340563821467807
1340563910294080
1340563999662723
1340564089181703
1340564176952013
1340564265741187
1340564355253325
1340564449063009
1340564541089000
1340564629625168
1340564718567025
1340564806994654
1340564895659047
1340564985055035
1340565073887496
1340565165103195
1340565253114062
1340565346082204
1340565433229430
1340565521689934
1340565609411461
