1340241543563806
1340241634532109
1340241722042149
1340241810234905
1340241896793887
1340241984812534
1340242072861148
1340242160798853
1340242249307501
1340242336813807
1340242425277985
1340242512846959
1340242600894532
1340242689101314
1340242785157751
1340242878081578
1340242966395389
1340243053720382
1340243140709707
1340243228840230
1340243317068477
1340243405860261
1340243493064640
1340243582028722
1340243668899936
1340243757192359
1340243845080709
1340243933032471
1340244022130250
1340244108677319
1340244196718539
1340244285348585
1340244373106301
1340244461095053
1340244552975552
1340244642273335
1340244733216411
1340244821618017
1340244908874103
1340244996844843
1340245085111860
1340245172723759
1340245260627847
1340245349785299
1340245437108326
1340245524943837
1340245613183501
1340245700831676
1340245789107593
1340245877881503
1340245965471735
1340246053188236
1340246140751904
1340246228785944
1340246317307205
1340246405040514
1340246493949112
1340246582538967
1340246670498075
1340246756849135
1340246844968639
1340246933134098
1340247021644812
1340247109007882
1340247196746669
1340247284929551
1340247372885984
1340247460964088
1340247549472631
1340247638262857
1340247726448650
1340247814236793
1340247902527685
1340247988844203
1340248077427489
1340248164590904
1340248252666886
1340248340874718
1340248429101116
1340248517086996
1340248605258203
1340248692853256
1340248781850107
1340248870261904
1340248958527605
1340249045817203
1340249132716354
1340249221007355
1340249308617768
1340249400859225
1340249489045166
1340249577423348
1340249665057049
1340249753197706
1340249841526433
1340249928751954
1340250017925699
1340250106086349
1340250192722496
1340250285064404
