1340492207030166
1340492294352119
1340492386845056
1340492481064913
1340492579570854
1340492671250293
1340492762913530
1340492850763006
1340492939083069
1340493033781484
1340493130267060
1340493218217457
1340493306503009
1340493394148921
1340493484753059
1340493576832549
1340493673703726
1340493772075713
1340493870580354
1340493969144194
1340494064868801
1340494162246046
1340494250312025
1340494342402167
1340494431930618
1340494529833001
1340494627345511
1340494714355267
1340494802158384
1340494897852705
1340494996358849
1340495097889185
1340495186239791
1340495274273747
1340495366300075
1340495455374261
1340495543056516
1340495638876739
1340495739530242
1340495837919489
1340495936349827
1340496033967969
1340496129172826
1340496218228780
1340496306155167
1340496394231833
1340496482233164
1340496579306866
1340496678871880
1340496774826818
1340496870760074
1340496972375854
1340497070851123
1340497166197543
1340497254253985
1340497342213204
1340497433106537
1340497526796345
1340497623572390
1340497718229460
1340497809888265
1340497902178579
1340497998906941
1340498093559853
1340498182273573
1340498270159133
1340498361294585
1340498456606754
1340498556144732
1340498655317602
1340498756534040
1340498854325598
1340498950867497
1340499045920511
1340499142260493
1340499230248273
1340499326829472
1340499418263019
1340499509457099
1340499605446838
1340499700853096
1340499797862061
1340499894268456
1340499990896216
1340500085436009
1340500174282187
1340500262826864
1340500359251314
1340500446921785
1340500542906926
1340500637850923
1340500732176349
1340500828138596
1340500925176235
1340501020739445
1340501123068393
1340501210291210
1340501298471212
1340501390186517
1340501479846959
