1340773365282860
1340773457978422
1340773557858566
1340773653061541
1340773746659735
1340773838036880
1340773931667778
1340774029806354
1340774117928709
1340774209735569
1340774298042720
1340774390035064
1340774486053491
1340774583581515
1340774679084071
1340774778023114
1340774875239026
1340774970032753
1340775063031918
1340775157888499
1340775245981084
1340775340639298
1340775430098383
1340775528235075
1340775624256763
1340775724818835
1340775820857181
1340775915872716
1340776012558506
1340776114311398
1340776201869257
1340776290280275
1340776381989171
1340776478287146
1340776572928260
1340776674199051
1340776771320265
1340776863328430
1340776959719321
1340777050287806
1340777145949182
1340777234833587
1340777329294819
1340777419392053
1340777516982348
1340777612421276
1340777708836337
1340777803919686
1340777898481178
1340777988399987
1340778086153648
1340778173935786
1340778262435978
1340778356087118
1340778445994690
1340778536041278
1340778634105394
1340778731779905
1340778830314763
1340778924936377
1340779021927924
1340779115780891
1340779210052647
1340779301953264
1340779394247766
1340779488999347
1340779579080440
1340779675416530
1340779763438253
1340779858974287
1340779946140486
1340780039717411
1340780137987552
1340780227058623
1340780317896434
1340780414161287
1340780506236265
1340780603831044
1340780699561470
1340780798051199
1340780892695183
1340780990486249
1340781087304351
1340781177946507
1340781271537019
1340781362687218
1340781456224614
1340781554582083
1340781651833349
1340781746222747
1340781837979683
1340781931529633
1340782027981851
1340782123559582
1340782209945626
1340782297969525
1340782385986373
1340782474028477
1340782568433123
1340782663876780
