1340530085253398
1340530128940436
1340530173224206
1340530217387202
1340530265220927
1340530313162352
1340530357183971
1340530401102365
1340530445819052
1340530489325452
1340530533273022
1340530576949318
1340530621258445
1340530665172960
1340530709592092
1340530754308421
1340530799851870
1340530846888011
1340530891967770
1340530939479895
1340530984871678
1340531028972227
1340531073344671
1340531117007701
1340531161181852
1340531205334862
1340531249074967
1340531293337651
1340531337637115
1340531381202472
1340531425211142
1340531473061768
1340531517411803
1340531562007186
1340531605785258
1340531649212534
1340531693170872
1340531741229464
1340531785172097
1340531829298114
1340531873302252
1340531917157074
1340531961362195
1340532005523064
1340532053656084
1340532098745357
1340532141308284
1340532185193205
1340532229190419
1340532273185312
1340532317230106
1340532361981409
1340532405185826
1340532449119604
1340532493009375
1340532537367069
1340532582174516
1340532626845427
1340532671265538
1340532715542519
1340532764049533
1340532809256409
1340532853699516
1340532897220050
1340532941670549
1340532986333889
1340533029099336
1340533073914374
1340533120559708
1340533165198501
1340533209208960
1340533253233505
1340533297255120
1340533341292091
1340533385197886
1340533429242352
1340533474512295
1340533517384101
1340533561207232
1340533605048425
1340533649418146
1340533697247805
1340533741281671
1340533785017153
1340533829243655
1340533873135896
1340533917288433
1340533961196202
1340534005231007
1340534048806717
1340534093270261
1340534137192577
1340534181184823
1340534225247732
1340534269325580
1340534313391280
1340534357422167
1340534401161591
1340534445281008
1340534490217659
