1340511049264191
1340511142307113
1340511230347257
1340511327929687
1340511419524886
1340511509389418
1340511602262018
1340511692613936
1340511793105619
1340511892172026
1340511991243408
1340512090548624
1340512178301234
1340512271657057
1340512368446046
1340512460685488
1340512560253109
1340512656271266
1340512753299750
1340512845843417
1340512946346781
1340513044026536
1340513142366087
1340513230353001
1340513326288449
1340513415795874
1340513506942926
1340513599713671
1340513694323021
1340513789241844
1340513890370126
1340513987125960
1340514080913393
1340514174309281
1340514262287073
1340514355671092
1340514449028251
1340514546809393
1340514637228536
1340514730419556
1340514827085337
1340514918613248
1340515012395629
1340515110363589
1340515198299963
1340515286439079
1340515374505743
1340515464711802
1340515566429928
1340515654702875
1340515748968708
1340515846236696
1340515941755930
1340516033024139
1340516130485793
1340516218448788
1340516306745019
1340516398689172
1340516494004467
1340516591841314
1340516692247340
1340516785120712
1340516882066216
1340516984017542
1340517088065068
1340517178302438
1340517266423446
1340517359696960
1340517452458629
1340517547730346
1340517638882742
1340517740161191
1340517838403779
1340517935357707
1340518030065835
1340518126881053
1340518214353490
1340518302461369
1340518394977308
1340518485655573
1340518585396560
1340518682249438
1340518770191619
1340518861665454
1340518956671118
1340519056268155
1340519146545589
1340519234515379
1340519322393576
1340519414348832
1340519503522754
1340519599365649
1340519686359346
1340519776688113
1340519869720785
1340519967113413
1340520056657223
1340520146321675
1340520236097611
1340520338474790
