1340736265828914
1340736353849528
1340736441859583
1340736529797892
1340736617735362
1340736705777879
1340736793797357
1340736887063445
1340736973773179
1340737061778133
1340737157624670
1340737249775150
1340737337793334
1340737425768652
1340737513774172
1340737601757532
1340737689769507
1340737777890555
1340737865858344
1340737953740160
1340738041742155
1340738129784470
1340738217571734
1340738305882637
1340738393796691
1340738481769278
1340738569734944
1340738657758591
1340738745819360
1340738833733332
1340738921712762
1340739009808750
1340739097852580
1340739185800841
1340739273941581
1340739361641928
1340739449828157
1340739545219216
1340739637692648
1340739725676088
1340739813730038
1340739901808389
1340739989813982
1340740077796963
1340740165834650
1340740253725721
1340740341854522
1340740435803537
1340740532367521
1340740629516167
1340740723167660
1340740817928629
1340740906773100
1340740997958862
1340741097083843
1340741185830736
1340741273754796
1340741370546082
1340741458804192
1340741546567286
1340741637679886
1340741730428997
1340741827660484
1340741922772692
1340742017613404
1340742109614835
1340742197845575
1340742287055034
1340742381868429
1340742474688021
1340742567673631
1340742658409989
1340742752564348
1340742842924134
1340742930995809
1340743022818206
1340743120299763
1340743209835979
1340743302435269
1340743389817227
1340743481872830
1340743571717124
1340743669778366
1340743763223198
1340743851143227
1340743943747746
1340744038630054
1340744129736775
1340744221856322
1340744311932123
1340744409992890
1340744504132162
1340744593906839
1340744685584800
1340744777941080
1340744872408885
1340744970786768
1340745067808631
1340745161942378
1340745249774742
