1340610113624221
1340610205675084
1340610293929207
1340610381794343
1340610469882301
1340610557993273
1340610646126236
1340610737445969
1340610825537748
1340610913913662
1340611005691919
1340611096030486
1340611185559909
1340611273629276
1340611361555978
1340611450103554
1340611538611817
1340611631453517
1340611717923647
1340611809979958
1340611897912153
1340611989732189
1340612077671575
1340612165652398
1340612253549471
1340612341723961
1340612437796540
1340612533672495
1340612621842855
1340612709661679
1340612797975441
1340612886041965
1340612973803225
1340613062522356
1340613149737361
1340613238663778
1340613329092894
1340613417688733
1340613510195091
1340613598720308
1340613697766719
1340613785794285
1340613874197504
1340613961772122
1340614052114585
1340614141776088
1340614229817170
1340614317714156
1340614405615095
1340614493929964
1340614581520186
1340614670042290
1340614757856742
1340614845943501
1340614937007476
1340615025871862
1340615114669676
1340615201554829
1340615295489031
1340615381920283
1340615470292112
1340615557717187
1340615645764808
1340615733755268
1340615822038036
1340615913901661
1340616002248525
1340616094062633
1340616181705549
1340616277860836
1340616366334191
1340616454765991
1340616542043280
1340616629701333
1340616720379191
1340616812713666
1340616910938785
1340616998567082
1340617088813791
1340617177758420
1340617265711977
1340617354701306
1340617443809407
1340617535910110
1340617629577645
1340617724431312
1340617818901319
1340617914196326
1340618007438136
1340618096036984
1340618185970356
1340618274983396
1340618365758361
1340618454898479
1340618541668948
1340618631703430
1340618726322293
1340618821269113
1340618918150962
1340619012308049
