1340438185909474
1340438274099511
1340438366865112
1340438454309284
1340438542047413
1340438629946878
1340438718304795
1340438805922140
1340438898010358
1340438988260594
1340439080307151
1340439174005512
1340439261931676
1340439354341971
1340439441974505
1340439530765308
1340439619092545
1340439706184818
1340439794176076
1340439887445667
1340439978170958
1340440066993413
1340440154024438
1340440246082010
1340440340548252
1340440429983225
1340440524925572
1340440621340814
1340440711559440
1340440802998497
1340440889998622
1340440984608683
1340441073821696
1340441161845977
1340441251003736
1340441339792714
1340441430958531
1340441518974785
1340441606233338
1340441700616143
1340441798241383
1340441887424523
1340441973945157
1340442063553320
1340442157921301
1340442245952651
1340442333963070
1340442421842753
1340442510048823
1340442599856079
1340442692848688
1340442785827048
1340442875209707
1340442974295288
1340443061962352
1340443149920707
1340443237973591
1340443326010927
1340443413780552
1340443509992152
1340443607705363
1340443699339291
1340443786007871
1340443875319440
1340443974278877
1340444061820110
1340444149762647
1340444237930587
1340444326924183
1340444414375423
1340444501785169
1340444592925316
1340444684015930
1340444778678623
1340444869966497
1340444959094140
1340445047405035
1340445137914185
1340445225914794
1340445313788785
1340445401869504
1340445491155195
1340445579061574
1340445666873153
1340445753870071
1340445841940929
1340445931030968
1340446019127524
1340446106015852
1340446193947015
1340446281875686
1340446369713686
1340446461902275
1340446549769595
1340446637933350
1340446725827142
1340446814061374
1340446901914232
1340446997440532
1340447085865215
