1340401990210442
1340402086227534
1340402173754412
1340402269134802
1340402363352779
1340402452069777
1340402549699049
1340402646963325
1340402742223833
1340402834457645
1340402929592561
1340403021776512
1340403109714738
1340403197700855
1340403285761483
1340403373564869
1340403462676086
1340403556686510
1340403651296561
1340403741617655
1340403833708070
1340403923334361
1340404016353230
1340404113052089
1340404201651198
1340404289741773
1340404381590660
1340404469620853
1340404561032834
1340404649914504
1340404737895475
1340404825941485
1340404917994715
1340405010499681
1340405097586689
1340405185789539
1340405276028590
1340405369923873
1340405458351015
1340405546058286
1340405635346275
1340405728514246
1340405826201155
1340405914746704
1340406007883455
1340406098564455
1340406185799800
1340406273703514
1340406361529195
1340406449809210
1340406545181345
1340406639407341
1340406728099584
1340406817875912
1340406906312705
1340406993992915
1340407086840751
1340407173715446
1340407261753808
1340407349718984
1340407437881255
1340407526924383
1340407613744749
1340407705635852
1340407796326477
1340407889644285
1340407985805237
1340408074527360
1340408161788238
1340408249729092
1340408338509787
1340408425608929
1340408514853851
1340408609925999
1340408698623708
1340408786486594
1340408874364867
1340408963785645
1340409057110179
1340409149720770
1340409237642128
1340409329834239
1340409418720771
1340409507858817
1340409605143645
1340409702247707
1340409797651764
1340409885916735
1340409974664296
1340410062912762
1340410149727158
1340410237694423
1340410333110226
1340410425778661
1340410515984016
1340410605832780
1340410699206656
1340410787033290
1340410875207326
1340410966608614
