1340574548731658
1340574636760951
1340574724822488
1340574812728609
1340574900742856
1340574988726714
1340575076746305
1340575164759028
1340575252888837
1340575340752247
1340575428756989
1340575516661831
1340575604885343
1340575692859332
1340575780761470
1340575868763190
1340575956707038
1340576044851332
1340576132655405
1340576220749636
1340576308717005
1340576396871610
1340576484794342
1340576572726442
1340576660754387
1340576748855213
1340576836803624
1340576924815814
1340577012825087
1340577100693281
1340577188746631
1340577276741307
1340577364725778
1340577452758254
1340577540724628
1340577628871186
1340577716746657
1340577804756866
1340577892776218
1340577980757526
1340578068763658
1340578156668767
1340578244782497
1340578332767520
1340578420810194
1340578508773837
1340578596755990
1340578684843420
1340578772852820
1340578860756544
1340578948745595
1340579036859398
1340579124717695
1340579212829033
1340579300759405
1340579388826711
1340579476633933
1340579564744085
1340579652808200
1340579740719546
1340579828768806
1340579916745923
1340580004797386
1340580092700093
1340580180709861
1340580268703701
1340580356800376
1340580444865326
1340580532830868
1340580620845593
1340580708939238
1340580796917864
1340580884720765
1340580972754721
1340581060727492
1340581148778969
1340581236788972
1340581324687316
1340581412838593
1340581500725009
1340581588741977
1340581676754071
1340581764766803
1340581852857558
1340581940882775
1340582028877779
1340582116653423
1340582204780687
1340582292792528
1340582380797725
1340582468743038
1340582556759294
1340582644740355
1340582732719729
1340582820644235
1340582908629078
1340582996678864
1340583084748696
1340583172864765
1340583260868388
