1340303615624568
1340303711708903
1340303807678921
1340303903638250
1340303997271662
1340304085940632
1340304173176371
1340304261084089
1340304349574907
1340304437127204
1340304525265289
1340304613703707
1340304701802903
1340304789581851
1340304878784963
1340304967677335
1340305059020224
1340305145168567
1340305233062184
1340305321780989
1340305409542362
1340305497179807
1340305585976360
1340305673858710
1340305761337428
1340305849222703
1340305938400362
1340306031095010
1340306125396731
1340306213139545
1340306305726399
1340306393291252
1340306481192597
1340306569493952
1340306658484674
1340306745220045
1340306833612732
1340306921293255
1340307009538027
1340307098076288
1340307185043939
1340307278576907
1340307365691553
1340307453592267
1340307541144149
1340307629625004
1340307717480773
1340307805692872
1340307893726101
1340307981836632
1340308069597766
1340308157174622
1340308245763339
1340308333480717
1340308421534898
1340308511625304
1340308604050648
1340308698997612
1340308785983217
1340308873584394
1340308961756000
1340309050785105
1340309137136288
1340309225064753
1340309313295999
1340309401376290
1340309489305485
1340309579017938
1340309671924751
1340309767513855
1340309863713463
1340309957526430
1340310045156646
1340310137116785
1340310225821531
1340310313721397
1340310401741375
1340310489651249
1340310577632796
1340310665730721
1340310754089496
1340310848134538
1340310944038005
1340311035426549
1340311129072243
1340311217079731
1340311305229828
1340311393114271
1340311481086825
1340311569136039
1340311657489726
1340311745623394
1340311833422988
1340311921620616
1340312014299831
1340312103320857
1340312193038084
1340312281164109
1340312369424538
1340312457574817
