1340700421550014
1340700509513537
1340700601545625
1340700689595521
1340700777583160
1340700865473845
1340700953540483
1340701041569914
1340701133414687
1340701221485781
1340701309535020
1340701397568630
1340701485696620
1340701573496260
1340701661344091
1340701749573408
1340701841436205
1340701929660793
1340702017571206
1340702105597497
1340702193362276
1340702281590680
1340702369332901
1340702457727845
1340702549465593
1340702637410404
1340702725602464
1340702813640035
1340702901358371
1340702989570658
1340703077541141
1340703165431172
1340703253523464
1340703341451908
1340703429453022
1340703517430004
1340703605425690
1340703693414949
1340703781527008
1340703869457582
1340703957505556
1340704045449056
1340704137419795
1340704225380489
1340704313477457
1340704401566420
1340704489442530
1340704577571804
1340704665483995
1340704753437712
1340704841519673
1340704929626340
1340705017784818
1340705105460591
1340705197420532
1340705285592748
1340705373425364
1340705461479358
1340705549425040
1340705637595011
1340705725408587
1340705813570153
1340705901516002
1340705989391253
1340706077472974
1340706165369632
1340706253332123
1340706341502261
1340706429529924
1340706517631949
1340706605479429
1340706693497075
1340706781490677
1340706873473074
1340706961500585
1340707049723719
1340707137424900
1340707225544920
1340707313444156
1340707405382720
1340707493357094
1340707581454075
1340707669562317
1340707757443353
1340707845703793
1340707933607713
1340708021566581
1340708109470935
1340708197325643
1340708285629677
1340708373601392
1340708461514617
1340708553615188
1340708641640896
1340708729643914
1340708817456772
1340708905441006
1340708993415436
1340709085668262
1340709173458497
