1340583261606464
1340583348800261
1340583436866522
1340583524961049
1340583612972849
1340583700846273
1340583788814833
1340583876889201
1340583964943897
1340584052836939
1340584140789923
1340584228912495
1340584317000879
1340584404974937
1340584496949287
1340584584916060
1340584672910774
1340584760744677
1340584848728858
1340584936964647
1340585024811679
1340585112851692
1340585200844299
1340585288829376
1340585376948952
1340585464836714
1340585552852004
1340585640958085
1340585728726822
1340585816828400
1340585904908270
1340585992834606
1340586080774221
1340586168607221
1340586256777500
1340586344831067
1340586432840467
1340586520834958
1340586608854481
1340586696871799
1340586784815018
1340586873064823
1340586960818561
1340587048866172
1340587136783845
1340587224718209
1340587312835263
1340587400929032
1340587488824354
1340587576822360
1340587664913567
1340587752771348
1340587840854377
1340587928888457
1340588016934690
1340588104900294
1340588192787505
1340588280841552
1340588368926036
1340588456845837
1340588544791482
1340588632865629
1340588720829230
1340588808957048
1340588896858534
1340588984839151
1340589072823831
1340589160783333
1340589248851868
1340589336823671
1340589424830298
1340589512769883
1340589600848399
1340589688945153
1340589776839091
1340589864840600
1340589952915168
1340590040948128
1340590128762228
1340590216942279
1340590304837186
1340590392873622
1340590480857918
1340590568817632
1340590656837448
1340590744830468
1340590832835824
1340590920846096
1340591012888181
1340591100835042
1340591188901309
1340591276691573
1340591365028172
1340591452842207
1340591540766231
1340591628864781
1340591716843790
1340591804810126
1340591892810933
1340591980941622
