1340520476524241
1340520576114971
1340520680051360
1340520782116220
1340520878318681
1340520974238969
1340521069203181
1340521162394171
1340521253466183
1340521353241577
1340521442726653
1340521534888046
1340521624700048
1340521722799970
1340521810222096
1340521906241595
1340522004710459
1340522098953891
1340522186394205
1340522279962866
1340522375465012
1340522463220265
1340522558972999
1340522651336207
1340522746577772
1340522838494009
1340522934301987
1340523030070458
1340523122811664
1340523210416142
1340523302561305
1340523399480430
1340523494222299
1340523587873919
1340523687424199
1340523790011840
1340523882424772
1340523977870073
1340524074260786
1340524170371667
1340524258337474
1340524347989603
1340524439699495
1340524540227554
1340524639177715
1340524736055195
1340524837200002
1340524928694429
1340525027345143
1340525118376563
1340525206375709
1340525294388976
1340525382845337
1340525474091569
1340525566275857
1340525662764387
1340525760041651
1340525857356211
1340525949176498
1340526050305240
1340526146349972
1340526234336152
1340526322391815
1340526415899844
1340526512878626
1340526613214183
1340526713139981
1340526813216578
1340526906551258
1340526998289801
1340527096080014
1340527186371879
1340527282774108
1340527378404432
1340527468737872
1340527563717843
1340527661729245
1340527758729431
1340527855414946
1340527955952029
1340528053252347
1340528150315652
1340528238392559
1340528329869097
1340528420098134
1340528520295670
1340528621713450
1340528717936841
1340528820999129
1340528918779745
1340529010285599
1340529106369941
1340529194406490
1340529289499624
1340529386549625
1340529476371888
1340529570501941
1340529659932393
1340529763170917
1340529858700074
