1340782723660155
1340782816078515
1340782913581005
1340783009670262
1340783112074442
1340783203594001
1340783303275802
1340783391557342
1340783491285204
1340783582836747
1340783678957993
1340783772498922
1340783867612013
1340783964905422
1340784059623649
1340784147558737
1340784235636289
1340784323703147
1340784416492833
1340784514263499
1340784612450011
1340784712667168
1340784808027740
1340784907641400
1340785001159889
1340785102400475
1340785191556352
1340785289185815
1340785380470904
1340785475523399
1340785569853948
1340785665643491
1340785759606611
1340785855703421
1340785950284605
1340786044417852
1340786135501862
1340786223674193
1340786318423071
1340786411637212
1340786501549879
1340786591382261
1340786688745031
1340786784088694
1340786885718351
1340786980124036
1340787075652002
1340787167443116
1340787255410282
1340787343746487
1340787435768523
1340787529738057
1340787627371350
1340787715619128
1340787810677001
1340787902342556
1340788005962400
1340788099458007
1340788187699885
1340788280419172
1340788376388833
1340788469289984
1340788564354599
1340788661353270
1340788751736640
1340788851122241
1340788944900094
1340789047847443
1340789139541566
1340789227624891
1340789319441301
1340789407578837
1340789501357933
1340789596851419
1340789687955482
1340789794235967
1340789891087901
1340789982648288
1340790077318490
1340790171582782
1340790259604424
1340790347614915
1340790439025352
1340790531113480
1340790624898945
1340790724505007
1340790822415127
1340790911593703
1340791012165286
1340791103890628
1340791195468380
1340791284614357
1340791380320142
1340791472023379
1340791568328862
1340791664776461
1340791767079977
1340791855645244
1340791955317085
1340792049897125
