1340819975951516
1340820067910605
1340820159801571
1340820251720173
1340820339808110
1340820432055839
1340820523792570
1340820615830998
1340820712318118
1340820803859145
1340820895803727
1340820987814608
1340821079793930
1340821171959586
1340821263797592
1340821355812171
1340821447709471
1340821539804336
1340821631913475
1340821723805763
1340821815928655
1340821907918535
1340822000028188
1340822091772745
1340822187722121
1340822275829029
1340822368184943
1340822459814855
1340822551892855
1340822646360919
1340822735928917
1340822827867732
1340822919806911
1340823011974387
1340823103995658
1340823195850283
1340823288013995
1340823379968279
1340823471983957
1340823563807664
1340823655906458
1340823747675032
1340823836006349
1340823927662811
1340824015939370
1340824108252806
1340824200128308
1340824291833019
1340824383916013
1340824475801455
1340824567928174
1340824659841539
1340824751887001
1340824843864729
1340824935782893
1340825027886590
1340825119837695
1340825211807150
1340825303812188
1340825395963412
1340825487841730
1340825579743759
1340825667812597
1340825759718379
1340825851820087
1340825943794926
1340826035926326
1340826127995136
1340826220155504
1340826311786844
1340826403964045
1340826495834119
1340826587674837
1340826675751494
1340826767844869
1340826860075881
1340826951920464
1340827043919271
1340827136034200
1340827227972156
1340827319820986
1340827412031570
1340827503659395
1340827592133231
1340827684028093
1340827776033621
1340827867825932
1340827960047685
1340828051881192
1340828147733112
1340828239867703
1340828331943479
1340828423733948
1340828515904641
1340828607846867
1340828699958482
1340828791865918
1340828883890136
1340828975850964
1340829068177586
