1340547841368589
1340547929166249
1340548017690055
1340548105974241
1340548192740059
1340548280687497
1340548368641184
1340548457591439
1340548549318118
1340548641437638
1340548728766672
1340548820891445
1340548909950368
1340548997077014
1340549088836061
1340549176599292
1340549264774901
1340549353122767
1340549441033975
1340549528790764
1340549616995221
1340549705684285
1340549793274187
1340549885001902
1340549972802877
1340550060790281
1340550148719977
1340550237131229
1340550324924474
1340550412973479
1340550500737742
1340550593021062
1340550681800563
1340550774175935
1340550868626146
1340550956753381
1340551045407587
1340551132716511
1340551220696984
1340551308562823
1340551396771990
1340551485438346
1340551572909793
1340551661303337
1340551750180926
1340551840782350
1340551928976170
1340552017431907
1340552106261009
1340552192726313
1340552280737597
1340552369268286
1340552456748269
1340552545094838
1340552633820166
1340552721978701
1340552813072546
1340552901800718
1340552990301888
1340553081875537
1340553172645886
1340553260714488
1340553348704165
1340553437098058
1340553524867953
1340553612695884
1340553704969494
1340553793721643
1340553884772545
1340553973829234
1340554061801405
1340554152747050
1340554240724239
1340554329032738
1340554417003755
1340554505467003
1340554593956390
1340554681492082
1340554773793925
1340554861966229
1340554949958107
1340555037448179
1340555125721316
1340555212731598
1340555305511025
1340555392877450
1340555481606892
1340555569438496
1340555657351664
1340555746269300
1340555833981124
1340555921656695
1340556013530221
1340556106236896
1340556192617366
1340556280762565
1340556369594881
1340556457164487
1340556545184832
1340556633956846
