1340312502571159
1340312589246924
1340312678461661
1340312765664085
1340312853849980
1340312941180580
1340313029832265
1340313117720498
1340313205838355
1340313297967819
1340313385810008
1340313474582716
1340313565634563
1340313653820830
1340313741989443
1340313830648877
1340313918018148
1340314007017487
1340314093566138
1340314181259263
1340314273824440
1340314362492973
1340314450486939
1340314539927382
1340314634349420
1340314723641738
1340314814429506
1340314901264084
1340314989742344
1340315077678469
1340315165040738
1340315253204532
1340315341161109
1340315429649427
1340315518106722
1340315607573382
1340315703962914
1340315800259004
1340315896358341
1340315989172661
1340316077733607
1340316169101365
1340316257088250
1340316345921836
1340316433180818
1340316521249714
1340316609704546
1340316701989715
1340316790796395
1340316884424887
1340316980277811
1340317071631833
1340317161179164
1340317249203887
1340317337194553
1340317429369613
1340317517161746
1340317606411631
1340317693718640
1340317781211304
1340317877264319
1340317966526706
1340318053251133
1340318141116840
1340318229103755
1340318317567560
1340318409454665
1340318498056327
1340318585655750
1340318673153133
1340318761859421
1340318849625441
1340318937686311
1340319029416886
1340319121241424
1340319214796633
1340319307617457
1340319397028842
1340319487553197
1340319577918033
1340319665810621
1340319754481957
1340319843020504
1340319929477671
1340320022247142
1340320113099822
1340320201824048
1340320289769296
1340320377241406
1340320470504225
1340320563536765
1340320659543941
1340320757666382
1340320845279807
1340320933494515
1340321021101766
1340321110056067
1340321197230208
1340321285207076
1340321373539929
