1340429122890090
1340429209934969
1340429297779767
1340429386302916
1340429474670998
1340429565127078
1340429660721060
1340429758883051
1340429851442626
1340429937922841
1340430026670184
1340430114863647
1340430202099245
1340430289961251
1340430381888469
1340430470869815
1340430557926498
1340430647797253
1340430745181919
1340430836057735
1340430933137986
1340431029824752
1340431118790561
1340431205888768
1340431293903352
1340431382668943
1340431470094665
1340431561445138
1340431649916838
1340431739292280
1340431827595604
1340431923986792
1340432020781942
1340432117014340
1340432205914761
1340432293921161
1340432383161642
1340432470810341
1340432564509676
1340432653977497
1340432746008174
1340432835351006
1340432922172033
1340433010113346
1340433099140435
1340433185899390
1340433274903885
1340433366824238
1340433453968109
1340433542937757
1340433631113863
1340433720013358
1340433813962542
1340433904431439
1340433998892400
1340434085929493
1340434173941138
1340434261893223
1340434357953086
1340434447844464
1340434546078859
1340434641924506
1340434730997287
1340434819081802
1340434907235448
1340434998556104
1340435088186200
1340435177784117
1340435265904934
1340435355093831
1340435443512676
1340435536169575
1340435634794092
1340435728826570
1340435824856571
1340435914054349
1340436002395484
1340436090560987
1340436177865791
1340436265924519
1340436355706200
1340436451186153
1340436538879855
1340436629910955
1340436726897024
1340436822109803
1340436917923472
1340437011744100
1340437102954040
1340437189933215
1340437282888688
1340437370011817
1340437462024827
1340437551048280
1340437638907654
1340437729937723
1340437818102174
1340437907329219
1340438003165011
1340438097712384
