1340655298096594
1340655385943443
1340655478331668
1340655569263408
1340655663225565
1340655749595223
1340655843763336
1340655941733955
1340656035226359
1340656121278790
1340656209343094
1340656301367094
1340656393805846
1340656489170992
1340656582216170
1340656678819429
1340656774420758
1340656861205891
1340656949456379
1340657038731513
1340657129197906
1340657217193997
1340657305375984
1340657393462073
1340657482039653
1340657573842571
1340657668402773
1340657757699990
1340657851250717
1340657938469847
1340658030921986
1340658119385045
1340658205347189
1340658293994668
1340658389218462
1340658478030834
1340658570113541
1340658667706065
1340658765354321
1340658857870366
1340658946015690
1340659039679875
1340659133470681
1340659221356920
1340659309432780
1340659401781674
1340659496061685
1340659593509567
1340659687180568
1340659774804234
1340659866880096
1340659959830801
1340660055738510
1340660153329918
1340660241367965
1340660329473352
1340660417726932
1340660509364933
1340660597483668
1340660685453129
1340660779003155
1340660876617859
1340660969224992
1340661057393109
1340661145375499
1340661233479991
1340661321520067
1340661409559016
1340661504106402
1340661599481295
1340661699827195
1340661789273312
1340661878208603
1340661972075822
1340662066798525
1340662157168406
1340662245276635
1340662338046655
1340662426237638
1340662519018102
1340662613481664
1340662708268922
1340662807764890
1340662907183505
1340662994326496
1340663085337197
1340663173442197
1340663261401278
1340663349333231
1340663437527159
1340663531198003
1340663617473227
1340663709422129
1340663802506579
1340663893294674
1340663981358106
1340664075311694
1340664161304482
1340664249358461
1340664338167531
