1340214853137157
1340214854491968
1340214855590145
1340214856731630
1340214857877591
1340214858890104
1340214860017635
1340214861221013
1340214862349166
1340214863438789
1340214864477787
1340214865652927
1340214866838157
1340214867897080
1340214869013509
1340214870038913
1340214870966305
1340214871887629
1340214873071986
1340214874178361
1340214875292374
1340214876436412
1340214877353824
1340214878093587
1340214878830394
1340214879709499
1340214880525966
1340214881276907
1340214882020263
1340214882741222
1340214883437264
1340214884135316
1340214884833570
1340214885528129
1340214886216135
1340214886959833
1340214887706209
1340214888399273
1340214889055632
1340214889704675
1340214890356962
1340214890992033
1340214891598139
1340214892212927
1340214892821687
1340214893429358
1340214894048172
1340214894680860
1340214895413783
1340214896188351
1340214896900737
1340214897564835
1340214898292904
1340214899088195
1340214899867947
1340214900660054
1340214901450887
1340214902228744
1340214902977250
1340214903696169
1340214904444004
1340214905198802
1340214905954883
1340214906711454
1340214907457503
1340214908185056
1340214908944067
1340214909668916
1340214910397525
1340214911122288
1340214911845016
1340214912571646
1340214913261810
1340214913878926
1340214914505171
1340214915144870
1340214915763777
1340214916370749
1340214916997578
1340214917618595
1340214918309007
1340214918984497
1340214919663859
1340214920354256
1340214921032223
1340214921721758
1340214922395127
1340214923063603
1340214923727249
1340214924399451
1340214925066911
1340214925725758
1340214926417704
1340214927153667
1340214927892762
1340214928811834
1340214929726616
1340214930585935
1340214931309348
1340214932178086
