1340664521314469
1340664610603530
1340664701777086
1340664791232669
1340664885775940
1340664979558343
1340665073965564
1340665169347007
1340665257328727
1340665345394234
1340665433355816
1340665526638510
1340665613313761
1340665703256616
1340665793809877
1340665888385683
1340665986276639
1340666074630538
1340666165385442
1340666253649155
1340666345361480
1340666434459717
1340666521434572
1340666615384140
1340666710275632
1340666799903504
1340666894354888
1340666985431731
1340667078057322
1340667169359414
1340667257381085
1340667351007978
1340667438059968
1340667530570059
1340667621765598
1340667715103260
1340667806085567
1340667899616363
1340667989787604
1340668083781890
1340668173394878
1340668261360437
1340668350217290
1340668438090511
1340668529768253
1340668623543815
1340668713431584
1340668806893516
1340668893312064
1340668986886595
1340669074447222
1340669169367656
1340669257343351
1340669350046125
1340669437310404
1340669532253281
1340669621421011
1340669714688580
1340669802434158
1340669896636997
1340669985618669
1340670079196143
1340670165363068
1340670254962804
1340670346245744
1340670435617096
1340670526054069
1340670619048630
1340670706883250
1340670800684033
1340670890056698
1340670982272163
1340671069781655
1340671165418383
1340671253969118
1340671347724085
1340671438165644
1340671527496545
1340671617908844
1340671711846450
1340671802250224
1340671895196129
1340671987017144
1340672079755517
1340672169370706
1340672257355825
1340672346182777
1340672434067308
1340672523021525
1340672618772858
1340672706607613
1340672800272728
1340672890439290
1340672984802735
1340673078049343
1340673165530061
1340673254371074
1340673346949531
1340673434530992
1340673526240251
