1340727354967779
1340727442933439
1340727531078903
1340727618986871
1340727710918991
1340727802937224
1340727891012222
1340727978930516
1340728066922349
1340728155116856
1340728243034544
1340728330896717
1340728418852997
1340728507074017
1340728595035199
1340728682970679
1340728770953403
1340728858946418
1340728946934478
1340729035019115
1340729123038835
1340729214995186
1340729302965308
1340729394825592
1340729484902972
1340729574960343
1340729662943599
1340729750983452
1340729838928056
1340729926920467
1340730014938246
1340730102949781
1340730191048234
1340730279076974
1340730367093361
1340730454836461
1340730542945107
1340730630919398
1340730718912470
1340730807041905
1340730895012838
1340730982735728
1340731070929429
1340731171033063
1340731258886209
1340731347011552
1340731434951832
1340731523073160
1340731610923735
1340731699008222
1340731787166424
1340731875339751
1340731963048854
1340732050959672
1340732138990632
1340732226954370
1340732314894545
1340732407051884
1340732494789259
1340732591015098
1340732678925776
1340732766934743
1340732854918434
1340732942828341
1340733030938023
1340733122745126
1340733210841379
1340733303019538
1340733391014697
1340733479006001
1340733566890271
1340733654956655
1340733743211508
1340733830771290
1340733919089014
1340734006983861
1340734094963917
1340734187090729
1340734274981665
1340734363027863
1340734450969972
1340734538969403
1340734626984988
1340734718998765
1340734807123201
1340734894963167
1340734982898112
1340735070869477
1340735159045291
1340735246967556
1340735334978670
1340735426994212
1340735514938061
1340735606948022
1340735694972613
1340735783196494
1340735870974001
1340735958940572
1340736047018952
1340736135006394
