1340736223174608
1340736311168034
1340736399088996
1340736487030973
1340736575093377
1340736663150510
1340736751151916
1340736843146414
1340736931071272
1340737019130183
1340737111002324
1340737206895105
1340737295344659
1340737383006753
1340737471041081
1340737559066476
1340737647063295
1340737735120147
1340737823012894
1340737911229255
1340737999011863
1340738087251856
1340738175051437
1340738263047467
1340738351024593
1340738438949134
1340738527019389
1340738614985662
1340738702975412
1340738791027101
1340738879061614
1340738967043678
1340739055132299
1340739143157138
1340739230917980
1340739319039864
1340739406992324
1340739495113913
1340739591193930
1340739683029486
1340739771020533
1340739859066586
1340739947107471
1340740035130893
1340740122893379
1340740211071650
1340740299100870
1340740388863031
1340740485439590
1340740579894934
1340740676507622
1340740773711724
1340740863059984
1340740953839053
1340741047614486
1340741143012208
1340741231039556
1340741319795911
1340741415079902
1340741503033425
1340741595108334
1340741686196965
1340741780062229
1340741877430129
1340741972118449
1340742067013286
1340742155259064
1340742243287135
1340742337513228
1340742428298416
1340742522197366
1340742615386702
1340742706290332
1340742799391831
1340742886952953
1340742979184685
1340743072588504
1340743167193339
1340743257418034
1340743347459126
1340743437487360
1340743527005426
1340743624088777
1340743715830140
1340743807108364
1340743895959109
1340743992556462
1340744084661478
1340744175090933
1340744267067987
1340744366933982
1340744456874957
1340744550961314
1340744640763370
1340744734013349
1340744825502664
1340744923853876
1340745019069517
1340745119113206
1340745207061721
