1340330369318429
1340330457357163
1340330545205569
1340330633337210
1340330721187460
1340330809124307
1340330897329647
1340330985456464
1340331073339017
1340331161259216
1340331249229592
1340331337249411
1340331425254956
1340331513216668
1340331601118217
1340331689472669
1340331777312319
1340331865276273
1340331953300906
1340332041299665
1340332129371056
1340332219153262
1340332305211459
1340332393271381
1340332481146418
1340332569192068
1340332657262832
1340332745302854
1340332833351939
1340332921304961
1340333009289761
1340333097238433
1340333185166656
1340333273308992
1340333361203347
1340333449333224
1340333537331307
1340333625234639
1340333713210008
1340333801238685
1340333889280818
1340333977351269
1340334065297184
1340334153259793
1340334241260161
1340334329153762
1340334417303207
1340334505178772
1340334593327103
1340334681291500
1340334769177671
1340334857202113
1340334945178567
1340335033332218
1340335121265280
1340335209320778
1340335297342606
1340335385243397
1340335473315334
1340335561296681
1340335649332094
1340335737416816
1340335825346558
1340335913236366
1340336001286222
1340336089207805
1340336177279712
1340336265249074
1340336353322555
1340336441312969
1340336529318287
1340336617239313
1340336705273696
1340336793296027
1340336881349311
1340336969319781
1340337057324912
1340337145231022
1340337233239402
1340337321152392
1340337409324168
1340337497196635
1340337585296352
1340337673312405
1340337761360261
1340337849265806
1340337937341458
1340338025374047
1340338113207919
1340338201113606
1340338289305786
1340338377322315
1340338465309117
1340338553227806
1340338641241281
1340338729328123
1340338817269241
1340338905326565
1340338993215164
1340339081456086
