1340810830835394
1340810918500137
1340811010485470
1340811098636195
1340811194516242
1340811286439308
1340811378546839
1340811470633716
1340811562505496
1340811654680530
1340811742398807
1340811834466727
1340811926427280
1340812018327691
1340812110431302
1340812202277898
1340812294386486
1340812386484942
1340812478468747
1340812570472164
1340812658472856
1340812746379061
1340812838599968
1340812934316166
1340813026612791
1340813114404328
1340813210373133
1340813302501466
1340813395199398
1340813482430075
1340813574391172
1340813666385735
1340813758476095
1340813846435507
1340813938516876
1340814026475381
1340814118402094
1340814206414003
1340814294452829
1340814386588319
1340814478410655
1340814570410959
1340814662446277
1340814750425463
1340814842506768
1340814934574271
1340815026593476
1340815118322019
1340815206282157
1340815298576005
1340815390558941
1340815482566825
1340815575560404
1340815662516861
1340815754510646
1340815842599101
1340815934430368
1340816022562780
1340816114398770
1340816214521852
1340816306522971
1340816398590519
1340816490415406
1340816578397297
1340816670355836
1340816758404724
1340816846407766
1340816938235872
1340817030588883
1340817118401881
1340817210542781
1340817302507751
1340817394545175
1340817486366786
1340817578374763
1340817670333040
1340817762390648
1340817854588833
1340817946408431
1340818038551580
1340818126427928
1340818217718524
1340818310395067
1340818398569939
1340818490379570
1340818578569000
1340818670403260
1340818762599483
1340818850397708
1340818943752328
1340819030539385
1340819122252909
1340819210476374
1340819298633838
1340819390535175
1340819482441727
1340819570346904
1340819658656168
1340819746432584
1340819834730909
