1340356807874402
1340356898504984
1340356986298927
1340357078146858
1340357165494319
1340357253512267
1340357341419167
1340357429575723
1340357518944957
1340357612565533
1340357706989681
1340357800601800
1340357896289692
1340357985840146
1340358074220780
1340358165499657
1340358254947332
1340358342083962
1340358429762429
1340358517563525
1340358605528123
1340358693636099
1340358784271099
1340358880402636
1340358974961921
1340359062819351
1340359153540254
1340359241472877
1340359330468620
1340359418760946
1340359509461570
1340359598913176
1340359685733208
1340359777603067
1340359866652183
1340359953534460
1340360042161633
1340360129482921
1340360217556494
1340360306096237
1340360393545983
1340360482502355
1340360571357612
1340360659423073
1340360749531194
1340360838625011
1340360926198338
1340361013411962
1340361101628322
1340361189490059
1340361277481925
1340361365499168
1340361454687462
1340361545651194
1340361634082830
1340361721844580
1340361810980115
1340361901610824
1340361990888825
1340362078093714
1340362165443481
1340362253803460
1340362342384523
1340362429518351
1340362520271381
1340362616231747
1340362713744484
1340362802157730
1340362890120405
1340362977545529
1340363065479985
1340363153457751
1340363241405704
1340363329623817
1340363417686270
1340363509651967
1340363600265619
1340363696687415
1340363793259011
1340363889393235
1340363982555025
1340364070091446
1340364157575347
1340364245462196
1340364338950173
1340364425648701
1340364515425675
1340364601534768
1340364693765055
1340364783921304
1340364879670776
1340364976706096
1340365071855396
1340365165500344
1340365253526131
1340365342207266
1340365429923870
1340365517506484
1340365607855521
1340365699197404
