1340848286436896
1340848382663578
1340848475838548
1340848580208924
1340848679739647
1340848774517481
1340848869867829
1340848962684270
1340849061764736
1340849154459955
1340849246963026
1340849339182448
1340849431361028
1340849524830475
1340849626389413
1340849725289890
1340849822636730
1340849922396842
1340850015959643
1340850121007791
1340850214369629
1340850312699806
1340850406397047
1340850499404942
1340850592197498
1340850696064443
1340850793341739
1340850891725216
1340850991941436
1340851090750876
1340851182396965
1340851275016147
1340851372070884
1340851467713569
1340851566666499
1340851659956299
1340851760927860
1340851855971195
1340851959648241
1340852057454108
1340852154484975
1340852253830441
1340852354724171
1340852449646942
1340852551275683
1340852651166498
1340852747500439
1340852848216702
1340852944182201
1340853044866335
1340853138361976
1340853232690976
1340853329758497
1340853422943070
1340853523783223
1340853618629232
1340853715452710
1340853811005905
1340853911978446
1340854013165935
1340854114636253
1340854206408264
1340854298383493
1340854390361982
1340854490417537
1340854584522370
1340854683723762
1340854781736446
1340854878470260
1340854973798954
1340855071397654
1340855170348918
1340855262420007
1340855361654681
1340855456381908
1340855563061375
1340855662224532
1340855762508404
1340855861204226
1340855959220224
1340856053798307
1340856154375432
1340856250758285
1340856346763064
1340856438567933
1340856531869828
1340856632535797
1340856727639152
1340856830663159
1340856925715991
1340857030800990
1340857127246360
1340857218367231
1340857310377402
1340857406333482
1340857503860642
1340857603274260
1340857698323612
1340857794724784
1340857891679175
