1340383798162889
1340383886587725
1340383976288673
1340384067234538
1340384157471255
1340384245835031
1340384334419935
1340384422843319
1340384511190129
1340384604086061
1340384700388530
1340384797753337
1340384892710626
1340384981978372
1340385074434404
1340385165712398
1340385257997456
1340385346056755
1340385433833874
1340385522640869
1340385609686589
1340385702441441
1340385790599165
1340385885234857
1340385979406055
1340386073013195
1340386161650322
1340386249708700
1340386337926404
1340386427029257
1340386514731525
1340386603926629
1340386694784553
1340386781621031
1340386869712326
1340386959033552
1340387052408154
1340387145645564
1340387233627683
1340387322342075
1340387409982121
1340387497649509
1340387588063684
1340387680454629
1340387769663872
1340387857684386
1340387945677114
1340388034406818
1340388130156956
1340388217874034
1340388313810671
1340388406511038
1340388501634112
1340388590354940
1340388678262500
1340388766505730
1340388855570867
1340388947507537
1340389036472146
1340389129664394
1340389217629458
1340389305654461
1340389393723701
1340389484766244
1340389573884634
1340389661955991
1340389750797416
1340389839832349
1340389930182392
1340390018795902
1340390110979516
1340390197635177
1340390285704682
1340390373712516
1340390463757009
1340390555330432
1340390643554996
1340390739525357
1340390838076013
1340390931218205
1340391017681383
1340391105877828
1340391193588456
1340391282377046
1340391369504468
1340391458404334
1340391545968012
1340391633800269
1340391722932278
1340391812414803
1340391908571547
1340392005334607
1340392100043512
1340392189684104
1340392281725246
1340392371472827
1340392459402599
1340392545681129
1340392634144550
1340392724148946
