1340347981303470
1340348069325916
1340348169278748
1340348257325870
1340348345333452
1340348433436189
1340348521450690
1340348609362725
1340348697374182
1340348785305899
1340348873361752
1340348961463511
1340349049413740
1340349137327146
1340349225339955
1340349313243447
1340349401418529
1340349489301831
1340349577407260
1340349665473865
1340349753357764
1340349841327297
1340349929410241
1340350017435160
1340350105483276
1340350193429362
1340350281441106
1340350369361786
1340350457336630
1340350545318192
1340350633328886
1340350721463341
1340350809267507
1340350898517814
1340350985395016
1340351073407942
1340351161386646
1340351255212224
1340351341378987
1340351429383890
1340351517450695
1340351605234601
1340351693300950
1340351781283362
1340351869341727
1340351957426040
1340352045513935
1340352133356125
1340352229326198
1340352317404450
1340352405401532
1340352493318294
1340352581407805
1340352669482909
1340352757308203
1340352845338962
1340352933369376
1340353021357602
1340353109238277
1340353201472937
1340353289415786
1340353377470796
1340353465461186
1340353553637888
1340353642272334
1340353729455790
1340353817336745
1340353906243029
1340353995036599
1340354083172302
1340354169398496
1340354258428534
1340354349645180
1340354438724365
1340354526151965
1340354617751385
1340354706635849
1340354794237013
1340354882377382
1340354973535700
1340355062096958
1340355149388830
1340355237527588
1340355326143917
1340355413768770
1340355504378205
1340355594203478
1340355682339523
1340355771147847
1340355861771173
1340355950125701
1340356037482828
1340356125544258
1340356213449469
1340356306194430
1340356393682553
1340356482489491
1340356575964997
1340356671649991
1340356761837307
