1340637158003424
1340637246048311
1340637336880008
1340637426158224
1340637518756678
1340637607519951
1340637694122067
1340637786034392
1340637873981638
1340637963341190
1340638050098464
1340638138111971
1340638231013851
1340638318139775
1340638407256446
1340638495509451
1340638583141647
1340638670526490
1340638758069702
1340638846635426
1340638934695895
1340639022432855
1340639110378914
1340639198510121
1340639286344729
1340639378213099
1340639466410104
1340639554165892
1340639642164381
1340639730447962
1340639822298459
1340639910014362
1340640002218207
1340640090255942
1340640178165849
1340640266262296
1340640354688420
1340640442023372
1340640530214182
1340640622076488
1340640715680617
1340640810131054
1340640901941038
1340640992132748
1340641087442221
1340641177885903
1340641266007084
1340641354360968
1340641446221107
1340641540464394
1340641630032817
1340641718120460
1340641806102713
1340641895836610
1340641986098590
1340642078026881
1340642185603208
1340642275257422
1340642365359434
1340642456302887
1340642550056080
1340642638080853
1340642727567833
1340642821805723
1340642915408323
1340643006386076
1340643096936716
1340643186058268
1340643274155517
1340643365120598
1340643454993866
1340643553122213
1340643649977767
1340643738856506
1340643830870626
1340643922730918
1340644010482622
1340644101217697
1340644190045837
1340644278170326
1340644366825520
1340644457566512
1340644546168549
1340644638175677
1340644735680914
1340644829256642
1340644926989921
1340645023025803
1340645114099133
1340645202371024
1340645294123360
1340645386065297
1340645476977946
1340645570788553
1340645661663240
1340645751248457
1340645846071640
1340645945608256
1340646038021170
1340646126152569
