1340700378712967
1340700466719359
1340700556060237
1340700646658308
1340700735199220
1340700822626686
1340700910500948
1340700998676320
1340701086482655
1340701178519400
1340701266514758
1340701354526770
1340701442755375
1340701530712071
1340701618727503
1340701706587850
1340701794592711
1340701886409876
1340701974623120
1340702062729844
1340702150418747
1340702238524214
1340702326723171
1340702414701548
1340702504103434
1340702594620704
1340702682691922
1340702770724354
1340702858554201
1340702946442658
1340703034714016
1340703122550025
1340703210553817
1340703298537876
1340703386651625
1340703474492927
1340703562633056
1340703650607660
1340703738542312
1340703826529764
1340703914683642
1340704002539251
1340704090566183
1340704182510235
1340704270525475
1340704358745602
1340704446593450
1340704534471814
1340704622788189
1340704710481585
1340704798499240
1340704886566024
1340704974561102
1340705062951717
1340705150452782
1340705242749385
1340705330673448
1340705418726184
1340705506972153
1340705594887595
1340705682731330
1340705770569310
1340705858575047
1340705946627857
1340706034675804
1340706122638889
1340706210428489
1340706298455940
1340706386587863
1340706474677063
1340706562547925
1340706650641130
1340706739350542
1340706826767149
1340706918698828
1340707006708539
1340707094460300
1340707182497583
1340707270711294
1340707358584499
1340707450592288
1340707538432089
1340707626441020
1340707714573393
1340707802675896
1340707890653195
1340707978635899
1340708066634290
1340708154645983
1340708242614264
1340708330525393
1340708418735624
1340708506695808
1340708598577053
1340708686687562
1340708774545025
1340708862613684
1340708950530353
1340709038512759
1340709130569648
