1340565741006984
1340565828845577
1340565916841403
1340566004784570
1340566093257876
1340566180853742
1340566268790321
1340566356727172
1340566444712558
1340566532821261
1340566621127296
1340566708691713
1340566796771827
1340566884855450
1340566976620044
1340567068644129
1340567156795065
1340567244588245
1340567332571362
1340567420809953
1340567508834723
1340567596671865
1340567684847132
1340567772921493
1340567860792472
1340567948839281
1340568036765934
1340568124636906
1340568212585982
1340568300703535
1340568388842533
1340568476679358
1340568564622042
1340568652771926
1340568740718847
1340568828645972
1340568916751971
1340569004800658
1340569092795267
1340569180715509
1340569268718155
1340569356702267
1340569444696732
1340569532674402
1340569621119733
1340569708679235
1340569796659852
1340569884669480
1340569972714391
1340570060712066
1340570148722829
1340570236743134
1340570324703067
1340570412787414
1340570500571568
1340570588662326
1340570676832414
1340570764675748
1340570852726775
1340570940728552
1340571028786303
1340571116633079
1340571204802643
1340571292710699
1340571380952210
1340571468694392
1340571556591149
1340571644801588
1340571732698345
1340571820733379
1340571908693237
1340571996679439
1340572084845848
1340572172757408
1340572260745794
1340572348695222
1340572436692819
1340572524612908
1340572612679954
1340572700830862
1340572788704993
1340572876694012
1340572964716737
1340573052766826
1340573140724947
1340573228670688
1340573316668952
1340573404791871
1340573492713949
1340573580672860
1340573668651282
1340573756704878
1340573844707123
1340573932680610
1340574020742527
1340574108726319
1340574196751755
1340574284645103
1340574372696749
1340574460714592
