1340673572024686
1340673670358987
1340673758758523
1340673853147507
1340673943952599
1340674039549797
1340674130389800
1340674218387751
1340674308361543
1340674398708234
1340674486591171
1340674576452910
1340674666363366
1340674755975243
1340674849661529
1340674943889268
1340675036583074
1340675126440409
1340675214415027
1340675305820996
1340675395478891
1340675487352581
1340675580211565
1340675676877109
1340675766646001
1340675856031560
1340675947858435
1340676047993470
1340676138487621
1340676226414198
1340676314978766
1340676404108429
1340676498909655
1340676590847866
1340676682402349
1340676774351329
1340676862288865
1340676954628786
1340677047142419
1340677138438986
1340677230036481
1340677322220644
1340677411418832
1340677502071581
1340677591333753
1340677682901284
1340677772315985
1340677869223968
1340677962421163
1340678050969331
1340678138392190
1340678227022460
1340678318349161
1340678411139056
1340678501902648
1340678591009818
1340678683518264
1340678779559270
1340678869685246
1340678962926920
1340679054967454
1340679146454010
1340679234503004
1340679323609491
1340679415366527
1340679502772200
1340679593787941
1340679684545680
1340679776739036
1340679870471635
1340679961596260
1340680055626532
1340680142485126
1340680230466118
1340680321798871
1340680414668364
1340680507212243
1340680594410618
1340680682720704
1340680770678626
1340680862437186
1340680954514829
1340681045543534
1340681138408234
1340681226499172
1340681314429808
1340681403326442
1340681490585128
1340681582101368
1340681671348622
1340681763329266
1340681850774406
1340681940722764
1340682030598954
1340682123486105
1340682210317638
1340682299954812
1340682394569085
1340682486444532
1340682574458165
