1340214934247816
1340214935199145
1340214936177137
1340214937061985
1340214938162250
1340214939298747
1340214940334554
1340214941462965
1340214942505807
1340214943495959
1340214944581663
1340214945807570
1340214947074078
1340214948271997
1340214949483607
1340214950648210
1340214951849794
1340214952998453
1340214954304215
1340214955520121
1340214956734361
1340214957974415
1340214959239696
1340214960650328
1340214962017615
1340214963198270
1340214964579798
1340214966026011
1340214967420256
1340214968899145
1340214970530039
1340214971795747
1340214973070127
1340214974356026
1340214975579818
1340214976873925
1340214978108043
1340214979319471
1340214980600592
1340214981866003
1340214983087316
1340214984302602
1340214985545369
1340214986792692
1340214988092265
1340214989318136
1340214990354926
1340214991659156
1340214992820548
1340214993972739
1340214994896970
1340214995842289
1340214996793583
1340214997716158
1340214998623087
1340214999644412
1340215001314889
1340215002272587
1340215003218673
1340215004227965
1340215005196110
1340215006155123
1340215007046455
1340215007981022
1340215008823346
1340215009750757
1340215010666922
1340215011552139
1340215012440599
1340215013366823
1340215014371352
1340215015398446
1340215016464892
1340215017576039
1340215018541387
1340215019430048
1340215020520374
1340215021643158
1340215022766471
1340215024081514
1340215025383817
1340215026607777
1340215027834578
1340215029139102
1340215030481887
1340215031783516
1340215033068119
1340215034358854
1340215035701807
1340215037152198
1340215038542920
1340215039959927
1340215041370568
1340215042751776
1340215044106728
1340215045510208
1340215046977698
1340215048072804
1340215049151617
1340215050293994
