1340214722507611
1340214722924038
1340214723350737
1340214723767617
1340214724204315
1340214724628775
1340214725046658
1340214725450747
1340214725857871
1340214726263633
1340214726671568
1340214727089507
1340214727513981
1340214727921166
1340214728355766
1340214728761328
1340214729168399
1340214729573529
1340214729981019
1340214730390373
1340214730796394
1340214731223914
1340214731627825
1340214732041743
1340214732482384
1340214732890165
1340214733297680
1340214733703183
1340214734109246
1340214734517226
1340214734926623
1340214735353078
1340214735759494
1340214736177857
1340214736592018
1340214736997161
1340214737398700
1340214737825031
1340214738278280
1340214738736358
1340214739207305
1340214739674537
1340214740148742
1340214740642569
1340214741104903
1340214741566695
1340214742028061
1340214742489712
1340214742945674
1340214743419637
1340214743880199
1340214744391366
1340214744966894
1340214745498667
1340214746019311
1340214746516146
1340214746994748
1340214747473792
1340214747951992
1340214748443689
1340214748921753
1340214749401887
1340214749885834
1340214750371981
1340214750852278
1340214751326526
1340214751805914
1340214752295200
1340214752776041
1340214753255914
1340214753731607
1340214754209173
1340214754685133
1340214755161897
1340214755635873
1340214756114007
1340214756589525
1340214757044811
1340214757488043
1340214757930563
1340214758375659
1340214758817562
1340214759257909
1340214759699589
1340214760145332
1340214760590001
1340214761034686
1340214761480556
1340214761919962
1340214762359529
1340214762800583
1340214763249243
1340214763689158
1340214764138089
1340214764581951
1340214765018289
1340214765449772
1340214765876688
1340214766308207
1340214766734362
