1340223873978471
1340223961504664
1340224053733509
1340224140651532
1340224228609497
1340224316857333
1340224404641110
1340224492827902
1340224580889981
1340224669860537
1340224756685778
1340224845190517
1340224933795900
1340225021177907
1340225112735725
1340225200740040
1340225289160412
1340225376769521
1340225465466977
1340225556764365
1340225645340660
1340225733769771
1340225820729815
1340225908912054
1340225997637875
1340226084966468
1340226172794058
1340226260716074
1340226349348864
1340226436927091
1340226525285805
1340226614046425
1340226702037822
1340226789525709
1340226876916480
1340226965402628
1340227052607749
1340227140633307
1340227228654461
1340227317112696
1340227404969087
1340227493347966
1340227582050032
1340227670032542
1340227758126689
1340227844982327
1340227933680619
1340228021288754
1340228109880620
1340228196707774
1340228285543955
1340228372682405
1340228461118533
1340228549112333
1340228637176396
1340228724674147
1340228813185059
1340228901211738
1340228988979297
1340229076983001
1340229164720116
1340229252855711
1340229341502212
1340229428864227
1340229517842394
1340229605518527
1340229694048082
1340229784953907
1340229876946587
1340229964995948
1340230053263367
1340230140633536
1340230228819046
1340230316947171
1340230404877558
1340230493194609
1340230582010472
1340230670084160
1340230756912672
1340230844566984
1340230932860530
1340231021421934
1340231109737338
1340231196612004
1340231284755387
1340231372711553
1340231461396164
1340231548805166
1340231636831599
1340231725596364
1340231814019722
1340231900846019
1340231993190600
1340232082025284
1340232168615264
1340232261096160
1340232349065613
1340232437079093
1340232525822849
1340232614047250
