1340511049323262
1340511142330548
1340511230372156
1340511328044465
1340511419563486
1340511509463053
1340511602285551
1340511692672847
1340511793164567
1340511892201797
1340511991326453
1340512090622339
1340512178325889
1340512271698701
1340512368493622
1340512460720920
1340512560285956
1340512656308536
1340512753373900
1340512845919474
1340512946420606
1340513044074028
1340513142392681
1340513230376261
1340513326313602
1340513415836033
1340513506974403
1340513599753725
1340513694346444
1340513789302575
1340513890449187
1340513987208527
1340514080972287
1340514174338527
1340514262310341
1340514355711368
1340514449083542
1340514546889879
1340514637291804
1340514730444433
1340514827166082
1340514918641762
1340515012435429
1340515110453555
1340515198332246
1340515286462368
1340515374532553
1340515464764063
1340515566462035
1340515654732380
1340515749024137
1340515846310459
1340515941819144
1340516033097068
1340516130511084
1340516218475043
1340516306773751
1340516398716887
1340516494076251
1340516591929869
1340516692332903
1340516785188842
1340516882134274
1340516984060545
1340517088109490
1340517178325750
1340517266449192
1340517359737152
1340517452508550
1340517547771526
1340517638914003
1340517740189365
1340517838488203
1340517935398051
1340518030137645
1340518126913794
1340518214377041
1340518302486728
1340518395010085
1340518485718832
1340518585455700
1340518682312502
1340518770214902
1340518861728892
1340518956723067
1340519056295095
1340519146573785
1340519234538925
1340519322416896
1340519414372711
1340519503562930
1340519599404288
1340519686384330
1340519776711762
1340519869784250
1340519967193943
1340520056710240
1340520146345025
1340520236147199
1340520338550710
