1340819929082568
1340820022613618
1340820114648565
1340820206406563
1340820294600845
1340820386543475
1340820478473614
1340820570550868
1340820662646960
1340820758558942
1340820850475877
1340820942552137
1340821034562058
1340821126304490
1340821218409864
1340821310543090
1340821402613078
1340821494599843
1340821586428895
1340821678600368
1340821770421676
1340821862544646
1340821954355062
1340822046520060
1340822142437222
1340822230446181
1340822322437002
1340822414540596
1340822506406967
1340822598662709
1340822690343765
1340822782487432
1340822874416121
1340822966428434
1340823058535731
1340823150421894
1340823242469103
1340823334375183
1340823426554941
1340823518323534
1340823610466104
1340823702406257
1340823790421282
1340823882548067
1340823970483759
1340824062582965
1340824154521947
1340824246377676
1340824338400521
1340824430613623
1340824522650044
1340824614401023
1340824706711500
1340824798559997
1340824890515898
1340824982445550
1340825074616122
1340825166437721
1340825258365601
1340825350459045
1340825442536800
1340825534455756
1340825622518234
1340825714512037
1340825806578649
1340825898723462
1340825990549303
1340826082688603
1340826174534338
1340826266511984
1340826358774438
1340826450493599
1340826542572961
1340826630605009
1340826722547777
1340826814515170
1340826906572627
1340826998475370
1340827090471988
1340827182486432
1340827274538692
1340827366548474
1340827458562438
1340827546530208
1340827638535276
1340827730477383
1340827822598888
1340827914610396
1340828006524696
1340828098521903
1340828194400654
1340828286551113
1340828378589173
1340828470468397
1340828562495118
1340828654604178
1340828746376779
1340828838476725
1340828930430207
1340829022631276
