1340736265829415
1340736353850342
1340736441860228
1340736529798508
1340736617736047
1340736705778371
1340736793797994
1340736887064058
1340736973773836
1340737061778646
1340737157625306
1340737249775710
1340737337793856
1340737425769245
1340737513774786
1340737601758029
1340737689770040
1340737777891254
1340737865858921
1340737953740615
1340738041742623
1340738129785037
1340738217572252
1340738305883193
1340738393797150
1340738481769891
1340738569735416
1340738657759180
1340738745819847
1340738833733801
1340738921713322
1340739009809412
1340739097853037
1340739185801380
1340739273942110
1340739361642351
1340739449828748
1340739545219797
1340739637693308
1340739725676628
1340739813730456
1340739901808938
1340739989814590
1340740077797602
1340740165835237
1340740253726294
1340740341855035
1340740435804358
1340740532368591
1340740629516771
1340740723168460
1340740817929207
1340740906773875
1340740997959386
1340741097085267
1340741185831020
1340741273755315
1340741370546717
1340741458804901
1340741546568075
1340741637680717
1340741730429655
1340741827661266
1340741922773365
1340742017613980
1340742109615242
1340742197846099
1340742287055733
1340742381869094
1340742474688708
1340742567674523
1340742658410607
1340742752565671
1340742842924812
1340742930996595
1340743022818947
1340743120300800
1340743209836698
1340743302435939
1340743389817718
1340743481873378
1340743571718426
1340743669778895
1340743763223963
1340743851144031
1340743943748699
1340744038630728
1340744129737106
1340744221856874
1340744311933149
1340744409993404
1340744504133212
1340744593907395
1340744685585326
1340744777942032
1340744872410076
1340744970787554
1340745067809566
1340745161942913
1340745249775320
