1340610069799599
1340610157007900
1340610249043280
1340610337576711
1340610425237348
1340610513226182
1340610601236143
1340610690141668
1340610781791196
1340610869484492
1340610961030509
1340611049079614
1340611140918262
1340611229055452
1340611317306556
1340611405417114
1340611493254938
1340611582729075
1340611673289769
1340611761195015
1340611853582598
1340611945317347
1340612033124759
1340612121140157
1340612209029744
1340612297025336
1340612392499025
1340612485264819
1340612578176282
1340612665374533
1340612753316175
1340612841221707
1340612929293903
1340613017287041
1340613105312515
1340613193249830
1340613282511088
1340613373315068
1340613461240873
1340613553286340
1340613646556279
1340613741270159
1340613829312440
1340613918813872
1340614005712853
1340614099179179
1340614184949976
1340614273257938
1340614361046559
1340614449235171
1340614536988502
1340614624998621
1340614713101521
1340614801217559
1340614890105840
1340614983137941
1340615069463323
1340615157195030
1340615249204092
1340615338951467
1340615425791383
1340615514106981
1340615601236758
1340615689353932
1340615777107605
1340615869353933
1340615957552637
1340616049185758
1340616137201832
1340616225277395
1340616321186544
1340616409300638
1340616498119527
1340616586202230
1340616673677534
1340616767415357
1340616860155710
1340616953617359
1340617043076919
1340617133243649
1340617221330809
1340617309204863
1340617397511878
1340617489283183
1340617582680891
1340617677388202
1340617771419866
1340617863852185
1340617959449644
1340618049354294
1340618141215421
1340618229207723
1340618318917719
1340618409528121
1340618498666693
1340618585747484
1340618679134731
1340618771792402
1340618867787162
1340618964248600
