1340214722707126
1340214723120290
1340214723555206
1340214723964069
1340214724407872
1340214724825910
1340214725240689
1340214725647565
1340214726053473
1340214726461234
1340214726866072
1340214727293098
1340214727710764
1340214728131799
1340214728552355
1340214728955979
1340214729362815
1340214729769469
1340214730177089
1340214730585733
1340214730992627
1340214731419839
1340214731822234
1340214732249058
1340214732679322
1340214733086325
1340214733493275
1340214733897148
1340214734304991
1340214734716396
1340214735122808
1340214735549109
1340214735953321
1340214736372919
1340214736787332
1340214737190343
1340214737592194
1340214738043229
1340214738498657
1340214738956844
1340214739436302
1340214739894590
1340214740381712
1340214740865311
1340214741327053
1340214741789404
1340214742250964
1340214742710365
1340214743169177
1340214743641743
1340214744123455
1340214744666183
1340214745230615
1340214745758181
1340214746275099
1340214746751178
1340214747229476
1340214747708293
1340214748196278
1340214748677320
1340214749157142
1340214749640703
1340214750120930
1340214750607833
1340214751085854
1340214751561804
1340214752048997
1340214752530951
1340214753011259
1340214753488078
1340214753966498
1340214754443655
1340214754927212
1340214755398154
1340214755871682
1340214756354011
1340214756824591
1340214757267874
1340214757709080
1340214758153627
1340214758598298
1340214759040390
1340214759480707
1340214759920121
1340214760370086
1340214760812958
1340214761258838
1340214761701047
1340214762142886
1340214762581785
1340214763021789
1340214763470088
1340214763912216
1340214764362819
1340214764797099
1340214765228744
1340214765659321
1340214766087620
1340214766519389
1340214766944166
