1340530085253796
1340530128940904
1340530173224659
1340530217387566
1340530265221320
1340530313162855
1340530357184410
1340530401102849
1340530445819766
1340530489326008
1340530533273424
1340530576949666
1340530621258836
1340530665173425
1340530709592746
1340530754309526
1340530799853183
1340530846888999
1340530891969178
1340530939481119
1340530984872115
1340531028972665
1340531073345050
1340531117008106
1340531161182270
1340531205335272
1340531249075365
1340531293338034
1340531337637684
1340531381202981
1340531425211547
1340531473062166
1340531517412329
1340531562007999
1340531605786005
1340531649213164
1340531693171272
1340531741230141
1340531785172634
1340531829298511
1340531873302621
1340531917157509
1340531961363114
1340532005523745
1340532053656666
1340532098746426
1340532141308662
1340532185193608
1340532229190829
1340532273185704
1340532317230559
1340532361982158
1340532405186276
1340532449120022
1340532493009835
1340532537367562
1340532582175366
1340532626846495
1340532671266660
1340532715543829
1340532764051297
1340532809256961
1340532853700119
1340532897220459
1340532941671163
1340532986334888
1340533029099785
1340533073915180
1340533120561111
1340533165198909
1340533209209609
1340533253233894
1340533297255613
1340533341292646
1340533385198480
1340533429242982
1340533474513230
1340533517384609
1340533561207726
1340533605048896
1340533649418758
1340533697248268
1340533741282192
1340533785017641
1340533829244052
1340533873136554
1340533917288887
1340533961196943
1340534005231415
1340534048807108
1340534093270776
1340534137193061
1340534181185231
1340534225248728
1340534269325973
1340534313391826
1340534357422627
1340534401161919
1340534445281578
1340534490218672
