1340646169963325
1340646258078437
1340646351336015
1340646438171769
1340646531350725
1340646619000357
1340646710607132
1340646803653337
1340646894543441
1340646987330538
1340647078193372
1340647173438802
1340647261433635
1340647357353527
1340647447208942
1340647540278306
1340647635927246
1340647730393444
1340647824305233
1340647918853327
1340648009800737
1340648101522728
1340648189447636
1340648278020217
1340648367368233
1340648459097487
1340648552345610
1340648646721806
1340648739863266
1340648838904302
1340648936834213
1340649029726467
1340649117939235
1340649205444243
1340649294982164
1340649385593060
1340649475373450
1340649565505241
1340649660318119
1340649750182658
1340649846804637
1340649938758132
1340650034991641
1340650125330192
1340650213448607
1340650302163897
1340650389327621
1340650484265696
1340650578762944
1340650671947025
1340650761640969
1340650851246879
1340650939104593
1340651031089334
1340651121301226
1340651209517543
1340651298078334
1340651389624928
1340651483353437
1340651573477060
1340651667547549
1340651753886422
1340651843416860
1340651936476588
1340652026627320
1340652116061458
1340652209434555
1340652297512468
1340652389503213
1340652478809833
1340652569374719
1340652657423943
1340652749369936
1340652839029662
1340652933484933
1340653026919330
1340653117405016
1340653205419138
1340653293463617
1340653381373101
1340653471165078
1340653566438184
1340653657411927
1340653746624322
1340653839801317
1340653936489625
1340654025560900
1340654114288076
1340654201452480
1340654291206023
1340654385456259
1340654475039969
1340654565428049
1340654655002492
1340654747919597
1340654846247043
1340654933517309
1340655027567175
1340655120236684
1340655209482088
