1340736223194203
1340736311186430
1340736399109194
1340736487049277
1340736575111380
1340736663169131
1340736751169929
1340736843165740
1340736931089062
1340737019151940
1340737111022769
1340737206914306
1340737295366108
1340737383028797
1340737471059033
1340737559086512
1340737647084054
1340737735138931
1340737823031321
1340737911248506
1340737999039783
1340738087271094
1340738175069732
1340738263067127
1340738351042669
1340738438966997
1340738527037230
1340738615003421
1340738702993297
1340738791046485
1340738879080634
1340738967061427
1340739055150157
1340739143175661
1340739230936366
1340739319058563
1340739407010119
1340739495132703
1340739591213271
1340739683047362
1340739771038545
1340739859084866
1340739947125256
1340740035149209
1340740122911833
1340740211089952
1340740299119569
1340740388899460
1340740485473351
1340740579914341
1340740676538230
1340740773779535
1340740863077819
1340740953874751
1340741047663200
1340741143030803
1340741231058056
1340741319815091
1340741415097754
1340741503051297
1340741595155222
1340741686234525
1340741780084350
1340741877455173
1340741972150656
1340742067032535
1340742155276857
1340742243313582
1340742337578828
1340742428328018
1340742522242311
1340742615407865
1340742706330018
1340742799413378
1340742886970850
1340742979207459
1340743072654715
1340743167212703
1340743257453642
1340743347480350
1340743437521689
1340743527025938
1340743624142651
1340743715855736
1340743807126731
1340743895983289
1340743992583499
1340744084695206
1340744175110811
1340744267085977
1340744367019395
1340744456906025
1340744550979229
1340744640793969
1340744734063620
1340744825538312
1340744923896080
1340745019118092
1340745119148283
1340745207080744
