1340215051601698
1340215136616198
1340215228884974
1340215317364003
1340215404848648
1340215493298708
1340215580966088
1340215669690565
1340215757866115
1340215845804331
1340215933205838
1340216020910404
1340216113508388
1340216200601904
1340216288737635
1340216376746177
1340216464996491
1340216553884079
1340216641016506
1340216728655454
1340216817266342
1340216905270620
1340216993341687
1340217081374260
1340217168586303
1340217256935016
1340217345000792
1340217432927811
1340217521827571
1340217608765159
1340217697335753
1340217785627110
1340217877168924
1340217965000943
1340218052925122
1340218140591269
1340218228441798
1340218317089787
1340218408704067
1340218496580571
1340218585068052
1340218672625765
1340218760691982
1340218848634296
1340218936697387
1340219025178438
1340219112949206
1340219200695197
1340219288653251
1340219376614652
1340219464856171
1340219552781086
1340219640599117
1340219728826372
1340219816877326
1340219904589411
1340219992687749
1340220081603769
1340220168555839
1340220256668040
1340220344815385
1340220432687045
1340220520693821
1340220608984949
1340220696747445
1340220785466197
1340220873543668
1340220961784325
1340221048780911
1340221140675231
1340221228613198
1340221317194231
1340221404894226
1340221493436116
1340221580808008
1340221669365890
1340221756896677
1340221845614440
1340221933508744
1340222020665933
1340222109878900
1340222196676341
1340222284664309
1340222372634239
1340222460876808
1340222549598983
1340222636895901
1340222724764597
1340222816884023
1340222905391268
1340222993810707
1340223080776721
1340223168568412
1340223256679129
1340223345150014
1340223432890135
1340223520766749
1340223609453062
1340223697779192
1340223784728031
