1340691601386188
1340691689370586
1340691777503990
1340691865426751
1340691953453025
1340692041451845
1340692129516834
1340692217481364
1340692309490742
1340692397541709
1340692485498901
1340692573364403
1340692661474112
1340692749501908
1340692837426642
1340692925399020
1340693013479550
1340693101466707
1340693189322057
1340693277438699
1340693365662528
1340693453434896
1340693541370494
1340693629249226
1340693717468513
1340693805415012
1340693893436576
1340693981394989
1340694069443506
1340694157429066
1340694245470461
1340694333418508
1340694421406155
1340694509396185
1340694597322094
1340694685415406
1340694773383669
1340694861503146
1340694949407098
1340695037436619
1340695125405633
1340695213496374
1340695301404857
1340695389473306
1340695477594910
1340695565529607
1340695653382768
1340695741562758
1340695829400332
1340695917440103
1340696005349697
1340696093496658
1340696181289515
1340696269297977
1340696357412121
1340696445468881
1340696533415926
1340696621524881
1340696709425746
1340696797534373
1340696885511730
1340696973427910
1340697061503313
1340697153290351
1340697241451596
1340697329467583
1340697417545732
1340697505418638
1340697593374835
1340697681398588
1340697769476166
1340697857396669
1340697945526759
1340698033504557
1340698121358834
1340698209521974
1340698297532030
1340698389331649
1340698477370627
1340698565530767
1340698653478741
1340698741474472
1340698829387925
1340698917420312
1340699005456375
1340699093430968
1340699185009355
1340699273415925
1340699361423603
1340699449375357
1340699537498589
1340699625320911
1340699713527653
1340699801382281
1340699889565639
1340699977416709
1340700065491667
1340700157304708
1340700245510656
1340700333435476
