1340268082916209
1340268168862290
1340268257345452
1340268345413757
1340268433260708
1340268521313872
1340268609008212
1340268697418470
1340268789151321
1340268878176404
1340268965848999
1340269054877503
1340269144689475
1340269232996425
1340269320927745
1340269409279044
1340269497253619
1340269585057162
1340269674325366
1340269761255856
1340269849909858
1340269937347578
1340270025160094
1340270113244969
1340270200856061
1340270290196129
1340270376817786
1340270466391606
1340270552888689
1340270641283568
1340270729033864
1340270817352138
1340270904894056
1340270992907576
1340271081541232
1340271172965253
1340271261115224
1340271349276636
1340271437598077
1340271526164299
1340271617454826
1340271706014244
1340271795192612
1340271885128057
1340271973449842
1340272061486647
1340272148979137
1340272237543704
1340272325225352
1340272413127430
1340272501302914
1340272589038997
1340272682590799
1340272770550049
1340272863274564
1340272958621997
1340273049340399
1340273136931704
1340273224875922
1340273317473357
1340273405143539
1340273494194710
1340273582169988
1340273669072284
1340273757400884
1340273846616277
1340273939191230
1340274034982548
1340274128951079
1340274217305595
1340274305316408
1340274397005957
1340274485320835
1340274572885142
1340274661267319
1340274749379614
1340274837458932
1340274925273905
1340275013902920
1340275103040070
1340275188853162
1340275281295085
1340275369724362
1340275457272160
1340275545374395
1340275632877219
1340275721742408
1340275809493226
1340275898069155
1340275986183142
1340276073426591
1340276160885216
1340276248864941
1340276337428578
1340276425004295
1340276514044829
1340276601334676
1340276689191127
1340276778010711
1340276865026000
