1340718162597181
1340718250686916
1340718346893976
1340718434679891
1340718534435593
1340718626384243
1340718723131079
1340718819056650
1340718905958073
1340718996342270
1340719089854223
1340719177883625
1340719266027322
1340719358962749
1340719450884427
1340719545621353
1340719637855328
1340719727910210
1340719813898074
1340719902365794
1340719997962331
1340720090335324
1340720177827499
1340720266017081
1340720358002115
1340720447308052
1340720541993841
1340720634694312
1340720725963325
1340720820163586
1340720910330232
1340721005615859
1340721103401078
1340721189695153
1340721277653073
1340721366687683
1340721458940296
1340721553566607
1340721651153010
1340721750933959
1340721838591108
1340721933123421
1340722023453230
1340722119934032
1340722205954852
1340722293662436
1340722382102996
1340722475738347
1340722566155504
1340722661095167
1340722751009236
1340722839223486
1340722926166587
1340723019521814
1340723107185084
1340723193935285
1340723282980295
1340723370847493
1340723462011786
1340723554189296
1340723647982138
1340723749041351
1340723839163353
1340723937546993
1340724037095956
1340724129965996
1340724217920733
1340724308264064
1340724398592083
1340724490453386
1340724580647516
1340724677514910
1340724770928902
1340724861893669
1340724954885225
1340725045840366
1340725137912651
1340725225907278
1340725320729799
1340725410045122
1340725502931948
1340725593974040
1340725689404212
1340725782088338
1340725878016461
1340725967220369
1340726057929148
1340726149919975
1340726237877086
1340726330089229
1340726421893683
1340726509866868
1340726597938673
1340726685912251
1340726777982426
1340726866139057
1340726953950194
1340727045990769
1340727133926638
1340727221907655
