1340556724963664
1340556813170701
1340556902179840
1340556994662593
1340557082328697
1340557172843225
1340557260919291
1340557349924924
1340557436910759
1340557525841596
1340557612895365
1340557701576216
1340557790439042
1340557880997330
1340557969462989
1340558057745641
1340558148862427
1340558236910765
1340558325982015
1340558412884103
1340558501156380
1340558589640051
1340558678228303
1340558770648651
1340558866702783
1340558954401597
1340559046419975
1340559132879195
1340559220876618
1340559309673369
1340559401039872
1340559489194617
1340559578220198
1340559665518033
1340559754008353
1340559846378108
1340559934678588
1340560025478799
1340560118653036
1340560204881296
1340560294012482
1340560384963049
1340560472653864
1340560561632906
1340560650356185
1340560742657340
1340560834151322
1340560922162345
1340561013597625
1340561106690777
1340561196837514
1340561284967654
1340561372940872
1340561462231399
1340561549224869
1340561637149740
1340561725100689
1340561814601958
1340561906163075
1340561998218201
1340562086404323
1340562172871915
1340562261507848
1340562350158197
1340562437606654
1340562524836517
1340562613587231
1340562706389529
1340562798182004
1340562890190563
1340562977131621
1340563066327341
1340563156870824
1340563245511871
1340563332835096
1340563425219195
1340563513008463
1340563601144352
1340563689731508
1340563776902727
1340563865345112
1340563954359964
1340564045990275
1340564132639195
1340564220898851
1340564309762766
1340564400869144
1340564492757711
1340564584762054
1340564673340475
1340564762214949
1340564849963155
1340564942681087
1340565028800455
1340565120786329
1340565208919232
1340565301050661
1340565388814120
1340565477304432
1340565564771246
