1340429074845381
1340429165911070
1340429254119226
1340429342444786
1340429431013455
1340429519452234
1340429615250050
1340429709555821
1340429805055494
1340429895059232
1340429982040690
1340430071074573
1340430157921182
1340430246025264
1340430336251466
1340430427238490
1340430515532606
1340430602064855
1340430697195003
1340430790695836
1340430885180963
1340430981730267
1340431075152431
1340431161979884
1340431251032808
1340431338828626
1340431426263679
1340431515452418
1340431607003452
1340431695045195
1340431782909318
1340431877091510
1340431974460186
1340432068217804
1340432161984768
1340432249911714
1340432339067976
1340432425869687
1340432516783658
1340432610150494
1340432699135704
1340432790001602
1340432878023282
1340432967531315
1340433054085141
1340433142006314
1340433229981972
1340433320893917
1340433409950187
1340433499195465
1340433587010391
1340433675693979
1340433768751584
1340433858192350
1340433954500257
1340434042478562
1340434130055096
1340434217975789
1340434312320796
1340434401936078
1340434497515815
1340434596181050
1340434686151504
1340434774976868
1340434863375198
1340434954174578
1340435042920166
1340435134016967
1340435221995648
1340435311184748
1340435398176093
1340435491168894
1340435587274499
1340435683223355
1340435778525157
1340435870586664
1340435959524272
1340436047027702
1340436133961899
1340436222010050
1340436310096876
1340436405942132
1340436495687240
1340436584416700
1340436676150959
1340436773232947
1340436867799064
1340436966042985
1340437058625448
1340437146029873
1340437234112960
1340437326460849
1340437418576832
1340437507058515
1340437594675169
1340437684344307
1340437774043800
1340437862394463
1340437953343310
1340438048715699
