1340356854092454
1340356943360742
1340357030570888
1340357123059667
1340357209468750
1340357298610118
1340357385821243
1340357474282584
1340357563880883
1340357661847146
1340357751911895
1340357849702675
1340357941504603
1340358029476256
1340358121420521
1340358209826920
1340358298234009
1340358385598987
1340358474244751
1340358562141659
1340358650389515
1340358739139042
1340358831845581
1340358929719526
1340359018319180
1340359108108360
1340359197482300
1340359285641211
1340359373493201
1340359464248620
1340359553911295
1340359641539642
1340359730404472
1340359821887982
1340359909525185
1340359999165423
1340360086272852
1340360173407679
1340360261519587
1340360349633412
1340360438279939
1340360526276586
1340360614331532
1340360706430961
1340360794602484
1340360882702645
1340360970278349
1340361057558320
1340361145367826
1340361233456073
1340361321472046
1340361409440461
1340361499556811
1340361589539473
1340361677610265
1340361765874115
1340361856593635
1340361946021027
1340362033409278
1340362122705154
1340362209490022
1340362297673258
1340362386029317
1340362475173186
1340362568508122
1340362664680987
1340362759381805
1340362846364143
1340362934119813
1340363022475127
1340363109397136
1340363197451616
1340363285479630
1340363373480215
1340363465485832
1340363554230116
1340363648256601
1340363743876707
1340363840270629
1340363937169342
1340364026208524
1340364113786528
1340364201497572
1340364293583057
1340364381547051
1340364470306935
1340364558294112
1340364650019659
1340364738666457
1340364831780761
1340364928615693
1340365023872071
1340365122333498
1340365209442673
1340365298318139
1340365385799999
1340365474982044
1340365562353322
1340365653615251
1340365746112708
