1340820022288406
1340820114349643
1340820206095283
1340820294271325
1340820386248559
1340820478097279
1340820570254956
1340820662294659
1340820758182872
1340820850103033
1340820942195064
1340821034266142
1340821126025068
1340821218116759
1340821310248763
1340821402230488
1340821494215430
1340821586082664
1340821678321511
1340821770069662
1340821862167415
1340821954018186
1340822046171262
1340822142163919
1340822230153406
1340822322061672
1340822414206762
1340822506079243
1340822598289029
1340822690031953
1340822782122342
1340822874058936
1340822966054527
1340823058186284
1340823150125040
1340823242178853
1340823334070173
1340823426223860
1340823517985989
1340823610105738
1340823702032439
1340823790093462
1340823882205537
1340823970149535
1340824062258437
1340824154140692
1340824246053372
1340824338057168
1340824430292275
1340824522249634
1340824614074152
1340824706364089
1340824798178718
1340824890212586
1340824982124321
1340825074322894
1340825166145825
1340825258088112
1340825350067336
1340825442211834
1340825534106554
1340825622168626
1340825714152337
1340825806200762
1340825898346944
1340825990181941
1340826082372251
1340826174239470
1340826266133377
1340826358322760
1340826450114632
1340826542190055
1340826630242695
1340826722213275
1340826814163784
1340826906211134
1340826998101248
1340827090192150
1340827182194421
1340827274210859
1340827366250196
1340827458204455
1340827546210910
1340827638198457
1340827730141811
1340827822221261
1340827914221481
1340828006193747
1340828098209384
1340828194102647
1340828286151599
1340828378276273
1340828470114139
1340828562158877
1340828654212267
1340828746020255
1340828838109371
1340828930074522
1340829022235728
1340829114240538
