1340482941986839
1340483044058818
1340483142128594
1340483230173638
1340483322227986
1340483412607739
1340483506090038
1340483599493368
1340483692315161
1340483788618640
1340483880198183
1340483976453944
1340484067798968
1340484162065192
1340484250178883
1340484339386443
1340484428022863
1340484520158616
1340484615524288
1340484710636008
1340484810279257
1340484909822923
1340485009022966
1340485099949662
1340485190200856
1340485278280550
1340485367614437
1340485461987709
1340485560662951
1340485652677755
1340485755262923
1340485856151726
1340485954721532
1340486050080797
1340486146288332
1340486234413032
1340486324274245
1340486414921110
1340486508717491
1340486604654064
1340486703348703
1340486807950807
1340486910916825
1340487006644117
1340487102676182
1340487196091846
1340487299231921
1340487394699825
1340487486450598
1340487576351425
1340487667500845
1340487764066295
1340487864029340
1340487962629881
1340488058143349
1340488150188613
1340488238231294
1340488327591193
1340488419559891
1340488511719342
1340488609045462
1340488705602891
1340488805646258
1340488905477360
1340488997072359
1340489087271197
1340489174411730
1340489262250097
1340489351471749
1340489438611121
1340489530296312
1340489626849648
1340489714328335
1340489810161016
1340489898287232
1340489986321606
1340490074380046
1340490162989928
1340490254163265
1340490342178785
1340490438224555
1340490530145565
1340490618255079
1340490706024925
1340490794290408
1340490882295591
1340490970755089
1340491062199806
1340491150277764
1340491238075079
1340491326241172
1340491415045158
1340491503952513
1340491594251984
1340491684616174
1340491780764288
1340491876433706
1340491973735779
1340492068436212
1340492162204613
