1340482995404111
1340483095323614
1340483186162844
1340483275604652
1340483367381817
1340483459512410
1340483551714238
1340483645951680
1340483742679135
1340483835055406
1340483930139724
1340484022180924
1340484118645637
1340484206265282
1340484294173709
1340484382797883
1340484474785163
1340484570126209
1340484661326524
1340484760464070
1340484860102321
1340484959309504
1340485054542356
1340485146218030
1340485234146094
1340485323379679
1340485414845694
1340485507866855
1340485607370878
1340485703310908
1340485806001571
1340485905945415
1340486002445382
1340486096696938
1340486190110842
1340486278988107
1340486370414698
1340486460295824
1340486558004130
1340486652461536
1340486756728529
1340486859359834
1340486957218373
1340487053704975
1340487146115542
1340487248896208
1340487344192538
1340487440841925
1340487530936040
1340487622187109
1340487714564485
1340487813045539
1340487913672229
1340488008374804
1340488106140499
1340488194228606
1340488282188484
1340488370430782
1340488465428608
1340488561296922
1340488656813163
1340488755275544
1340488855331305
1340488951397707
1340489042597224
1340489130185814
1340489218215975
1340489306528227
1340489394149622
1340489483558123
1340489581160045
1340489670858811
1340489762059263
1340489854214764
1340489942580210
1340490030084122
1340490118095432
1340490210135099
1340490298170701
1340490390324473
1340490482185786
1340490574149391
1340490662151842
1340490750139963
1340490838206763
1340490926308546
1340491018555255
1340491106145891
1340491194298288
1340491282126937
1340491370243524
1340491458680541
1340491551119096
1340491638959425
1340491734121681
1340491830440202
1340491924942123
1340492021379141
1340492117952091
1340492206193740
