1340592069619172
1340592156998614
1340592244979030
1340592332998228
1340592421087599
1340592508950234
1340592596962203
1340592684879723
1340592772967418
1340592860975492
1340592948896723
1340593037089840
1340593124993141
1340593213043874
1340593301108363
1340593389074327
1340593476977099
1340593564944893
1340593653045283
1340593741059505
1340593830214444
1340593923393343
1340594013349089
1340594102765380
1340594189115968
1340594277161435
1340594366360393
1340594454071809
1340594546201013
1340594639026423
1340594729771718
1340594822663641
1340594915767436
1340595009256623
1340595099013181
1340595185080909
1340595273105147
1340595361047203
1340595450144223
1340595542018941
1340595633987154
1340595722983385
1340595815070071
1340595907326444
1340595998802118
1340596085842426
1340596176919016
1340596270223048
1340596362975847
1340596450416443
1340596540872592
1340596630279369
1340596723716850
1340596819339811
1340596911467646
1340597003163612
1340597093989787
1340597181137744
1340597269089334
1340597358278969
1340597445767594
1340597536949639
1340597626586763
1340597714560195
1340597807480659
1340597899024871
1340597991344896
1340598077260968
1340598169197952
1340598257052435
1340598345113289
1340598433088213
1340598521048358
1340598609106541
1340598698729387
1340598790746866
1340598882769468
1340598969102854
1340599057196350
1340599145130910
1340599233111415
1340599326209212
1340599417625283
1340599506681005
1340599594096995
1340599681911790
1340599775061855
1340599861146982
1340599949462750
1340600038830131
1340600129133940
1340600217501616
1340600306364418
1340600392987439
1340600481407171
1340600569331974
1340600659011960
1340600751760120
1340600844980577
1340600934006636
