1340330413268099
1340330501261438
1340330589094357
1340330677289152
1340330765305209
1340330853286444
1340330941267325
1340331030185279
1340331117256942
1340331205157210
1340331293223351
1340331381421444
1340331469247909
1340331557411211
1340331645325268
1340331733199515
1340331821192875
1340331909289991
1340331997340639
1340332085277482
1340332173299703
1340332261312309
1340332349180413
1340332437219837
1340332525142304
1340332613096623
1340332701118429
1340332789307144
1340332877517436
1340332965268646
1340333053291800
1340333141288944
1340333229265291
1340333317247637
1340333405283754
1340333493315164
1340333581205144
1340333669230423
1340333757135475
1340333845361143
1340333933227299
1340334021229901
1340334109053439
1340334197333915
1340334285313612
1340334373312886
1340334461308838
1340334549302914
1340334637056143
1340334725215370
1340334813188752
1340334901135188
1340334989182412
1340335077245401
1340335165311834
1340335253275981
1340335341395780
1340335429236745
1340335517212966
1340335605221935
1340335693340133
1340335781263731
1340335869342216
1340335957158413
1340336045239000
1340336133260876
1340336221168790
1340336309225274
1340336397279436
1340336485295388
1340336573300323
1340336661256979
1340336749607254
1340336837371508
1340336925429249
1340337013291234
1340337101193096
1340337189274177
1340337277116767
1340337365267292
1340337453236146
1340337541264361
1340337629296395
1340337717204923
1340337805211207
1340337893291838
1340337981144550
1340338069213316
1340338157118421
1340338245397235
1340338333199940
1340338421318939
1340338509228915
1340338597173460
1340338685190386
1340338773328997
1340338861367830
1340338949388704
1340339037315490
1340339125269900
