1340547885060322
1340547974449501
1340548062691734
1340548149016674
1340548237036803
1340548325046711
1340548413878934
1340548505356654
1340548599221676
1340548686786904
1340548773034091
1340548866240661
1340548954894424
1340549040973148
1340549133062087
1340549221037012
1340549309088250
1340549397018285
1340549485862962
1340549573510558
1340549662696174
1340549749522568
1340549839229545
1340549929050873
1340550017299463
1340550105422172
1340550193021962
1340550282845553
1340550369713194
1340550456990792
1340550545085852
1340550638321003
1340550727229047
1340550823612295
1340550913032127
1340551001216039
1340551089373175
1340551177029715
1340551265058539
1340551353533142
1340551442293860
1340551529308134
1340551617116612
1340551706975983
1340551795537644
1340551885211485
1340551974009440
1340552063261818
1340552149047830
1340552237034419
1340552325493534
1340552413477185
1340552501251189
1340552590248590
1340552678422664
1340552769050502
1340552858197578
1340552947203209
1340553038925279
1340553129079669
1340553217050091
1340553305864130
1340553393558427
1340553482029390
1340553569762876
1340553657835329
1340553749946419
1340553839312007
1340553929526473
1340554017994991
1340554107206330
1340554197119570
1340554285045250
1340554372966573
1340554462070797
1340554551020427
1340554639111315
1340554727185926
1340554818508841
1340554906917062
1340554994915631
1340555082912192
1340555169054384
1340555261400341
1340555350930259
1340555437826285
1340555525665686
1340555613132172
1340555703051744
1340555790500564
1340555879232532
1340555967249286
1340556059292123
1340556149021667
1340556237050323
1340556325506756
1340556413177644
1340556501145130
1340556590523890
1340556678904911
