1340682619989702
1340682710269078
1340682798535648
1340682892125715
1340682982695551
1340683073615188
1340683161654647
1340683254535007
1340683342316928
1340683430480110
1340683517850133
1340683609722996
1340683698031609
1340683787723816
1340683877561418
1340683966465686
1340684058822260
1340684145578234
1340684233644945
1340684325679422
1340684414361807
1340684508668406
1340684597543220
1340684685849188
1340684773911458
1340684869203407
1340684964070624
1340685053707434
1340685141568007
1340685229768173
1340685322652090
1340685413929700
1340685507504766
1340685593599945
1340685681599289
1340685770492572
1340685858930448
1340685949632840
1340686038056898
1340686125580768
1340686213670244
1340686302239254
1340686393722051
1340686481590779
1340686569542362
1340686657604917
1340686750507694
1340686837649983
1340686925535083
1340687013665943
1340687101552221
1340687189562985
1340687277615082
1340687365498384
1340687453686206
1340687545555296
1340687633686155
1340687725548737
1340687813750460
1340687901592965
1340687989682250
1340688077552780
1340688165666175
1340688253846856
1340688341653618
1340688429637562
1340688517660048
1340688605561315
1340688693657181
1340688781645468
1340688869651362
1340688957636507
1340689045628088
1340689133544134
1340689225494293
1340689313568425
1340689401813393
1340689489652677
1340689577667803
1340689665589482
1340689753676228
1340689841510325
1340689929551817
1340690017614872
1340690105663475
1340690193577908
1340690281573928
1340690369654042
1340690457568650
1340690545627612
1340690633630049
1340690721569219
1340690809671699
1340690897541039
1340690985540009
1340691073544950
1340691161515974
1340691249597485
1340691337690296
1340691425711148
