1340754680432751
1340754782297475
1340754874613098
1340754965981993
1340755060982495
1340755157831826
1340755246985076
1340755338295784
1340755431384573
1340755526155164
1340755618952196
1340755710480277
1340755801979065
1340755902558469
1340755995272810
1340756090835991
1340756181639184
1340756269884211
1340756365625449
1340756454993881
1340756554345956
1340756642549211
1340756741591050
1340756829988313
1340756922898754
1340757011580877
1340757112958955
1340757201882019
1340757289830987
1340757378418510
1340757472728288
1340757563197884
1340757659020495
1340757751450783
1340757851053487
1340757943345294
1340758038885524
1340758129905697
1340758218238270
1340758313425399
1340758410056024
1340758497918151
1340758593923939
1340758688081309
1340758786559288
1340758885695337
1340758975163746
1340759068401183
1340759161915188
1340759249897533
1340759346596821
1340759439306268
1340759530521071
1340759628104646
1340759718099143
1340759812616975
1340759907681757
1340760000124149
1340760089896871
1340760177808900
1340760266961146
1340760364326926
1340760455002081
1340760549161221
1340760644186047
1340760744151481
1340760840459575
1340760933932192
1340761022820452
1340761118033906
1340761205848780
1340761297810156
1340761390615040
1340761478193202
1340761571130162
1340761665792189
1340761760679460
1340761863285629
1340761960688244
1340762054244241
1340762145951489
1340762233839865
1340762328389983
1340762418253229
1340762512655130
1340762603122200
1340762697635301
1340762790284842
1340762885310154
1340762975163131
1340763063844740
1340763153889235
1340763241858164
1340763330950117
1340763422959875
1340763510118820
1340763603351765
1340763691789553
1340763793344664
1340763882909782
