1340492250381821
1340492341389817
1340492432552055
1340492530285050
1340492626223065
1340492714214901
1340492806282865
1340492894462947
1340492985141460
1340493081853251
1340493174280671
1340493263526552
1340493351645549
1340493439646727
1340493530591967
1340493626275979
1340493723623590
1340493821860579
1340493919485981
1340494018305160
1340494115564615
1340494206261615
1340494298781484
1340494386636147
1340494480856530
1340494576844076
1340494670855874
1340494758230343
1340494848374259
1340494947627342
1340495047184200
1340495142226621
1340495230246604
1340495320621694
1340495410588683
1340495499399583
1340495588839133
1340495688464515
1340495790941766
1340495885097771
1340495985351969
1340496081832274
1340496174267780
1340496262275809
1340496350164982
1340496438185734
1340496529746831
1340496630951570
1340496725072723
1340496822276136
1340496919606002
1340497021764791
1340497122037764
1340497210287119
1340497298259184
1340497386302129
1340497479786394
1340497571926717
1340497672613461
1340497762561752
1340497856889711
1340497949346571
1340498044166856
1340498138219542
1340498226263946
1340498315575688
1340498410436897
1340498505480289
1340498605271596
1340498703636240
1340498804540987
1340498901186610
1340498996681476
1340499095625762
1340499186301167
1340499276871090
1340499372675961
1340499463466732
1340499555797661
1340499654824747
1340499750267036
1340499845806072
1340499941933458
1340500037441210
1340500131230237
1340500218234643
1340500309167030
1340500402528971
1340500492956507
1340500588800445
1340500685402745
1340500782835453
1340500877603519
1340500974494981
1340501069905409
1340501166230533
1340501254239122
1340501345171789
1340501435313626
1340501528464816
