1340392725270640
1340392814871999
1340392907291095
1340393000229492
1340393097416354
1340393185703571
1340393276638748
1340393365788919
1340393454726315
1340393543787766
1340393633669852
1340393723696365
1340393813705056
1340393901951314
1340393990667580
1340394077812961
1340394165671868
1340394253951071
1340394341862246
1340394429934954
1340394517770897
1340394609610334
1340394697697169
1340394786159920
1340394878060015
1340394967515272
1340395059193272
1340395145767582
1340395233707759
1340395321818687
1340395409717674
1340395497641158
1340395596938218
1340395690632581
1340395785425418
1340395881385135
1340395976989181
1340396073067629
1340396165556624
1340396253688213
1340396342640062
1340396430903407
1340396523926970
1340396619507494
1340396710452622
1340396804265289
1340396900200441
1340396997986879
1340397092921233
1340397181648152
1340397269688652
1340397364620818
1340397454890882
1340397548967648
1340397645007353
1340397738642007
1340397833416157
1340397932842149
1340398026188071
1340398116571654
1340398205698945
1340398293623915
1340398381656360
1340398470911461
1340398565142228
1340398660486896
1340398754698206
1340398849466620
1340398944993019
1340399039945402
1340399137707099
1340399225637209
1340399318552597
1340399410919651
1340399499767342
1340399598029104
1340399693308340
1340399783463711
1340399877500114
1340399971463758
1340400061488424
1340400153739415
1340400241671433
1340400331205915
1340400417770548
1340400508618266
1340400603532041
1340400699688783
1340400789733168
1340400879726326
1340400976920893
1340401073835969
1340401161550530
1340401250689110
1340401345278606
1340401434005572
1340401522260608
1340401612930708
1340401708477091
1340401801477852
