1340529859380526
1340529859801993
1340529860144353
1340529860524668
1340529860862519
1340529861182602
1340529861484994
1340529861825089
1340529862130872
1340529862438305
1340529862741196
1340529863080957
1340529863511857
1340529863869914
1340529864167941
1340529864439173
1340529864700343
1340529864954889
1340529865246212
1340529865518518
1340529865796222
1340529866066552
1340529866337018
1340529866628296
1340529866933073
1340529867212372
1340529867492734
1340529867767942
1340529868051262
1340529868324663
1340529868596756
1340529868898576
1340529870794903
1340529871181148
1340529871549278
1340529871870828
1340529872137572
1340529872389041
1340529872637819
1340529872919610
1340529873167430
1340529873416155
1340529873664394
1340529873919371
1340529874170547
1340529874418239
1340529874665623
1340529874953278
1340529875356965
1340529875702385
1340529875969165
1340529876259070
1340529876520351
1340529876810480
1340529877093466
1340529877336140
1340529877578347
1340529877854057
1340529878096322
1340529878340550
1340529878587022
1340529878845684
1340529879161797
1340529879421770
1340529879710907
1340529879993293
1340529880256645
1340529880516244
1340529880803101
1340529881044898
1340529881378811
1340529881674384
1340529881956015
1340529882233184
1340529882544755
1340529882823028
1340529883103627
1340529883384729
1340529883658590
1340529883933945
1340529884283503
1340529884549813
1340529884869933
1340529885136907
1340529885508990
1340529885820644
1340529886132583
1340529886416558
1340529886694774
1340529886946563
1340529887221587
1340529887615019
1340529887899252
1340529888237506
1340529888575280
1340529888916483
1340529889230928
1340529889517891
1340529889808528
1340529890086905
