1340829206229657
1340829298154650
1340829390460039
1340829482131318
1340829574396524
1340829666138819
1340829758313000
1340829850142386
1340829942278595
1340830034218827
1340830126281475
1340830218267258
1340830310279991
1340830402229141
1340830494305515
1340830586131696
1340830678231753
1340830770103869
1340830862242324
1340830954148060
1340831046255029
1340831138247751
1340831230371084
1340831322272670
1340831414208568
1340831506363788
1340831598176585
1340831690033087
1340831782295468
1340831874159113
1340831966272694
1340832058177808
1340832150262445
1340832242189048
1340832334206171
1340832426200245
1340832518148085
1340832610110674
1340832702187881
1340832794157904
1340832886120440
1340832978133543
1340833070142828
1340833162234815
1340833254219435
1340833346131635
1340833438083454
1340833530059685
1340833622173792
1340833714113192
1340833806198980
1340833898287383
1340833990294247
1340834083778208
1340834178455342
1340834270395264
1340834363665870
1340834458412089
1340834553610405
1340834655359971
1340834751823816
1340834850687239
1340834949481273
1340835044627168
1340835146261566
1340835242884972
1340835341870329
1340835440309464
1340835542309499
1340835637958361
1340835734644679
1340835829332282
1340835927028342
1340836026893116
1340836122355206
1340836214281523
1340836307446300
1340836403704939
1340836499780383
1340836599684485
1340836695378941
1340836791895353
1340836888842053
1340836986380370
1340837090359035
1340837182305258
1340837274273552
1340837366398863
1340837461868768
1340837562614856
1340837656765693
1340837750344774
1340837847279342
1340837943424252
1340838042227696
1340838134305620
1340838226318066
1340838319690865
1340838419888464
1340838516611337
