1340534537348397
1340534582600015
1340534627742177
1340534675300152
1340534720031004
1340534767426776
1340534813378372
1340534857396032
1340534901419560
1340534945476293
1340534989382576
1340535033714812
1340535077645601
1340535121409595
1340535165376625
1340535209352770
1340535253326696
1340535297301408
1340535345933360
1340535389410052
1340535433437509
1340535477830200
1340535522000414
1340535565369262
1340535610505304
1340535653941547
1340535697081044
1340535742482582
1340535788119550
1340535836348687
1340535883248824
1340535927623358
1340535974843059
1340536019389086
1340536065564389
1340536109964199
1340536153337680
1340536197373304
1340536241347899
1340536285297764
1340536329306964
1340536373227085
1340536418460388
1340536463887936
1340536509330218
1340536554229393
1340536599181889
1340536641899737
1340536687833978
1340536733329859
1340536778039660
1340536822700696
1340536867831386
1340536913433394
1340536958225602
1340537007568078
1340537049957565
1340537093077242
1340537137384282
1340537181346704
1340537225319899
1340537270676794
1340537316297889
1340537364554979
1340537409743046
1340537454538209
1340537498995301
1340537543864043
1340537589990117
1340537633627767
1340537678465276
1340537723416869
1340537770380959
1340537813841899
1340537857736350
1340537901366798
1340537945758888
1340537990113363
1340538034242185
1340538077156122
1340538121326589
1340538165293140
1340538209419000
1340538253337906
1340538297587130
1340538342889616
1340538385676860
1340538430159941
1340538474779502
1340538519529789
1340538567907554
1340538614793434
1340538659723541
1340538708189454
1340538756596136
1340538804711395
1340538851572273
1340538900136466
1340538947776882
1340538996536297
