1340529859617343
1340529859973813
1340529860333442
1340529860707145
1340529861021968
1340529861339115
1340529861670150
1340529861985851
1340529862275096
1340529862591605
1340529862913528
1340529863290549
1340529863724136
1340529864021722
1340529864302728
1340529864567202
1340529864825950
1340529865108963
1340529865376982
1340529865661333
1340529865934579
1340529866205520
1340529866494361
1340529866772285
1340529867075999
1340529867355319
1340529867635062
1340529867908222
1340529868191910
1340529868462617
1340529868739280
1340529870542770
1340529871010602
1340529871387430
1340529871726742
1340529872010663
1340529872267197
1340529872516912
1340529872796561
1340529873046986
1340529873295456
1340529873543332
1340529873798500
1340529874048060
1340529874296802
1340529874545291
1340529874795597
1340529875144296
1340529875537635
1340529875833225
1340529876122682
1340529876393240
1340529876668032
1340529876958067
1340529877218275
1340529877460651
1340529877733856
1340529877977221
1340529878220455
1340529878464554
1340529878718508
1340529878976361
1340529879294840
1340529879568782
1340529879858019
1340529880130220
1340529880384252
1340529880668139
1340529880927149
1340529881200031
1340529881538385
1340529881820622
1340529882100418
1340529882397137
1340529882684126
1340529882960482
1340529883247614
1340529883523265
1340529883798905
1340529884116170
1340529884419947
1340529884718332
1340529885005730
1340529885271843
1340529885674403
1340529885987918
1340529886283396
1340529886568318
1340529886823260
1340529887076197
1340529887390006
1340529887763949
1340529888067185
1340529888409029
1340529888771866
1340529889064395
1340529889383696
1340529889670334
1340529889950629
1340529890234859
