1340782723580898
1340782816052745
1340782913519430
1340783009633715
1340783112033308
1340783203573008
1340783303203677
1340783391536471
1340783491213235
1340783582789116
1340783678914014
1340783772442320
1340783867591022
1340783964848417
1340784059602796
1340784147536342
1340784235615398
1340784323671111
1340784416464457
1340784514190526
1340784612423414
1340784712640482
1340784807993761
1340784907591805
1340785001130880
1340785102333719
1340785191535463
1340785289133001
1340785380447708
1340785475475650
1340785569817925
1340785665622589
1340785759562539
1340785855682266
1340785950245131
1340786044389658
1340786135480916
1340786223653059
1340786318383157
1340786411614592
1340786501529094
1340786591360854
1340786688719476
1340786784052617
1340786885687694
1340786980098189
1340787075630045
1340787167422023
1340787255387793
1340787343724417
1340787435747403
1340787529702080
1340787627324844
1340787715598073
1340787810616299
1340787902302943
1340788005919626
1340788099408755
1340788187678396
1340788280366102
1340788376363232
1340788469253576
1340788564327058
1340788661289358
1340788751715463
1340788851049335
1340788944870129
1340789047768274
1340789139520171
1340789227603386
1340789319420371
1340789407557440
1340789501324969
1340789596829373
1340789687929978
1340789794159538
1340789891041406
1340789982606504
1340790077257049
1340790171559833
1340790259583553
1340790347594006
1340790438978657
1340790531067970
1340790624841073
1340790724482958
1340790822348888
1340790911571531
1340791012143332
1340791103866637
1340791195447517
1340791284587320
1340791380291874
1340791471991970
1340791568303260
1340791664742479
1340791767014002
1340791855621581
1340791955244843
1340792049861068
