1340321549920120
1340321644310527
1340321740264035
1340321831470489
1340321921895862
1340322010021160
1340322098185299
1340322185218990
1340322274323319
1340322361368237
1340322449138109
1340322537898590
1340322625458782
1340322717386583
1340322807516402
1340322904663872
1340322995502008
1340323087496782
1340323177193010
1340323265204945
1340323353296412
1340323442792086
1340323529241510
1340323621818707
1340323710622743
1340323798126005
1340323885795259
1340323973171031
1340324063503378
1340324153052645
1340324241323751
1340324329172829
1340324417273036
1340324505059480
1340324597851221
1340324689302901
1340324777225609
1340324865822902
1340324953739927
1340325042101923
1340325129277577
1340325217338939
1340325306174003
1340325393349101
1340325483119226
1340325569815314
1340325657272550
1340325745097507
1340325833873924
1340325921915934
1340326009221643
1340326097225014
1340326185020877
1340326273223718
1340326361789132
1340326449142790
1340326537095983
1340326625161819
1340326713069655
1340326801135716
1340326889205234
1340326977241717
1340327065241365
1340327153270538
1340327241179829
1340327329264701
1340327417160114
1340327505229380
1340327593188606
1340327681162027
1340327769131870
1340327857287084
1340327945261886
1340328033262972
1340328125184553
1340328213328312
1340328301255358
1340328389254530
1340328477250756
1340328565033951
1340328653224844
1340328741179634
1340328829188850
1340328917159501
1340329005080516
1340329093159821
1340329181290811
1340329269325684
1340329357193074
1340329445174790
1340329533216715
1340329621144524
1340329709164515
1340329797292578
1340329885238875
1340329973169797
1340330061142201
1340330149211635
1340330237160245
1340330325146157
