1340727397564467
1340727485729172
1340727573807632
1340727661720459
1340727753724635
1340727845741589
1340727933698331
1340728021670402
1340728109665957
1340728197634159
1340728285784806
1340728373715635
1340728461787292
1340728549741605
1340728637644285
1340728725764048
1340728813761634
1340728901604101
1340728989684896
1340729077715463
1340729169534847
1340729257734971
1340729345573768
1340729437664051
1340729530958905
1340729618713933
1340729705732334
1340729793700920
1340729881702041
1340729969682732
1340730057731336
1340730145518961
1340730233783513
1340730321747499
1340730409817976
1340730497722032
1340730585749805
1340730673659899
1340730761784602
1340730849701715
1340730937728490
1340731025741814
1340731125782441
1340731213568321
1340731302780877
1340731389727497
1340731477726608
1340731565743952
1340731653615872
1340731741651201
1340731829611686
1340731917807807
1340732005645316
1340732093721316
1340732181716278
1340732269820584
1340732361549666
1340732449729342
1340732541747976
1340732633710818
1340732721727636
1340732809683171
1340732897775960
1340732985730505
1340733073681255
1340733165547195
1340733257598742
1340733345765794
1340733433716602
1340733521717641
1340733609699443
1340733697863643
1340733785680889
1340733873702331
1340733961784310
1340734049803323
1340734141614773
1340734229601105
1340734317728748
1340734405718685
1340734493740155
1340734581736021
1340734673551971
1340734761768662
1340734849790709
1340734937708158
1340735025689028
1340735113758978
1340735201490806
1340735289770816
1340735381730077
1340735469819783
1340735563397948
1340735649674484
1340735737784766
1340735825723598
1340735913751058
1340736001619005
1340736089798931
1340736177552221
