1340691514084837
1340691601449119
1340691689436736
1340691777563753
1340691865494272
1340691953519733
1340692041518197
1340692129555166
1340692217538939
1340692309564290
1340692397599013
1340692485545236
1340692573431707
1340692661541142
1340692749569547
1340692837477057
1340692925454850
1340693013527432
1340693101532951
1340693189363172
1340693277487686
1340693365713725
1340693453505167
1340693541434987
1340693629318443
1340693717526187
1340693805481532
1340693893512326
1340693981460888
1340694069509985
1340694157479272
1340694245520575
1340694333476055
1340694421472496
1340694509462595
1340694597390306
1340694685472425
1340694773439360
1340694861571219
1340694949473987
1340695037503314
1340695125452566
1340695213544450
1340695301452529
1340695389513065
1340695477642712
1340695565597875
1340695653438299
1340695741616755
1340695829465299
1340695917506661
1340696005415891
1340696093543893
1340696181327428
1340696269346097
1340696357478337
1340696445534986
1340696533482598
1340696621605844
1340696709492737
1340696797583527
1340696885577864
1340696973482378
1340697061546899
1340697153339222
1340697241499509
1340697329538539
1340697417603026
1340697505474094
1340697593443504
1340697681445239
1340697769541902
1340697857452782
1340697945593118
1340698033562419
1340698121398112
1340698209571468
1340698297580250
1340698389371473
1340698477440879
1340698565598705
1340698653545595
1340698741539728
1340698829436594
1340698917486890
1340699005514157
1340699093477753
1340699185057724
1340699273481987
1340699361472728
1340699449441846
1340699537575276
1340699625381172
1340699713594013
1340699801448219
1340699889632953
1340699977483512
1340700065558128
1340700157361803
1340700245570713
