1340682619722488
1340682710061083
1340682798320240
1340682891747175
1340682982458612
1340683073446788
1340683161475315
1340683254306976
1340683342125484
1340683430252927
1340683517701076
1340683609544217
1340683697835730
1340683787385771
1340683877419202
1340683966250328
1340684058574420
1340684145435038
1340684233502123
1340684325535838
1340684414155715
1340684508241452
1340684597400893
1340684685659228
1340684773752117
1340684868734514
1340684963693369
1340685053531394
1340685141428102
1340685229614595
1340685322425612
1340685413774273
1340685507184233
1340685593425085
1340685681455546
1340685770273762
1340685858667094
1340685949472690
1340686037913927
1340686125440066
1340686213483409
1340686302047298
1340686393579462
1340686481424621
1340686569384266
1340686657462619
1340686750291645
1340686837499272
1340686925386285
1340687013523143
1340687101384734
1340687189419666
1340687277471931
1340687365355187
1340687453544939
1340687545397351
1340687633551036
1340687725408918
1340687813567669
1340687901427332
1340687989522007
1340688077396335
1340688165522892
1340688253687762
1340688341492771
1340688429502565
1340688517499593
1340688605403660
1340688693495951
1340688781485267
1340688869481987
1340688957468410
1340689045485313
1340689133413337
1340689225352022
1340689313410819
1340689401671038
1340689489491527
1340689577525273
1340689665423351
1340689753531108
1340689841371803
1340689929386058
1340690017446186
1340690105521566
1340690193438212
1340690281407330
1340690369512121
1340690457410646
1340690545459169
1340690633471981
1340690721410527
1340690809511827
1340690897383533
1340690985374467
1340691073377790
1340691161377474
1340691249457523
1340691337531402
1340691425550544
