1340501626496171
1340501714352652
1340501808250643
1340501907694158
1340502003462102
1340502098339968
1340502186314738
1340502275686697
1340502370405864
1340502462377650
1340502557260009
1340502646409572
1340502736224526
1340502826395270
1340502918325066
1340503016221124
1340503113632538
1340503202310943
1340503290289596
1340503383432183
1340503471203825
1340503564785100
1340503658320938
1340503750205100
1340503838304985
1340503930390002
1340504021530841
1340504118497089
1340504206308150
1340504294260209
1340504382427479
1340504477060136
1340504574632953
1340504669871359
1340504769992596
1340504870982522
1340504969216239
1340505064880952
1340505162300138
1340505253966459
1340505349435429
1340505440123204
1340505534267808
1340505622626039
1340505718504260
1340505815732434
1340505915749647
1340506012101043
1340506106620406
1340506194569282
1340506289368813
1340506382338833
1340506476793714
1340506574325977
1340506663229327
1340506759697536
1340506860468885
1340506955017788
1340507045430606
1340507138279811
1340507226316995
1340507322969533
1340507414543343
1340507505498411
1340507595472233
1340507689987007
1340507791771197
1340507892930485
1340507989456805
1340508086968801
1340508174277879
1340508265566184
1340508363016191
1340508452486696
1340508551608718
1340508648040252
1340508751712869
1340508851384634
1340508950402936
1340509047500549
1340509142239722
1340509230270788
1340509326958493
1340509419364474
1340509514508493
1340509603784408
1340509701236558
1340509801333192
1340509897146630
1340509998922845
1340510092671419
1340510182644548
1340510279076575
1340510372591326
1340510466068174
1340510561581348
1340510655638855
1340510756495994
1340510854627020
1340510950053925
