1340420092302246
1340420181842134
1340420269954907
1340420359044297
1340420446792510
1340420534312653
1340420625922662
1340420716706293
1340420810647741
1340420898636661
1340420986022631
1340421076380735
1340421165843580
1340421255061206
1340421349574372
1340421438016533
1340421525917319
1340421614688195
1340421701911128
1340421792966555
1340421887457465
1340421977878942
1340422066813896
1340422153768363
1340422242911364
1340422339877244
1340422431334462
1340422526345657
1340422621128033
1340422714098704
1340422802793492
1340422890868924
1340422985442835
1340423075780997
1340423169722975
1340423257886124
1340423349895987
1340423438372617
1340423528617121
1340423625838425
1340423721449991
1340423817451222
1340423906391209
1340423995779429
1340424086364019
1340424173740780
1340424261904207
1340424357925336
1340424445855990
1340424535197907
1340424622919136
1340424718053173
1340424812715486
1340424909093861
1340425005331229
1340425094803983
1340425181663315
1340425269899182
1340425360047307
1340425450686069
1340425539715973
1340425630787537
1340425717954050
1340425805839028
1340425893921497
1340425984302230
1340426081860302
1340426169711442
1340426257866227
1340426346094774
1340426434693106
1340426524390560
1340426618797967
1340426709050248
1340426802271711
1340426890581362
1340426978854518
1340427068382572
1340427161805501
1340427254880712
1340427349034128
1340427438603246
1340427527844249
1340427619068324
1340427706139965
1340427801949885
1340427890832877
1340427984725899
1340428074650407
1340428161970804
1340428253949567
1340428345452432
1340428433903012
1340428525023768
1340428619700461
1340428712318875
1340428803033138
1340428893830628
1340428984032156
1340429073898175
