1340829115345076
1340829206535557
1340829298556092
1340829390766719
1340829482496423
1340829574698955
1340829666519031
1340829758672195
1340829850518190
1340829942584651
1340830034598706
1340830126573776
1340830218568827
1340830310584182
1340830402622803
1340830494687288
1340830586486936
1340830678590457
1340830770438163
1340830862574223
1340830954511378
1340831046639122
1340831138654418
1340831230685227
1340831322657089
1340831414567526
1340831506700162
1340831598550864
1340831690412469
1340831782681271
1340831874608879
1340831966658171
1340832058559825
1340832150564186
1340832242488705
1340832334586887
1340832426558497
1340832518529608
1340832610463373
1340832702507258
1340832794519042
1340832886500602
1340832978497264
1340833070526792
1340833162533612
1340833254520624
1340833346512327
1340833438472022
1340833530440791
1340833622558209
1340833714493551
1340833806582036
1340833898673253
1340833990658364
1340834084277848
1340834178757254
1340834270696930
1340834364178717
1340834458785074
1340834554364359
1340834655786349
1340834752315953
1340834850997841
1340834950209859
1340835045225758
1340835146620131
1340835243250838
1340835342650256
1340835440874763
1340835542703254
1340835638739834
1340835734969429
1340835830113757
1340835927393706
1340836027812994
1340836122647769
1340836214668231
1340836307887664
1340836404227071
1340836500286964
1340836600169317
1340836695838181
1340836792418485
1340836889477173
1340836986737244
1340837091201976
1340837182633428
1340837274625098
1340837366714483
1340837462649038
1340837562926507
1340837657400730
1340837750706441
1340837848308066
1340837943870443
1340838043074924
1340838134709475
1340838226676140
1340838320183830
1340838420437201
