1340619110543530
1340619197819720
1340619285806702
1340619373849177
1340619464581521
1340619558621692
1340619650673870
1340619740663227
1340619839213813
1340619928539115
1340620024020778
1340620121839647
1340620209851836
1340620299768453
1340620389874438
1340620480597542
1340620570844849
1340620661998005
1340620749895381
1340620839426676
1340620929428674
1340621019482870
1340621110697670
1340621197859237
1340621287993963
1340621377890368
1340621469057530
1340621562729595
1340621653504553
1340621743430838
1340621833878814
1340621930260401
1340622021869517
1340622111962229
1340622201817492
1340622289803687
1340622377860231
1340622467083948
1340622555071919
1340622648057030
1340622747384532
1340622840700756
1340622934586800
1340623029040119
1340623120509149
1340623209846456
1340623300487193
1340623390069315
1340623479973241
1340623572190268
1340623664037007
1340623755784350
1340623848259057
1340623941443953
1340624033810572
1340624127827288
1340624217905683
1340624305955434
1340624393890234
1340624481826139
1340624569929017
1340624665642556
1340624757979164
1340624845815020
1340624933815988
1340625024350513
1340625121301338
1340625209766328
1340625297832338
1340625386010189
1340625476285683
1340625566210865
1340625653671123
1340625741896300
1340625830835306
1340625922006781
1340626016686661
1340626109858038
1340626197872040
1340626287830617
1340626377846372
1340626468563216
1340626557756816
1340626649284581
1340626740075792
1340626834563033
1340626925203466
1340627014958336
1340627105814678
1340627194028451
1340627284997810
1340627373911077
1340627464523172
1340627557715750
1340627649380997
1340627739013619
1340627830169949
1340627925578174
1340628018400221
1340628110829524
