1340232704368832
1340232793458480
1340232881001379
1340232969465402
1340233057605687
1340233144797459
1340233232792522
1340233320731685
1340233408951562
1340233497946315
1340233586403884
1340233674143858
1340233762363381
1340233848739943
1340233936642661
1340234026884131
1340234114155713
1340234200905842
1340234292782262
1340234380965027
1340234468990492
1340234556779238
1340234645701779
1340234733178795
1340234822174866
1340234908924183
1340234997303779
1340235086140941
1340235175464684
1340235264641842
1340235356743837
1340235444979336
1340235533604915
1340235621464504
1340235709128079
1340235797112569
1340235885205479
1340235972898677
1340236061656352
1340236148706342
1340236236731011
1340236324866497
1340236412795148
1340236501147276
1340236588982085
1340236677737561
1340236764912477
1340236852706839
1340236945324838
1340237036972654
1340237128732309
1340237216712700
1340237305106307
1340237392879226
1340237481752542
1340237568890411
1340237656878971
1340237745331519
1340237833457546
1340237921423266
1340238008925493
1340238097250838
1340238184808135
1340238272851382
1340238361328423
1340238449387253
1340238537987533
1340238626444243
1340238714176346
1340238801397740
1340238889121933
1340238976895068
1340239065006597
1340239152707928
1340239240628694
1340239328889139
1340239417320549
1340239504978285
1340239593274068
1340239680861048
1340239769182366
1340239858435684
1340239946364870
1340240032758854
1340240124644412
1340240212688196
1340240300714360
1340240388816854
1340240477034963
1340240565633876
1340240654168585
1340240740928919
1340240829024756
1340240917774150
1340241006533566
1340241097146954
1340241184592868
1340241272795003
1340241365102426
1340241453322599
