1340420000888352
1340420092334434
1340420181850724
1340420269966366
1340420359058961
1340420446805525
1340420534321832
1340420625930423
1340420716728369
1340420810660560
1340420898649116
1340420986032069
1340421076402770
1340421165858286
1340421255078772
1340421349600813
1340421438026149
1340421525925536
1340421614701457
1340421701919793
1340421792994791
1340421887475144
1340421977887124
1340422066826572
1340422153776059
1340422242923661
1340422339895946
1340422431352908
1340422526378750
1340422621158943
1340422714110540
1340422802809478
1340422890882149
1340422985467510
1340423075801579
1340423169731593
1340423257894895
1340423349904495
1340423438383509
1340423528638271
1340423625865227
1340423721475357
1340423817474388
1340423906400735
1340423995796936
1340424086374824
1340424173752104
1340424261912302
1340424357959538
1340424445864382
1340424535214374
1340424622932625
1340424718076961
1340424812750376
1340424909118390
1340425005353036
1340425094817461
1340425181671844
1340425269907204
1340425360062151
1340425450697769
1340425539738063
1340425630800745
1340425717962592
1340425805854452
1340425893932301
1340425984330939
1340426081885029
1340426169720614
1340426257875201
1340426346104558
1340426434706175
1340426524413778
1340426618814152
1340426709076451
1340426802281231
1340426890592718
1340426978866926
1340427068402849
1340427161814311
1340427254889671
1340427349061119
1340427438618575
1340427527861834
1340427619082508
1340427706151531
1340427801977412
1340427890845688
1340427984748602
1340428074662864
1340428161980821
1340428253957863
1340428345474938
1340428433910884
1340428525048243
1340428619718934
1340428712339773
1340428803049016
1340428893839493
1340428984056389
