1340601029242716
1340601121105439
1340601209015238
1340601298724072
1340601389122914
1340601477786172
1340601570290118
1340601661203528
1340601750834215
1340601842817126
1340601934323215
1340602026532245
1340602118121993
1340602212561047
1340602302222516
1340602393059766
1340602482688785
1340602574074631
1340602666944383
1340602753293163
1340602842739912
1340602934420753
1340603026008482
1340603123227633
1340603208971604
1340603297134136
1340603386027068
1340603479669460
1340603569099576
1340603657414800
1340603750983308
1340603842761036
1340603934192505
1340604026941725
1340604119585940
1340604209052412
1340604297106525
1340604385017878
1340604474716214
1340604566155268
1340604658720515
1340604750985189
1340604843637889
1340604938318553
1340605030481550
1340605122601544
1340605208963938
1340605297099093
1340605385041419
1340605478306786
1340605570129123
1340605661001190
1340605750973075
1340605843670170
1340605937844169
1340606025474279
1340606113071239
1340606200923503
1340606288834045
1340606385553303
1340606476927498
1340606565019458
1340606653495131
1340606746419978
1340606839162296
1340606929529218
1340607020886775
1340607109100521
1340607197240317
1340607285110998
1340607373191248
1340607462178160
1340607553879646
1340607642455533
1340607729980667
1340607822685882
1340607913914928
1340608006891513
1340608094710076
1340608181073355
1340608268801547
1340608358366624
1340608445901557
1340608537386235
1340608625974943
1340608721456071
1340608816866742
1340608905072933
1340609005998290
1340609093185520
1340609180813079
1340609268973248
1340609358017406
1340609445155872
1340609533004613
1340609622166725
1340609709943134
1340609802168740
1340609888835283
1340609981448702
