1340214685099666
1340214686166250
1340214687059463
1340214688016980
1340214688748878
1340214689446634
1340214690109302
1340214690702354
1340214691349905
1340214691972091
1340214692562826
1340214693185694
1340214693730884
1340214694267860
1340214694801142
1340214695380067
1340214695868634
1340214696245781
1340214696628650
1340214696962472
1340214697282576
1340214697608449
1340214697931191
1340214698238338
1340214698545959
1340214698842045
1340214699157239
1340214699515598
1340214699837030
1340214700159597
1340214700515647
1340214700849526
1340214701155601
1340214701461166
1340214701779110
1340214702097335
1340214702391603
1340214702701556
1340214703018428
1340214703323174
1340214703629384
1340214703935084
1340214704309997
1340214704636013
1340214704937077
1340214705235713
1340214705533625
1340214705842217
1340214706163792
1340214706536599
1340214706883815
1340214707238859
1340214707602346
1340214707954686
1340214708349746
1340214708777807
1340214709183649
1340214709573834
1340214709964725
1340214710354376
1340214710749702
1340214711137746
1340214711504516
1340214711797446
1340214712095094
1340214712389807
1340214712680712
1340214712966203
1340214713230357
1340214713492813
1340214713767042
1340214714040665
1340214714338180
1340214714625484
1340214714913834
1340214715187922
1340214715447352
1340214715713256
1340214715973808
1340214716247629
1340214716509377
1340214716772042
1340214717031915
1340214717299355
1340214717588860
1340214717889589
1340214718176694
1340214718462570
1340214718727920
1340214719004223
1340214719302289
1340214719589443
1340214719865828
1340214720137375
1340214720445806
1340214720749506
1340214721041080
1340214721318066
1340214721602427
1340214721870988
