1340792190077343
1340792288663659
1340792386419247
1340792480738258
1340792574717458
1340792673401505
1340792762508254
1340792857935194
1340792950363830
1340793043757782
1340793138043958
1340793226114460
1340793318542443
1340793414850897
1340793506919341
1340793600304553
1340793695853364
1340793794308502
1340793892257592
1340793990094279
1340794090209035
1340794182049567
1340794274015878
1340794366288717
1340794461750351
1340794558139216
1340794658131747
1340794751197820
1340794850448963
1340794943778487
1340795043213938
1340795134088905
1340795226359583
1340795318062105
1340795410179339
1340795500703683
1340795599329796
1340795692565881
1340795790122904
1340795882048774
1340795974431080
1340796069053250
1340796166051868
1340796256273727
1340796358681969
1340796448425485
1340796547290497
1340796640700067
1340796735055448
1340796829102465
1340796923769980
1340797028896156
1340797124514228
1340797218162403
1340797307562667
1340797406145800
1340797501426270
1340797602147637
1340797696771174
1340797794141225
1340797895834074
1340797994381540
1340798095297492
1340798186165024
1340798280824470
1340798378117616
1340798473896290
1340798567213512
1340798663105175
1340798755960845
1340798854262324
1340798948551957
1340799050090945
1340799142113551
1340799234107932
1340799326947517
1340799418393794
1340799510614748
1340799602536791
1340799699436423
1340799794885892
1340799891569290
1340799983677295
1340800086309608
1340800174193793
1340800266330595
1340800359921457
1340800451289977
1340800542278926
1340800636031467
1340800731629928
1340800832103575
1340800928893450
1340801026040232
1340801125963976
1340801214067600
1340801303762477
1340801402014163
1340801490004844
1340801582551737
