1340530084770797
1340530128547878
1340530172713384
1340530216906855
1340530264768845
1340530312736977
1340530356749986
1340530400692299
1340530445046223
1340530488850337
1340530532801428
1340530576591592
1340530620797104
1340530664744415
1340530708938284
1340530753346875
1340530798113149
1340530845602883
1340530890223450
1340530938011043
1340530984523856
1340531028612281
1340531072858671
1340531116645285
1340531160732148
1340531204821328
1340531248613473
1340531292832270
1340531336986971
1340531380731786
1340531424757178
1340531472634807
1340531516824997
1340531561176241
1340531604958590
1340531648757688
1340531692661704
1340531740799096
1340531784732327
1340531828815280
1340531872791456
1340531916714234
1340531960810446
1340532004918936
1340532052962523
1340532097548985
1340532140842010
1340532184721507
1340532228731369
1340532272748523
1340532316777481
1340532361140316
1340532404813363
1340532448735659
1340532492639402
1340532536830715
1340532581251101
1340532625611424
1340532669858699
1340532714060919
1340532762217188
1340532808747365
1340532853058621
1340532896755611
1340532941019490
1340532985311671
1340533028763354
1340533073174879
1340533117721177
1340533164730653
1340533208743990
1340533252761711
1340533296760537
1340533340819563
1340533384805660
1340533428799815
1340533473263312
1340533516930745
1340533560704853
1340533604651905
1340533648846251
1340533696818736
1340533740846412
1340533784616720
1340533828789704
1340533872691150
1340533916817752
1340533960722276
1340534004840292
1340534048484597
1340534092804866
1340534136799064
1340534180807478
1340534224810349
1340534268783623
1340534312866290
1340534356721131
1340534400672303
1340534444889619
1340534489288159
