1340232793341841
1340232880937341
1340232969370614
1340233057502424
1340233144739644
1340233232751349
1340233320677483
1340233408905130
1340233497830037
1340233586257554
1340233674014241
1340233762214751
1340233848659392
1340233936597496
1340234026838534
1340234114025570
1340234200857648
1340234292737100
1340234380907766
1340234468934179
1340234556722988
1340234645600448
1340234733110413
1340234822041414
1340234908876379
1340234997220645
1340235086004215
1340235175423470
1340235264584021
1340235356704948
1340235444931188
1340235533504158
1340235621373860
1340235709057802
1340235797051672
1340235885141093
1340235972860566
1340236061557884
1340236148659334
1340236236676977
1340236324819574
1340236412747858
1340236501081302
1340236588935367
1340236677622995
1340236764873216
1340236852669431
1340236945245693
1340237036918786
1340237128678207
1340237216661826
1340237305049011
1340237392842156
1340237481646624
1340237568837349
1340237656833272
1340237745247971
1340237833368016
1340237921341011
1340238008885768
1340238097167837
1340238184750909
1340238272793687
1340238361237388
1340238449303309
1340238537868172
1340238626293042
1340238714042689
1340238801319957
1340238889061618
1340238976854179
1340239064948730
1340239152655680
1340239240586155
1340239328840400
1340239417251555
1340239504920670
1340239593204493
1340239680814463
1340239769112050
1340239858292757
1340239946219097
1340240032712944
1340240124602005
1340240212635445
1340240300662770
1340240388760402
1340240476985252
1340240565535668
1340240654034808
1340240740881656
1340240828979901
1340240917668482
1340241006385883
1340241097075141
1340241184554868
1340241272738094
1340241365038894
1340241453241226
1340241541695805
