1340592156886499
1340592244844176
1340592332858857
1340592420944182
1340592508810715
1340592596824402
1340592684741084
1340592772829857
1340592860844725
1340592948786058
1340593036946547
1340593124888496
1340593212899196
1340593300965311
1340593388931112
1340593476837988
1340593564804688
1340593652899696
1340593740942265
1340593829969146
1340593923018085
1340594013215601
1340594102455882
1340594188953455
1340594277016465
1340594366088981
1340594453840170
1340594545939433
1340594638688005
1340594729590822
1340594822354834
1340594915339297
1340595009144230
1340595098700324
1340595184944182
1340595272957841
1340595360930382
1340595449844175
1340595541776091
1340595633848663
1340595722643648
1340595814731312
1340595906952456
1340595998493205
1340596085642199
1340596176820797
1340596269974259
1340596362634341
1340596450138154
1340596540723435
1340596629989603
1340596723294008
1340596818963969
1340596911128310
1340597002898494
1340597093787480
1340597180993536
1340597268950781
1340597358034947
1340597445592945
1340597536808085
1340597626302092
1340597714266550
1340597807060563
1340597898687206
1340597990971148
1340598077149054
1340598169059369
1340598256907638
1340598344966934
1340598432942803
1340598520899736
1340598608963332
1340598698419722
1340598790439126
1340598882450459
1340598968958738
1340599057067200
1340599145009446
1340599232976842
1340599325959554
1340599417457934
1340599506372536
1340599593868700
1340599681711268
1340599774722267
1340599861026510
1340599949306123
1340600038500365
1340600128991548
1340600217352735
1340600306099215
1340600392885885
1340600481260647
1340600569197592
1340600658675005
1340600751337990
1340600844880452
1340600933793200
1340601026137866
