1340374822380936
1340374910334614
1340374997891384
1340375089601489
1340375177621003
1340375265698554
1340375361537479
1340375449514906
1340375539037797
1340375625620773
1340375717512857
1340375807712514
1340375898950144
1340375986500820
1340376074236826
1340376161590022
1340376250154192
1340376341561837
1340376429560213
1340376518854833
1340376606250133
1340376694823143
1340376788211474
1340376885246600
1340376981083730
1340377072576666
1340377165590045
1340377254160487
1340377341366934
1340377430916652
1340377519450483
1340377608202670
1340377699922538
1340377790541867
1340377877570782
1340377967381383
1340378055964669
1340378149581423
1340378237573641
1340378331192990
1340378417895426
1340378505712497
1340378594553893
1340378685633863
1340378773649296
1340378862430941
1340378949837808
1340379037713997
1340379126245726
1340379213502796
1340379303440254
1340379389676399
1340379479044360
1340379569612924
1340379658290322
1340379747621727
1340379839943347
1340379929888765
1340380019316528
1340380106127204
1340380193587478
1340380281607885
1340380369922051
1340380458438345
1340380552070333
1340380647444751
1340380737673973
1340380826345864
1340380913724715
1340381002766737
1340381090260347
1340381177578743
1340381265601273
1340381354207201
1340381442684228
1340381530457936
1340381624939505
1340381716374835
1340381813573081
1340381909585683
1340381997638711
1340382090365937
1340382181632142
1340382276475259
1340382365668796
1340382453760090
1340382542456997
1340382630588402
1340382717553246
1340382807674225
1340382903970791
1340382999910380
1340383089673449
1340383177589603
1340383265663729
1340383353888262
1340383441679144
1340383530870166
1340383618811626
1340383710330014
