1340464790587963
1340464878101623
1340464966055923
1340465053984847
1340465142024336
1340465230070328
1340465317992452
1340465406126680
1340465494206887
1340465581988075
1340465669980255
1340465757989283
1340465845956102
1340465934044049
1340466022231170
1340466109825192
1340466198091486
1340466286071955
1340466374110595
1340466466065159
1340466553998273
1340466641948743
1340466729974035
1340466818015541
1340466909982744
1340466998108315
1340467085970279
1340467173964841
1340467261898255
1340467349878612
1340467437975180
1340467526180709
1340467613970811
1340467702000711
1340467789971471
1340467877958334
1340467965901161
1340468054001496
1340468142030644
1340468230044314
1340468317978221
1340468406195203
1340468493958001
1340468582197931
1340468669971037
1340468759241444
1340468845999213
1340468934038754
1340469022002013
1340469110008628
1340469197956663
1340469285975795
1340469374012450
1340469462021543
1340469550084101
1340469637963766
1340469725917335
1340469814097869
1340469902029031
1340469989964082
1340470078021329
1340470166043573
1340470254018812
1340470341889193
1340470430179796
1340470517996892
1340470606012802
1340470693982671
1340470781952584
1340470869995025
1340470957869829
1340471046035239
1340471134122142
1340471222057761
1340471310011589
1340471398255786
1340471486132062
1340471574003839
1340471661894004
1340471749878800
1340471837966395
1340471926008874
1340472013984119
1340472102041866
1340472190076772
1340472277975487
1340472366283727
1340472457938535
1340472546103453
1340472634071003
1340472721975592
1340472810034640
1340472898060120
1340472986266528
1340473073975246
1340473162036691
1340473250046439
1340473337955290
1340473426018263
1340473514123747
