1340637201174090
1340637290696908
1340637381473047
1340637470681107
1340637561056965
1340637651298164
1340637738600821
1340637831254176
1340637917163353
1340638005167372
1340638094732088
1340638181205025
1340638273905190
1340638362440985
1340638451034361
1340638538666810
1340638625845550
1340638713095232
1340638801567946
1340638889203651
1340638977436948
1340639065447280
1340639153021396
1340639241481173
1340639333732622
1340639421301009
1340639509276078
1340639598031909
1340639685708610
1340639773389109
1340639865251020
1340639957422182
1340640045190654
1340640133282955
1340640221197282
1340640309456308
1340640397212849
1340640485487193
1340640573794918
1340640667611689
1340640763045815
1340640854260881
1340640945507208
1340641039054280
1340641133217044
1340641221098495
1340641309242989
1340641397125330
1340641493441731
1340641585047634
1340641673184963
1340641761255982
1340641849664109
1340641942180122
1340642030450074
1340642125422883
1340642229329031
1340642318636645
1340642409481438
1340642503246729
1340642593269792
1340642681198663
1340642771684976
1340642866386864
1340642961187304
1340643049838868
1340643141233423
1340643229189161
1340643317245027
1340643409702543
1340643503623242
1340643599221713
1340643693556419
1340643783136346
1340643874828183
1340643965198116
1340644053237874
1340644145224441
1340644233248685
1340644321665760
1340644409533926
1340644502969718
1340644589729134
1340644687133353
1340644781875105
1340644875660795
1340644975340986
1340645066391634
1340645157195712
1340645246511458
1340645339365609
1340645429808316
1340645523623834
1340645614361138
1340645705251337
1340645799316356
1340645895277317
1340645990513561
1340646081000795
1340646169170880
