1340664477526401
1340664566520568
1340664659079796
1340664747445638
1340664839878974
1340664932611566
1340665028173087
1340665124955504
1340665214334448
1340665302350960
1340665390381040
1340665479710164
1340665571517451
1340665659095840
1340665747814374
1340665841431233
1340665936860351
1340666030387204
1340666122353130
1340666210604135
1340666302050116
1340666390337852
1340666478379531
1340666567813908
1340666665672184
1340666755678914
1340666850899117
1340666941688723
1340667033000687
1340667126950205
1340667214541356
1340667305680132
1340667394216945
1340667486019925
1340667578468026
1340667668982514
1340667761056231
1340667853359813
1340667946748018
1340668037706485
1340668130347150
1340668218447898
1340668306391344
1340668394319262
1340668484280666
1340668576778398
1340668670838348
1340668759727922
1340668851048912
1340668940844418
1340669031196111
1340669123833645
1340669214427572
1340669304613008
1340669394534675
1340669484688907
1340669579479397
1340669667771177
1340669758513577
1340669850777372
1340669942108019
1340670032936304
1340670122433954
1340670210328621
1340670302489126
1340670390573926
1340670482316428
1340670573391948
1340670663231247
1340670754242208
1340670846559320
1340670938077895
1340671026923952
1340671121668799
1340671210298268
1340671301329196
1340671394568157
1340671483017594
1340671574952617
1340671664696896
1340671758754600
1340671850047520
1340671939792814
1340672034413919
1340672127194757
1340672214448899
1340672302364464
1340672390205288
1340672478369159
1340672571845583
1340672663252375
1340672754178343
1340672846522784
1340672938963533
1340673031628901
1340673123341116
1340673210376752
1340673302117208
1340673390310333
1340673482258475
