1340547929130427
1340548017646806
1340548105917213
1340548192716910
1340548280673649
1340548368626369
1340548457547670
1340548549286178
1340548641403881
1340548728736587
1340548820874237
1340548909898298
1340548997031809
1340549088810264
1340549176573072
1340549264751403
1340549353097984
1340549441013479
1340549528766458
1340549616974385
1340549705667336
1340549793244022
1340549884979061
1340549972784609
1340550060775100
1340550148693807
1340550237105152
1340550324902460
1340550412953237
1340550500714269
1340550592995011
1340550681756931
1340550774116434
1340550868613011
1340550956738814
1340551045368560
1340551132690552
1340551220682734
1340551308539742
1340551396753585
1340551485393513
1340551572890689
1340551661271213
1340551750125935
1340551840758374
1340551928955122
1340552017395180
1340552106196106
1340552192703339
1340552280713209
1340552369238615
1340552456732143
1340552545069412
1340552633772609
1340552721930568
1340552813048824
1340552901756492
1340552990241379
1340553081826641
1340553172629160
1340553260691545
1340553348689453
1340553437076111
1340553524845417
1340553612673015
1340553704947150
1340553793678232
1340553884757715
1340553973785349
1340554061753747
1340554152720717
1340554240701288
1340554329009784
1340554416983175
1340554505424003
1340554593907683
1340554681454488
1340554773746304
1340554861918026
1340554949911296
1340555037413761
1340555125663089
1340555212708096
1340555305474769
1340555392861555
1340555481566557
1340555569401225
1340555657319726
1340555746210079
1340555833932765
1340555921613701
1340556013498134
1340556106182151
1340556192577494
1340556280737942
1340556369555708
1340556457137330
1340556545159850
1340556633903943
1340556722138844
