1340215093079469
1340215180594594
1340215273099314
1340215361743559
1340215448895295
1340215537407807
1340215625121173
1340215713879703
1340215801498723
1340215889080106
1340215977739801
1340216065298485
1340216156722872
1340216244703342
1340216332871774
1340216421127830
1340216509430672
1340216596713831
1340216685403661
1340216772791060
1340216861311635
1340216949728691
1340217037093471
1340217124627115
1340217212637397
1340217301107715
1340217388628520
1340217477534355
1340217565515413
1340217652987886
1340217741356850
1340217833521033
1340217920717982
1340218008768251
1340218096826894
1340218184578185
1340218272687535
1340218361404037
1340218452708057
1340218540851858
1340218628577912
1340218716713951
1340218804611244
1340218892859823
1340218981002175
1340219068759590
1340219156568231
1340219244703144
1340219332622966
1340219420729848
1340219508804018
1340219596749383
1340219685029707
1340219772884415
1340219861036543
1340219948689400
1340220037257078
1340220124497134
1340220212614749
1340220300795464
1340220388737517
1340220476860302
1340220565077551
1340220653505698
1340220741150383
1340220829665005
1340220917632308
1340221005731102
1340221092902535
1340221184655419
1340221272838244
1340221360551823
1340221449186468
1340221536864061
1340221624746819
1340221713766004
1340221801405528
1340221889804539
1340221977640581
1340222064849191
1340222152693076
1340222240606135
1340222328786549
1340222416885347
1340222505167920
1340222593850712
1340222680862468
1340222768842891
1340222861148941
1340222949488031
1340223036729495
1340223124717788
1340223212569016
1340223300880070
1340223388569641
1340223476659433
1340223565339681
1340223653650957
1340223740620473
1340223828820211
