1340655385903128
1340655478268928
1340655569230050
1340655663131891
1340655749557819
1340655843662370
1340655941690206
1340656035146413
1340656121244135
1340656209291247
1340656301331989
1340656393755266
1340656489129541
1340656582149208
1340656678744765
1340656774353763
1340656861171222
1340656949417028
1340657038656564
1340657129146545
1340657217159705
1340657305324675
1340657393414627
1340657481988031
1340657573791978
1340657668325765
1340657757652365
1340657851164267
1340657938405247
1340658030842448
1340658119292527
1340658205285737
1340658293940816
1340658389176155
1340658477979588
1340658570080272
1340658667598262
1340658765300441
1340658857823620
1340658945964006
1340659039576526
1340659133413159
1340659221303893
1340659309380820
1340659401735938
1340659495934468
1340659593469146
1340659687089356
1340659774729399
1340659866801016
1340659959724642
1340660055632617
1340660153278543
1340660241315299
1340660329420563
1340660417683031
1340660509328717
1340660597446605
1340660685420167
1340660778918250
1340660876517899
1340660969192601
1340661057355757
1340661145332644
1340661233434480
1340661321480151
1340661409518122
1340661503972612
1340661599388122
1340661699723187
1340661789239792
1340661878145370
1340661971970704
1340662066719162
1340662157126222
1340662245225220
1340662337993916
1340662426180891
1340662518933048
1340662613435308
1340662708145863
1340662807661133
1340662907097795
1340662994262696
1340663085301528
1340663173391096
1340663261350126
1340663349290127
1340663437487813
1340663531112493
1340663617413276
1340663709371825
1340663802445952
1340663893261308
1340663981304827
1340664075226030
1340664161262372
1340664249307079
1340664338087731
1340664430026366
