1340456017900976
1340456106060462
1340456194039944
1340456281932464
1340456370064934
1340456458049967
1340456546133847
1340456633937890
1340456721856880
1340456809959844
1340456898899003
1340456985915384
1340457073928234
1340457161819525
1340457250002643
1340457337905178
1340457426114205
1340457514066433
1340457601896588
1340457689994585
1340457778084626
1340457865977668
1340457953941202
1340458042023048
1340458129983703
1340458217927394
1340458305966222
1340458394197859
1340458481935946
1340458570895535
1340458657949604
1340458746708831
1340458837913297
1340458925889227
1340459014014239
1340459101999907
1340459190171809
1340459278134016
1340459366223853
1340459453887759
1340459542024734
1340459629941308
1340459717873289
1340459805970844
1340459893937928
1340459981875437
1340460069940316
1340460157900159
1340460245982615
1340460335218890
1340460422021027
1340460509852109
1340460597818069
1340460685938929
1340460777628521
1340460865944841
1340460954082126
1340461042045867
1340461129941047
1340461217994722
1340461305958486
1340461394135972
1340461482080017
1340461569959946
1340461657999357
1340461745914773
1340461838066859
1340461925935931
1340462013973344
1340462101957272
1340462190001519
1340462277865595
1340462365863219
1340462453996713
1340462541835160
1340462629931543
1340462717892134
1340462805837405
1340462893916157
1340462981957850
1340463069856057
1340463157948706
1340463245987755
1340463333895503
1340463422143054
1340463510125012
1340463597954049
1340463685929724
1340463774042658
1340463862008927
1340463949932833
1340464038008692
1340464129994953
1340464217849887
1340464306116257
1340464394213268
1340464481979454
1340464570147785
1340464657953413
1340464745927211
