1340447130303644
1340447218007855
1340447306366636
1340447393848416
1340447481996358
1340447569969565
1340447658088066
1340447745992302
1340447834156864
1340447922091764
1340448010006457
1340448097870396
1340448185937873
1340448273975078
1340448366133638
1340448453972252
1340448542063990
1340448629914468
1340448718057912
1340448806042877
1340448893900186
1340448982221134
1340449069980893
1340449157741312
1340449246638886
1340449333809049
1340449422089808
1340449514357642
1340449601841747
1340449690176909
1340449778033460
1340449866149346
1340449954006131
1340450041794184
1340450129768647
1340450217808222
1340450305878065
1340450397943464
1340450485943527
1340450573856053
1340450669864190
1340450761843542
1340450850184619
1340450937995332
1340451026061248
1340451114085519
1340451201712077
1340451301902266
1340451390097830
1340451478111023
1340451565879971
1340451654111367
1340451742045774
1340451829907670
1340451917843126
1340452005954516
1340452093862225
1340452181976477
1340452269892997
1340452358061523
1340452445938205
1340452533937922
1340452621880391
1340452709865277
1340452797801139
1340452885779458
1340452974004636
1340453061846376
1340453153928141
1340453241851675
1340453329898382
1340453417950740
1340453506135596
1340453593900270
1340453681792350
1340453769979365
1340453857885793
1340453945883697
1340454034032093
1340454121923046
1340454209908011
1340454297907523
1340454386141598
1340454473943069
1340454561868210
1340454649878295
1340454737930318
1340454825908405
1340454913710060
1340455001657128
1340455089859194
1340455181888219
1340455269873579
1340455358018850
1340455445989276
1340455533984604
1340455621809711
1340455709794479
1340455797854002
1340455885768586
