1340773318776241
1340773412889894
1340773508655612
1340773603927341
1340773699841365
1340773795168333
1340773887027377
1340773982138573
1340774075498585
1340774163704430
1340774255490610
1340774347268544
1340774439531661
1340774535879008
1340774634854659
1340774729336852
1340774829490230
1340774924744585
1340775017469093
1340775112070391
1340775203401260
1340775293601969
1340775387506934
1340775479499366
1340775575839071
1340775677367066
1340775773826728
1340775870912020
1340775964055327
1340776068112860
1340776159490984
1340776247454405
1340776338799773
1340776429584267
1340776525683530
1340776627886581
1340776724293093
1340776816397213
1340776912639491
1340777007558963
1340777100068269
1340777191457822
1340777280865603
1340777375400683
1340777468352623
1340777564046883
1340777660145754
1340777757694619
1340777853308110
1340777943466734
1340778040460343
1340778131449005
1340778219337007
1340778310393685
1340778403616815
1340778491416141
1340778589920730
1340778683651957
1340778784901949
1340778879195114
1340778977057268
1340779067623661
1340779163672613
1340779258572301
1340779348241460
1340779442078609
1340779535417152
1340779627709548
1340779719521805
1340779813971825
1340779903443455
1340779994047920
1340780091767078
1340780183444393
1340780272390207
1340780367454726
1340780459986507
1340780556338710
1340780651929878
1340780751319197
1340780845882605
1340780947086155
1340781040469898
1340781132301269
1340781223972891
1340781319185885
1340781409061362
1340781509953043
1340781605132042
1340781701825255
1340781795109592
1340781883756098
1340781982126099
1340782075677007
1340782167449044
1340782255396347
1340782343209292
1340782431504317
1340782521594497
1340782615733204
