1340241543682911
1340241634676484
1340241722159458
1340241810361737
1340241896838729
1340241984852498
1340242072901815
1340242160851815
1340242249413613
1340242336849338
1340242425343701
1340242512890464
1340242600961576
1340242689152925
1340242785213147
1340242878197700
1340242966542260
1340243053820885
1340243140752331
1340243228888921
1340243317123982
1340243405964652
1340243493122611
1340243582144046
1340243668941977
1340243757255935
1340243845137501
1340243933086551
1340244022248311
1340244108722108
1340244196759965
1340244285422800
1340244373163953
1340244461150491
1340244553026123
1340244642401526
1340244733275173
1340244821707971
1340244908922390
1340244996888484
1340245085171568
1340245172765423
1340245260681766
1340245349883236
1340245437169325
1340245524985191
1340245613244041
1340245700874658
1340245789165430
1340245877989204
1340245965548746
1340246053252765
1340246140788807
1340246228830724
1340246317371392
1340246405091906
1340246494073035
1340246582682410
1340246670641724
1340246756886507
1340246845022169
1340246933189829
1340247021738781
1340247109056973
1340247196789245
1340247284964321
1340247372932472
1340247461014482
1340247549549183
1340247638388135
1340247726592269
1340247814364507
1340247902671669
1340247988888461
1340248077511295
1340248164627553
1340248252708816
1340248340918548
1340248429156944
1340248517136693
1340248605326205
1340248692897405
1340248781953901
1340248870389953
1340248958669284
1340249045915291
1340249132752376
1340249221049176
1340249308655228
1340249400903373
1340249489095852
1340249577512872
1340249665112447
1340249753256008
1340249841611864
1340249928808290
1340250018033403
1340250106235395
1340250192763794
1340250285109948
