1340655342208893
1340655432226313
1340655525803288
1340655616475249
1340655706329677
1340655796066613
1340655896295420
1340655989186752
1340656078616978
1340656166237777
1340656254368219
1340656351324649
1340656439752845
1340656536823076
1340656631558619
1340656727548311
1340656818764099
1340656906363154
1340656994288648
1340657086397196
1340657174113330
1340657262322800
1340657350201094
1340657438174980
1340657529523676
1340657622108369
1340657714971116
1340657805643168
1340657894247060
1340657986301170
1340658074330865
1340658162228482
1340658250209148
1340658342308193
1340658434677770
1340658524319009
1340658615590131
1340658720169988
1340658811833764
1340658903646748
1340658993114437
1340659091396017
1340659178245411
1340659266289058
1340659356807997
1340659448838944
1340659547432430
1340659640403485
1340659730248790
1340659820951372
1340659914723288
1340660008654217
1340660111174174
1340660198289044
1340660286252808
1340660374260872
1340660462109440
1340660555390811
1340660642733688
1340660731784548
1340660827856824
1340660926215652
1340661014343438
1340661103413210
1340661190249710
1340661278766696
1340661367610184
1340661457033147
1340661553439563
1340661651455938
1340661746803942
1340661835079916
1340661925494227
1340662021213870
1340662114719262
1340662202282473
1340662291646317
1340662382256098
1340662473457507
1340662568143095
1340662660349256
1340662760075497
1340662860303599
1340662950716266
1340663042288883
1340663130277421
1340663218252976
1340663306236851
1340663394319561
1340663484323836
1340663575316738
1340663667316164
1340663755932178
1340663847633504
1340663938213414
1340664029139773
1340664118285388
1340664206243566
1340664294498121
1340664386900558
