1340801674683556
1340801770272744
1340801862129792
1340801954090607
1340802049857960
1340802146089977
1340802239135828
1340802330096259
1340802423295884
1340802515267345
1340802613178020
1340802706088869
1340802798081463
1340802892036824
1340802991833672
1340803088535482
1340803183380739
1340803270181717
1340803362179218
1340803456713858
1340803554241884
1340803645991700
1340803746159012
1340803835179756
1340803927325915
1340804022260790
1340804119223509
1340804211309779
1340804307880443
1340804407037388
1340804499159585
1340804598994797
1340804693086919
1340804784531741
1340804878086136
1340804976120941
1340805072734567
1340805174158806
1340805266047077
1340805358445537
1340805451861091
1340805551177425
1340805648663495
1340805742623019
1340805836524255
1340805930564428
1340806029137580
1340806122115337
1340806210108336
1340806302108132
1340806394260209
1340806486481591
1340806574042386
1340806666068096
1340806754065878
1340806848849715
1340806950027659
1340807042142493
1340807134051203
1340807222078174
1340807310019237
1340807402157673
1340807490087005
1340807578104946
1340807666079537
1340807758169481
1340807854139377
1340807946055204
1340808038101118
1340808125894529
1340808218207154
1340808306022292
1340808398388244
1340808489965323
1340808578090610
1340808671048209
1340808762053244
1340808850035353
1340808938192191
1340809030158392
1340809117983048
1340809210186446
1340809298155311
1340809389968533
1340809478016238
1340809570012085
1340809662025252
1340809750036543
1340809838163490
1340809930106350
1340810022024148
1340810110049790
1340810198051293
1340810290075109
1340810378224804
1340810466145095
1340810553996139
1340810646250232
1340810737983615
1340810829934282
