1340792143843890
1340792241978428
1340792341631273
1340792433766981
1340792531535554
1340792626606215
1340792719625049
1340792811268399
1340792903705148
1340792998615977
1340793092195688
1340793183665090
1340793271685693
1340793368620289
1340793459852338
1340793552367943
1340793650296622
1340793748717541
1340793845136497
1340793947163889
1340794040059197
1340794135785566
1340794227902768
1340794322076879
1340794414354885
1340794513592621
1340794607433951
1340794703873285
1340794800519070
1340794896032930
1340794998194628
1340795089219562
1340795179878751
1340795271763193
1340795363903023
1340795455626688
1340795553882588
1340795645990977
1340795745804506
1340795835635700
1340795929938181
1340796022594000
1340796123114046
1340796211630790
1340796312235485
1340796403742810
1340796501466218
1340796592027503
1340796689144343
1340796783127926
1340796875789697
1340796977910404
1340797078058127
1340797171768546
1340797263688263
1340797359529826
1340797455228825
1340797556128930
1340797650642484
1340797750090417
1340797844456080
1340797947657859
1340798047601959
1340798139741852
1340798232421567
1340798327787649
1340798426883704
1340798519677092
1340798616375054
1340798707770845
1340798808717536
1340798900117180
1340799003763257
1340799098012050
1340799187762128
1340799280356663
1340799374169788
1340799464240089
1340799557246273
1340799651867258
1340799748571824
1340799845751381
1340799937253003
1340800039458450
1340800131374643
1340800220902549
1340800311757835
1340800407762878
1340800496015714
1340800590881949
1340800683975639
1340800786331826
1340800882256069
1340800982292013
1340801076277789
1340801171622589
1340801259648118
1340801357091359
1340801447617123
1340801536627994
