1340250373973708
1340250461157091
1340250548842510
1340250637500151
1340250729162409
1340250818076930
1340250905154013
1340250993064788
1340251080862416
1340251172803238
1340251260747068
1340251349460346
1340251436952278
1340251525142373
1340251616886865
1340251709208367
1340251797542179
1340251885205094
1340251973414560
1340252061103176
1340252148853611
1340252236793849
1340252325664229
1340252412932405
1340252501074002
1340252590015914
1340252678734636
1340252765490489
1340252853114917
1340252941281798
1340253030594816
1340253120815709
1340253208713831
1340253297022178
1340253384952679
1340253472929475
1340253562081536
1340253650570371
1340253738532194
1340253826559121
1340253912872634
1340254001161483
1340254089152641
1340254176785159
1340254268704886
1340254357715737
1340254444959050
1340254533210882
1340254621303519
1340254708869869
1340254797612467
1340254886814662
1340254974782805
1340255062505522
1340255148892306
1340255236897623
1340255325075710
1340255416956807
1340255504916296
1340255593116379
1340255680989564
1340255768967395
1340255857371778
1340255945220083
1340256033783097
1340256121295813
1340256208798182
1340256296786658
1340256384912059
1340256473081974
1340256561061132
1340256650027166
1340256737307111
1340256826713961
1340256913106396
1340257001693346
1340257088991428
1340257176948467
1340257264761062
1340257353190421
1340257441438726
1340257529294960
1340257617152908
1340257708920812
1340257797396433
1340257884841775
1340257973118776
1340258060925936
1340258148873836
1340258236885493
1340258324840226
1340258412947660
1340258505172257
1340258594279905
1340258682838209
1340258769064937
1340258857080384
1340258945085291
1340259034562519
1340259120891017
