1340241634500141
1340241722028996
1340241810216806
1340241896777493
1340241984806589
1340242072854936
1340242160782824
1340242249286195
1340242336807377
1340242425266773
1340242512837479
1340242600879547
1340242689094030
1340242785148324
1340242878054104
1340242966379959
1340243053708528
1340243140693508
1340243228834150
1340243317060566
1340243405846961
1340243493056561
1340243582012332
1340243668892259
1340243757178742
1340243845071193
1340243933024950
1340244022115668
1340244108671145
1340244196702685
1340244285338768
1340244373098549
1340244461087510
1340244552966506
1340244642254158
1340244733208448
1340244821607321
1340244908865141
1340244996838131
1340245085103252
1340245172708851
1340245260612440
1340245349774311
1340245437101174
1340245524934560
1340245613173593
1340245700826137
1340245789099664
1340245877853417
1340245965458895
1340246053179688
1340246140736483
1340246228770741
1340246317296190
1340246405031240
1340246493936158
1340246582523637
1340246670477493
1340246756840353
1340246844961168
1340246933124616
1340247021629513
1340247109001135
1340247196731365
1340247284923090
1340247372878224
1340247460956978
1340247549462242
1340247638248807
1340247726428394
1340247814218823
1340247902511653
1340247988839055
1340248077410365
1340248164584588
1340248252658839
1340248340868494
1340248429093198
1340248517080022
1340248605249249
1340248692847084
1340248781835416
1340248870247355
1340248958512260
1340249045801053
1340249132709776
1340249221000602
1340249308601988
1340249400853788
1340249489035865
1340249577405158
1340249665049566
1340249753186846
1340249841514975
1340249928746187
1340250017909249
1340250106069447
1340250192708907
1340250285057925
1340250373231592
