1340285833425808
1340285921967196
1340286009730785
1340286102734912
1340286188989403
1340286276861878
1340286364988699
1340286453030285
1340286541264126
1340286629600778
1340286717052973
1340286805079486
1340286897636362
1340286984972538
1340287074011889
1340287164958475
1340287253464586
1340287341449387
1340287429534151
1340287521116451
1340287610023175
1340287697012895
1340287786063628
1340287877225717
1340287965352653
1340288053615601
1340288141054011
1340288228984661
1340288316962930
1340288409362796
1340288498961437
1340288587697279
1340288677734936
1340288765344627
1340288853541757
1340288941748086
1340289029633038
1340289117489639
1340289205106213
1340289292950731
1340289381152168
1340289469467497
1340289558289665
1340289645214593
1340289734399787
1340289822939391
1340289909092957
1340289997724627
1340290085542382
1340290173077457
1340290261071374
1340290350076625
1340290437877096
1340290526915308
1340290615334056
1340290707628591
1340290797468845
1340290885003409
1340290973784263
1340291062163509
1340291149080423
1340291237017054
1340291325115764
1340291417422772
1340291505847221
1340291594932702
1340291683723035
1340291779288409
1340291871660115
1340291965183798
1340292053319469
1340292141091270
1340292228946862
1340292317350136
1340292405702743
1340292493336200
1340292581078522
1340292669432416
1340292757400246
1340292846733725
1340292939442250
1340293030719609
1340293118492425
1340293205578875
1340293293138822
1340293381744952
1340293470352943
1340293557091098
1340293645311261
1340293733691011
1340293821806059
1340293913111681
1340294001557121
1340294091619335
1340294180982453
1340294268945561
1340294357131152
1340294445218045
1340294533067819
1340294621410566
