1340321505839788
1340321595431350
1340321691828210
1340321786792487
1340321877176898
1340321965285098
1340322053622730
1340322141326157
1340322229374266
1340322317215243
1340322405772273
1340322493921538
1340322581297476
1340322669157106
1340322761843918
1340322856205323
1340322950633945
1340323042677076
1340323132992352
1340323221261002
1340323309238870
1340323397285972
1340323485372157
1340323573192529
1340323665921278
1340323754215851
1340323842233961
1340323930540043
1340324018221588
1340324111421285
1340324197232879
1340324285292766
1340324373268635
1340324461405627
1340324553749036
1340324642787129
1340324734647123
1340324821278416
1340324909615366
1340324998122944
1340325085917418
1340325173190243
1340325261275680
1340325349287886
1340325438040090
1340325525280378
1340325613223715
1340325701239296
1340325789208204
1340325877326416
1340325965450482
1340326053240319
1340326141119029
1340326229291552
1340326317512485
1340326405655652
1340326493170466
1340326581169281
1340326669124199
1340326757256076
1340326845307944
1340326933147717
1340327021240929
1340327109164482
1340327197159372
1340327285258981
1340327373265598
1340327461234519
1340327549241501
1340327637141853
1340327725117104
1340327813165559
1340327901213391
1340327989278822
1340328077094064
1340328169192979
1340328257188645
1340328345180767
1340328433172742
1340328521292692
1340328609289642
1340328697262104
1340328785187188
1340328873193569
1340328961152084
1340329049208369
1340329137140455
1340329225218264
1340329313056662
1340329401525336
1340329489241255
1340329577248947
1340329665283623
1340329753211986
1340329841290629
1340329929143701
1340330017232057
1340330105230030
1340330193634885
1340330281158376
