1340356854069502
1340356943324321
1340357030543703
1340357123025653
1340357209455058
1340357298578097
1340357385802228
1340357474259453
1340357563838142
1340357661782834
1340357751869315
1340357849635948
1340357941491032
1340358029462738
1340358121404941
1340358209809766
1340358298211473
1340358385582408
1340358474221329
1340358562119800
1340358650364016
1340358739104857
1340358831803184
1340358929655740
1340359018292272
1340359108077742
1340359197468292
1340359285627438
1340359373479688
1340359464218799
1340359553892221
1340359641522991
1340359730378831
1340359821869302
1340359909511524
1340359999128755
1340360086248112
1340360173394253
1340360261506127
1340360349618737
1340360438255628
1340360526253240
1340360614307970
1340360706402580
1340360794575604
1340360882674244
1340360970254121
1340361057544217
1340361145354062
1340361233440973
1340361321458324
1340361409426902
1340361499516903
1340361589525775
1340361677593851
1340361765854460
1340361856540541
1340361946001316
1340362033392461
1340362122675323
1340362209475132
1340362297657830
1340362386008960
1340362475138972
1340362568461889
1340362664624275
1340362759345407
1340362846341067
1340362934098258
1340363022446610
1340363109383696
1340363197437969
1340363285466148
1340363373464972
1340363465472282
1340363554206587
1340363648209957
1340363743834060
1340363840225376
1340363937112492
1340364026185242
1340364113765422
1340364201484146
1340364293569282
1340364381533593
1340364470283601
1340364558270845
1340364649999683
1340364738639495
1340364831741147
1340364928561646
1340365023829564
1340365122305113
1340365209429186
1340365298294882
1340365385781501
1340365474949888
1340365562326806
1340365653601678
1340365746090202
