1340383711335833
1340383798309815
1340383886754702
1340383976580203
1340384067428266
1340384157577106
1340384245944380
1340384334572771
1340384423010939
1340384511386661
1340384604335885
1340384700700412
1340384798119593
1340384893014418
1340384982087995
1340385074587172
1340385165808870
1340385258139941
1340385346171188
1340385433947021
1340385522817589
1340385609782649
1340385702589709
1340385790761078
1340385885566989
1340385979614572
1340386073400143
1340386161754580
1340386249840213
1340386338038479
1340386427222373
1340386514896362
1340386604192664
1340386694960360
1340386781755267
1340386869822242
1340386959219145
1340387052682705
1340387145769097
1340387233747929
1340387322480603
1340387410100658
1340387497773547
1340387588317764
1340387680655439
1340387769774019
1340387857788045
1340387945807912
1340388034580969
1340388130313432
1340388217979227
1340388314171652
1340388406663543
1340388501998697
1340388590508349
1340388678387579
1340388766651099
1340388855815999
1340388947729533
1340389036772472
1340389129796154
1340389217752532
1340389305764915
1340389393842938
1340389485063343
1340389574008061
1340389662087255
1340389750968056
1340389840073678
1340389930306752
1340390018960798
1340390111163778
1340390197756077
1340390285814380
1340390373824445
1340390463994281
1340390555550715
1340390643813999
1340390739747160
1340390838436330
1340390931412149
1340391017791165
1340391105992460
1340391193692202
1340391282552898
1340391369625191
1340391458555085
1340391546175480
1340391633909919
1340391723106723
1340391812689919
1340391908812418
1340392005522258
1340392100304191
1340392189807222
1340392281840309
1340392371692342
1340392459623798
1340392545790750
1340392634282820
