1340268125447955
1340268212932762
1340268301324949
1340268389391930
1340268477817016
1340268565590132
1340268653290250
1340268741326833
1340268833600635
1340268921188810
1340269010232803
1340269099169931
1340269188846906
1340269277222699
1340269366300250
1340269453387861
1340269541041523
1340269629410336
1340269717791741
1340269804997606
1340269894431215
1340269982169409
1340270069611360
1340270156931519
1340270245362333
1340270334854209
1340270421669549
1340270510817873
1340270597312190
1340270685719508
1340270773472973
1340270860950296
1340270949108475
1340271037138892
1340271128990625
1340271216948000
1340271305339958
1340271393192746
1340271482159261
1340271569044739
1340271661958268
1340271750514565
1340271841009784
1340271929523311
1340272017376322
1340272105742331
1340272192854352
1340272281015416
1340272369019782
1340272456976295
1340272544959982
1340272638190724
1340272726339840
1340272815171737
1340272911194675
1340273003792129
1340273093352534
1340273180937862
1340273268901900
1340273360914397
1340273449972783
1340273537385263
1340273625049864
1340273713012063
1340273802200427
1340273891218485
1340273987136148
1340274079209280
1340274172848196
1340274261165421
1340274349287025
1340274440977039
1340274529724929
1340274617054406
1340274705028796
1340274793259867
1340274881723285
1340274969591348
1340275058838031
1340275144897683
1340275232827549
1340275325772162
1340275413134783
1340275501029219
1340275589354938
1340275677390251
1340275764902543
1340275853350934
1340275941359717
1340276029090461
1340276117346189
1340276204864566
1340276293368152
1340276381623714
1340276469393839
1340276558550914
1340276645425784
1340276733567997
1340276821267207
1340276909266495
