1340411056157643
1340411145834873
1340411233759712
1340411323386892
1340411410036167
1340411501863760
1340411597838909
1340411689952151
1340411777758285
1340411870534217
1340411959052620
1340412046479041
1340412133808576
1340412225786666
1340412316177005
1340412410510562
1340412497851083
1340412587158173
1340412673803349
1340412762517480
1340412850845279
1340412946802779
1340413036050222
1340413130170449
1340413217793544
1340413305778744
1340413397671985
1340413490229451
1340413577901898
1340413666221852
1340413753876392
1340413843518666
1340413938859636
1340414030217119
1340414118303816
1340414207361560
1340414295925902
1340414385629768
1340414475108917
1340414569165773
1340414659120677
1340414754408423
1340414841945893
1340414931493956
1340415018341304
1340415107762117
1340415197804594
1340415285775754
1340415374114316
1340415462333435
1340415549823644
1340415637826244
1340415727758907
1340415822733506
1340415912535330
1340416005711487
1340416094644642
1340416181739336
1340416272171636
1340416368538309
1340416461645681
1340416557361227
1340416646533052
1340416738437923
1340416826701776
1340416914574327
1340417005697186
1340417094797794
1340417181768148
1340417269860651
1340417358316327
1340417446029398
1340417542191035
1340417636492708
1340417733795149
1340417829895496
1340417918991927
1340418006208599
1340418093841311
1340418181740932
1340418270825526
1340418361746330
1340418451098580
1340418537845574
1340418630938147
1340418718834186
1340418814509714
1340418907544514
1340419003488660
1340419093602413
1340419181767861
1340419270346078
1340419359913625
1340419450032472
1340419540413987
1340419629776298
1340419718878087
1340419810721460
1340419900394137
1340419998286515
