1340401894283452
1340401990251844
1340402086256533
1340402173762529
1340402269156021
1340402363377037
1340402452094992
1340402549725570
1340402647018145
1340402742249825
1340402834473022
1340402929616299
1340403021784851
1340403109722862
1340403197708148
1340403285780940
1340403373573279
1340403462688376
1340403556711046
1340403651311620
1340403741641192
1340403833716267
1340403923350553
1340404016376461
1340404113080225
1340404201658700
1340404289750552
1340404381601157
1340404469628771
1340404561047626
1340404649936591
1340404737908005
1340404825951048
1340404918003768
1340405010512635
1340405097595317
1340405185805570
1340405276047719
1340405369932723
1340405458366031
1340405546068111
1340405635360753
1340405728549636
1340405826238187
1340405914762127
1340406007894109
1340406098577620
1340406185807884
1340406273712392
1340406361537940
1340406449817413
1340406545204611
1340406639423385
1340406728118850
1340406817883443
1340406906324674
1340406994003770
1340407086852290
1340407173723906
1340407261762280
1340407349726884
1340407437893976
1340407526937168
1340407613753021
1340407705648313
1340407796350369
1340407889652725
1340407985813090
1340408074539676
1340408161796865
1340408249736465
1340408338523882
1340408425617940
1340408514865552
1340408609935901
1340408698637034
1340408786497662
1340408874376696
1340408963807909
1340409057134635
1340409149728847
1340409237650619
1340409329843124
1340409418732236
1340409507882562
1340409605167864
1340409702276760
1340409797674292
1340409885925529
1340409974673680
1340410062921551
1340410149735534
1340410237702267
1340410333134379
1340410425787846
1340410516026937
1340410605841617
1340410699221594
1340410787049884
1340410875220979
