1340700378729046
1340700466735148
1340700556086871
1340700646673668
1340700735216105
1340700822645131
1340700910516232
1340700998691956
1340701086499598
1340701178535956
1340701266530021
1340701354542205
1340701442771513
1340701530728666
1340701618743289
1340701706603401
1340701794608088
1340701886425998
1340701974638548
1340702062745300
1340702150434919
1340702238540498
1340702326739153
1340702414716990
1340702504119192
1340702594636569
1340702682712947
1340702770740327
1340702858569589
1340702946458044
1340703034729789
1340703122566564
1340703210569577
1340703298553266
1340703386667471
1340703474508276
1340703562657843
1340703650624016
1340703738559371
1340703826548484
1340703914708694
1340704002555141
1340704090582358
1340704182526751
1340704270542350
1340704358762039
1340704446609456
1340704534487252
1340704622805350
1340704710497103
1340704798514628
1340704886582042
1340704974577902
1340705062967569
1340705150469423
1340705242765406
1340705330689176
1340705418742265
1340705506988752
1340705594903752
1340705682747124
1340705770585731
1340705858592697
1340705946643855
1340706034692574
1340706122655279
1340706210444452
1340706298471381
1340706386603831
1340706474693183
1340706562564023
1340706650657057
1340706739372042
1340706826785093
1340706918714128
1340707006742793
1340707094476526
1340707182513961
1340707270727030
1340707358600654
1340707450608481
1340707538447824
1340707626466208
1340707714589701
1340707802692368
1340707890669237
1340707978651795
1340708066649606
1340708154662274
1340708242630671
1340708330540826
1340708418751411
1340708506712655
1340708598592393
1340708686702951
1340708774560370
1340708862629062
1340708950545723
1340709038529678
1340709130585872
