1340745346359668
1340745435034370
1340745527261590
1340745614742246
1340745705826100
1340745798494084
1340745890853636
1340745983684488
1340746078746808
1340746170030484
1340746258622918
1340746355926525
1340746446013407
1340746541794071
1340746630791350
1340746726036649
1340746815206046
1340746907165181
1340746998991769
1340747095434039
1340747181759605
1340747276593675
1340747365851807
1340747459393256
1340747546431334
1340747636742770
1340747727952645
1340747822109725
1340747909775912
1340747997671631
1340748094347898
1340748181690893
1340748270273441
1340748368677176
1340748464154471
1340748564030690
1340748662994818
1340748757868776
1340748851739915
1340748952900307
1340749052648063
1340749149755748
1340749238119499
1340749325787458
1340749413841374
1340749508549612
1340749606810828
1340749700634203
1340749790737668
1340749884675234
1340749981892988
1340750076932525
1340750173772054
1340750266515833
1340750358593841
1340750451725069
1340750546470427
1340750640023968
1340750737468789
1340750831650890
1340750931965806
1340751032234796
1340751129918979
1340751217801774
1340751311830951
1340751401848696
1340751495954097
1340751586152697
1340751680086210
1340751775577950
1340751868037896
1340751967234221
1340752061866917
1340752153769380
1340752243831398
1340752339577909
1340752435150073
1340752528254823
1340752629860355
1340752725236046
1340752822031674
1340752916621999
1340753014413001
1340753116793528
1340753205654814
1340753294375283
1340753382245209
1340753477312452
1340753570948249
1340753667288974
1340753754976967
1340753853782387
1340753942914102
1340754038794718
1340754126386684
1340754213788665
1340754302835958
1340754398025685
1340754486862700
1340754585023075
