1340709261579343
1340709349533302
1340709437557385
1340709525513568
1340709613394576
1340709701517404
1340709789539779
1340709877540016
1340709965548216
1340710053574697
1340710141519248
1340710229667684
1340710317612525
1340710405566964
1340710493502803
1340710581533466
1340710669502821
1340710757614525
1340710845647833
1340710933592871
1340711021585844
1340711109475394
1340711197457386
1340711285676265
1340711373663046
1340711461511744
1340711549580035
1340711637674992
1340711725548820
1340711813622804
1340711901435472
1340711989470426
1340712077507678
1340712165509635
1340712253541292
1340712341446192
1340712429483057
1340712517549655
1340712605612081
1340712693438078
1340712781417828
1340712869514737
1340712957509834
1340713045559386
1340713138257168
1340713225518718
1340713313476380
1340713401604569
1340713489484784
1340713577529317
1340713665610999
1340713753629287
1340713841586655
1340713929560243
1340714017630909
1340714112204545
1340714201581304
1340714289600543
1340714377806623
1340714466531698
1340714557978218
1340714650134517
1340714750553644
1340714841572201
1340714929634869
1340715023936446
1340715126201722
1340715213641055
1340715303200250
1340715398229596
1340715494573415
1340715582202319
1340715670606440
1340715764832358
1340715857664181
1340715951988645
1340716042962167
1340716133614656
1340716225600597
1340716314560897
1340716401997329
1340716501444113
1340716591769344
1340716682104325
1340716775962149
1340716875431956
1340716968319548
1340717060191527
1340717149713102
1340717237661937
1340717326331811
1340717418512843
1340717511974763
1340717615437670
1340717701987811
1340717793877442
1340717882422659
1340717977582969
1340718066768752
1340718161626184
