1340838618382290
1340838712368198
1340838811357470
1340838905316887
1340839002969556
1340839102682876
1340839194369877
1340839289535929
1340839383309185
1340839478270585
1340839571800640
1340839672830234
1340839776253530
1340839879321814
1340839973004384
1340840070307362
1340840162392470
1340840254780157
1340840351300690
1340840442571963
1340840540764834
1340840644181290
1340840745477088
1340840844185957
1340840944080500
1340841040999073
1340841138407860
1340841235375494
1340841330705545
1340841422508119
1340841518881425
1340841614163119
1340841710203600
1340841811067336
1340841907752934
1340842007614382
1340842102639213
1340842194203424
1340842288368513
1340842386311640
1340842481364236
1340842582681851
1340842677691169
1340842774404041
1340842870135173
1340842966619425
1340843065355669
1340843162355669
1340843254322926
1340843346760388
1340843441620151
1340843534654393
1340843631057817
1340843724099263
1340843827669313
1340843924189663
1340844028592293
1340844128792707
1340844222368442
1340844321131053
1340844427653172
1340844531686346
1340844627676230
1340844730310193
1340844824357657
1340844925983068
1340845019948469
1340845122322614
1340845214289069
1340845306728612
1340845402248257
1340845498714769
1340845595657323
1340845694444685
1340845794517981
1340845887990210
1340845985642452
1340846080543926
1340846174300735
1340846269216655
1340846371234614
1340846465283318
1340846563213645
1340846658262250
1340846750291021
1340846844895547
1340846942736812
1340847042499124
1340847139409557
1340847230500829
1340847328104283
1340847427486888
1340847518903763
1340847614288497
1340847707850612
1340847812674942
1340847909216952
1340848002812107
1340848101019296
1340848194376201
