1340773271510348
1340773366028795
1340773458335392
1340773558662090
1340773653779643
1340773747054981
1340773838379053
1340773932105428
1340774030410460
1340774118224408
1340774210061298
1340774298306068
1340774390326738
1340774486419055
1340774584044021
1340774679484662
1340774778738516
1340774875651578
1340774970352141
1340775063411199
1340775158216015
1340775246317250
1340775341252521
1340775430364040
1340775528774944
1340775624834017
1340775725456316
1340775821272712
1340775916264097
1340776013039082
1340776114612314
1340776202228262
1340776290581496
1340776382262036
1340776478577475
1340776573467076
1340776674464738
1340776771733270
1340776863790873
1340776960283681
1340777050604708
1340777146272870
1340777235183666
1340777330011711
1340777419887920
1340777517607463
1340777612999518
1340777709592440
1340777804486783
1340777898791725
1340777988971489
1340778086455266
1340778174242673
1340778262741049
1340778356626451
1340778446303311
1340778536549218
1340778634378634
1340778732272800
1340778830613811
1340778925634566
1340779022228072
1340779116302568
1340779210404949
1340779302205277
1340779394527968
1340779489664823
1340779579481774
1340779675871357
1340779763874898
1340779859369786
1340779946405086
1340780040245833
1340780138320200
1340780227452305
1340780318246310
1340780414428639
1340780506501809
1340780604411133
1340780700028013
1340780798369015
1340780893314551
1340780990787550
1340781087716256
1340781178270509
1340781271996113
1340781363022028
1340781456769846
1340781554905645
1340781652492526
1340781746502045
1340781838236841
1340781931985650
1340782028566281
1340782124053712
1340782210328906
1340782298303434
1340782386247051
1340782474355899
1340782569009545
