1340819975974712
1340820067933787
1340820159825851
1340820251744043
1340820339831332
1340820432079356
1340820523816000
1340820615854242
1340820712341369
1340820803882396
1340820895843068
1340820987837863
1340821079817281
1340821171984312
1340821263821715
1340821355835506
1340821447732688
1340821539827572
1340821631936694
1340821723829674
1340821815953952
1340821907941780
1340822000052241
1340822091797316
1340822187747092
1340822275854159
1340822368208955
1340822459838232
1340822551916683
1340822646400967
1340822735952124
1340822827893770
1340822919830167
1340823011998347
1340823104058948
1340823195876078
1340823288037913
1340823379992795
1340823472024459
1340823563830966
1340823655929691
1340823747698298
1340823836048556
1340823927686135
1340824015963387
1340824108277300
1340824200151635
1340824291857332
1340824383940576
1340824475824664
1340824567951326
1340824659865494
1340824751910282
1340824843888016
1340824935806135
1340825027909983
1340825119862000
1340825211830944
1340825303844791
1340825395986797
1340825487864993
1340825579766954
1340825667835944
1340825759741630
1340825851843539
1340825943820755
1340826035949580
1340826128035178
1340826220197139
1340826311810066
1340826403987465
1340826495858499
1340826587698694
1340826675775529
1340826767868075
1340826860099343
1340826951943664
1340827043944027
1340827136066986
1340827227996671
1340827319844283
1340827412055551
1340827503683478
1340827592157183
1340827684052721
1340827776067238
1340827867849605
1340827960072366
1340828051904457
1340828147757882
1340828239891655
1340828331966910
1340828423757225
1340828515927805
1340828607870074
1340828699982452
1340828791889186
1340828883913387
1340828975874222
1340829068212068
