1340610069711193
1340610156918608
1340610248953343
1340610337485714
1340610425149156
1340610513117382
1340610601147866
1340610689961092
1340610781650068
1340610869386816
1340610960941365
1340611048991809
1340611140830541
1340611228948802
1340611317207137
1340611405279164
1340611493165121
1340611582492459
1340611673201844
1340611761109585
1340611853482534
1340611945179173
1340612033021033
1340612121050538
1340612208941676
1340612296937710
1340612392357186
1340612485164979
1340612578079259
1340612665271596
1340612753185397
1340612841108697
1340612929160124
1340613017180789
1340613105188071
1340613193125261
1340613282291766
1340613373206858
1340613461130202
1340613553174650
1340613646316235
1340613741180637
1340613829194945
1340613918556767
1340614005572087
1340614098899870
1340614184862514
1340614273133335
1340614360925582
1340614449133751
1340614536899504
1340614624900364
1340614712993763
1340614801111691
1340614889934683
1340614982859374
1340615069345857
1340615157105923
1340615249079862
1340615338693233
1340615425643100
1340615513925795
1340615601111815
1340615689218045
1340615776973950
1340615869238371
1340615957427572
1340616049085291
1340616137110036
1340616225176525
1340616321085593
1340616409210096
1340616497937931
1340616586019973
1340616673527429
1340616767107850
1340616859747537
1340616953492301
1340617042798144
1340617133140110
1340617221243166
1340617309080316
1340617397390808
1340617489159302
1340617582444763
1340617677293303
1340617771112459
1340617863513575
1340617959145024
1340618049255892
1340618141091452
1340618229082625
1340618318662385
1340618409391699
1340618498491137
1340618585606944
1340618678855875
1340618771450589
1340618867446272
1340618963846746
