1340745250543922
1340745346428138
1340745435112383
1340745527350844
1340745614816726
1340745705891204
1340745798562018
1340745890938804
1340745983791325
1340746078796647
1340746170113058
1340746258692426
1340746356048588
1340746446073858
1340746541842084
1340746630872122
1340746726088657
1340746815290144
1340746907249950
1340746999071879
1340747095528348
1340747181834788
1340747276748188
1340747365901008
1340747459491168
1340747546494370
1340747636883415
1340747728097198
1340747822176980
1340747909853383
1340747997731280
1340748094414859
1340748181747057
1340748270332567
1340748368805957
1340748464283606
1340748564148089
1340748663074464
1340748757917152
1340748851844249
1340748953038570
1340749052785938
1340749149832188
1340749238168222
1340749325845432
1340749413917204
1340749508650825
1340749606888251
1340749700738145
1340749790813979
1340749884805100
1340749981968939
1340750077075028
1340750173848264
1340750266585641
1340750358676245
1340750451829700
1340750546535346
1340750640150469
1340750737621979
1340750831758438
1340750932098283
1340751032354201
1340751129974051
1340751217877377
1340751311943446
1340751401897334
1340751496074388
1340751586212186
1340751680208618
1340751775694641
1340751868149383
1340751967369418
1340752062052876
1340752153844278
1340752243939257
1340752339685661
1340752435240414
1340752528375600
1340752629936694
1340752725342433
1340752822095748
1340752916753895
1340753014497932
1340753116897443
1340753205703913
1340753294437054
1340753382309501
1340753477463188
1340753571031906
1340753667381539
1340753755057404
1340753853869596
1340753942994534
1340754038868441
1340754126451218
1340754213864020
1340754302912715
1340754398077769
1340754486940840
