1340838572170325
1340838664707803
1340838766891847
1340838858279288
1340838957157957
1340839054115801
1340839148351274
1340839240290605
1340839338465228
1340839431073153
1340839525462318
1340839624897926
1340839723990182
1340839831959642
1340839926477489
1340840024392898
1340840119365817
1340840208351668
1340840305108179
1340840396125066
1340840493019138
1340840595402799
1340840696516235
1340840792175951
1340840898424743
1340840994782543
1340841093487104
1340841184336533
1340841285825239
1340841377497767
1340841474469234
1340841565769256
1340841666302547
1340841760323199
1340841861348287
1340841959499120
1340842056153877
1340842148196937
1340842240574549
1340842342100587
1340842432843586
1340842536056144
1340842628931210
1340842727727254
1340842823130954
1340842922352018
1340843017688464
1340843117389061
1340843208130898
1340843300374748
1340843394804923
1340843490673285
1340843583000858
1340843676172248
1340843780315544
1340843877633894
1340843979464648
1340844079754232
1340844176032992
1340844273379952
1340844373722329
1340844484391198
1340844580262980
1340844679265011
1340844776782218
1340844876355559
1340844975211556
1340845075238308
1340845168093870
1340845261479393
1340845356139663
1340845454400699
1340845548713833
1340845650038407
1340845743612246
1340845840470078
1340845938887223
1340846032658575
1340846129348542
1340846221272109
1340846325777496
1340846419208857
1340846519038283
1340846610770915
1340846706310200
1340846798273921
1340846897416004
1340846992964146
1340847094028026
1340847183879472
1340847281895087
1340847379742839
1340847472960254
1340847567078090
1340847660601656
1340847764409609
1340847860690650
1340847958852737
1340848051985631
1340848148303699
