1340583261678807
1340583348869387
1340583436952863
1340583525068349
1340583613044241
1340583700951213
1340583788917988
1340583876995818
1340583965051363
1340584052942144
1340584140859354
1340584228984911
1340584317109054
1340584405072111
1340584497056298
1340584585023934
1340584673019865
1340584760847966
1340584848796359
1340584937037103
1340585024918729
1340585112956225
1340585200912130
1340585288916379
1340585377055635
1340585464932248
1340585552955260
1340585641064846
1340585728804712
1340585816931959
1340585905014756
1340585992912155
1340586080844452
1340586168676897
1340586256845780
1340586344935074
1340586432944661
1340586520915293
1340586608953103
1340586696975390
1340586784918239
1340586873135888
1340586960922905
1340587048971306
1340587136852936
1340587224786198
1340587312940141
1340587401036498
1340587488928252
1340587576925828
1340587665019818
1340587752874717
1340587840922295
1340587928995279
1340588017041665
1340588104973530
1340588192855969
1340588280937149
1340588368997918
1340588456931937
1340588544895699
1340588632971544
1340588720932604
1340588809037472
1340588896927809
1340588984925948
1340589072919545
1340589160852227
1340589248919839
1340589336927256
1340589424936132
1340589512836827
1340589600952005
1340589689017113
1340589776943943
1340589864943888
1340589953022619
1340590041055939
1340590128831693
1340590217013336
1340590304942034
1340590392972150
1340590480961140
1340590568921508
1340590656941918
1340590744919027
1340590832939889
1340590920914004
1340591012995932
1340591100939000
1340591188973137
1340591276798800
1340591365100290
1340591452945605
1340591540834317
1340591628937096
1340591716939036
1340591804913199
1340591892913473
1340591981013208
