1340673572047552
1340673670398497
1340673758773049
1340673853200847
1340673943975807
1340674039596211
1340674130402434
1340674218401202
1340674308387832
1340674398723181
1340674486604876
1340674576484833
1340674666376020
1340674755997051
1340674849695818
1340674943946695
1340675036609336
1340675126454014
1340675214428497
1340675305855229
1340675395499516
1340675487399101
1340675580236871
1340675676930734
1340675766662430
1340675856058248
1340675947877730
1340676048037627
1340676138502096
1340676226427986
1340676314995894
1340676404134293
1340676498949659
1340676590868226
1340676682439838
1340676774390962
1340676862303126
1340676954681486
1340677047185213
1340677138453123
1340677230070700
1340677322234057
1340677411439340
1340677502105799
1340677591352178
1340677682918310
1340677772341749
1340677869236651
1340677962460441
1340678050987671
1340678138404813
1340678227040765
1340678318388555
1340678411157047
1340678501937630
1340678591024127
1340678683563146
1340678779571948
1340678869731993
1340678962945224
1340679055004547
1340679146467556
1340679234516570
1340679323629799
1340679415386371
1340679502790526
1340679593822560
1340679684566410
1340679776767244
1340679870484280
1340679961630293
1340680055646507
1340680142497781
1340680230479567
1340680321837648
1340680414682100
1340680507258928
1340680594424073
1340680682742494
1340680770694307
1340680862476734
1340680954527481
1340681045575405
1340681138421916
1340681226511799
1340681314442896
1340681403349128
1340681490600233
1340681582144940
1340681671368402
1340681763349065
1340681850788942
1340681940760126
1340682030614470
1340682123506102
1340682210331135
1340682299978653
1340682394582101
1340682486457183
1340682574471715
