1340838518487098
1340838618837030
1340838712950223
1340838811794854
1340838906128270
1340839003452915
1340839103547196
1340839194716976
1340839290365672
1340839383759242
1340839479144794
1340839572281081
1340839673525813
1340839776801554
1340839879741189
1340839973653185
1340840070690537
1340840162783251
1340840255125974
1340840351717376
1340840442880314
1340840541378400
1340840644705913
1340840746062855
1340840844825794
1340840944631476
1340841041615296
1340841138733296
1340841235810218
1340841331200753
1340841422808686
1340841519233171
1340841615033142
1340841710498600
1340841812023545
1340841908077179
1340842008189670
1340842102956718
1340842194568186
1340842288917715
1340842386632121
1340842482057822
1340842583073107
1340842678440279
1340842774705448
1340842870939292
1340842966937020
1340843066048977
1340843162747973
1340843254706000
1340843347129920
1340843442125628
1340843534979495
1340843632027527
1340843724655469
1340843828157566
1340843924751563
1340844028935105
1340844129189326
1340844222742991
1340844321796382
1340844428148125
1340844532202016
1340844628163176
1340844731179404
1340844824937794
1340844926711567
1340845020475774
1340845122741953
1340845214680187
1340845307104206
1340845402597815
1340845499133078
1340845596147040
1340845694753838
1340845795379357
1340845888496175
1340845986386957
1340846081161378
1340846174665990
1340846269912039
1340846371609935
1340846466028144
1340846563633758
1340846659203577
1340846750590924
1340846845576055
1340846943077635
1340847043366505
1340847139801335
1340847230860057
1340847328629400
1340847427988454
1340847519254985
1340847615275259
1340847708357039
1340847813285951
1340847909713837
1340848003145443
1340848101668676
