1340214767890396
1340214768526543
1340214769173362
1340214769794718
1340214770413015
1340214771030784
1340214771676663
1340214772311607
1340214772956436
1340214773598495
1340214774229915
1340214774848628
1340214775488400
1340214776135124
1340214776781738
1340214777426986
1340214778098755
1340214778736360
1340214779364841
1340214779995637
1340214780621252
1340214781238479
1340214781851330
1340214782449149
1340214783043127
1340214783786242
1340214784522175
1340214785230774
1340214785936289
1340214786616773
1340214787316435
1340214788031640
1340214788754491
1340214789487787
1340214790206784
1340214790970857
1340214791756807
1340214792567632
1340214793391436
1340214794199352
1340214795017468
1340214795852858
1340214796647007
1340214797429069
1340214798271797
1340214799114048
1340214799852293
1340214800612344
1340214801254343
1340214802042721
1340214802705012
1340214803541920
1340214804186406
1340214804932488
1340214805715349
1340214806551741
1340214807412590
1340214808228995
1340214808831276
1340214809451088
1340214810039117
1340214810614397
1340214811244414
1340214812130105
1340214813106891
1340214814141211
1340214815192515
1340214816196567
1340214817221508
1340214818290048
1340214819329903
1340214820320322
1340214821366726
1340214822428586
1340214823380584
1340214824390702
1340214825301897
1340214826223097
1340214827234950
1340214828218946
1340214829272480
1340214830365059
1340214831499825
1340214832599951
1340214833737674
1340214834808350
1340214835807731
1340214836833971
1340214837940459
1340214839051083
1340214840255452
1340214841330994
1340214842655658
1340214843904756
1340214845167076
1340214846432250
1340214847693002
1340214848945689
1340214850155616
1340214851402236
