1340829206229161
1340829298154231
1340829390459445
1340829482130899
1340829574396186
1340829666138409
1340829758312204
1340829850141971
1340829942278027
1340830034218304
1340830126280887
1340830218266843
1340830310279512
1340830402228682
1340830494304762
1340830586131391
1340830678231187
1340830770103567
1340830862241800
1340830954147769
1340831046254440
1340831138247320
1340831230370673
1340831322272149
1340831414207755
1340831506363296
1340831598176003
1340831690032589
1340831782294871
1340831874158646
1340831966272080
1340832058177365
1340832150262036
1340832242188374
1340832334205696
1340832426199714
1340832518147623
1340832610110377
1340832702187424
1340832794157666
1340832886120037
1340832978133278
1340833070142354
1340833162234425
1340833254219015
1340833346131237
1340833438082970
1340833530059365
1340833622173304
1340833714112891
1340833806198572
1340833898286853
1340833990293834
1340834083777434
1340834178454813
1340834270394665
1340834363665094
1340834458411540
1340834553609348
1340834655359284
1340834751823169
1340834850686733
1340834949480239
1340835044626260
1340835146261068
1340835242884359
1340835341869258
1340835440308660
1340835542308946
1340835637957316
1340835734644116
1340835829330990
1340835927027535
1340836026891990
1340836122354618
1340836214280783
1340836307445614
1340836403704180
1340836499779713
1340836599683687
1340836695378142
1340836791894605
1340836888841169
1340836986379899
1340837090357926
1340837182304555
1340837274273005
1340837366398340
1340837461867374
1340837562614301
1340837656764786
1340837750344222
1340837847278119
1340837943423590
1340838042226126
1340838134305062
1340838226317527
1340838319690216
1340838419887658
1340838516610512
