1340392814849279
1340392907274922
1340393000205333
1340393097387700
1340393185696406
1340393276614225
1340393365779705
1340393454705297
1340393543767291
1340393633660811
1340393723680545
1340393813690677
1340393901941830
1340393990652583
1340394077805058
1340394165663566
1340394253940182
1340394341853480
1340394429925677
1340394517761366
1340394609600909
1340394697688071
1340394786149260
1340394878049228
1340394967493557
1340395059179654
1340395145759000
1340395233699783
1340395321809089
1340395409708875
1340395497632640
1340395596914630
1340395690620701
1340395785399792
1340395881361080
1340395976963375
1340396073044248
1340396165542237
1340396253679471
1340396342627271
1340396430881830
1340396523902950
1340396619492760
1340396710440955
1340396804247291
1340396900179908
1340396997955033
1340397092899212
1340397181639604
1340397269681180
1340397364607730
1340397454878250
1340397548946714
1340397644981370
1340397738629265
1340397833386341
1340397932822815
1340398026177383
1340398116546797
1340398205691345
1340398293615534
1340398381648043
1340398470898614
1340398565113610
1340398660465246
1340398754680762
1340398849430301
1340398944969471
1340399039923505
1340399137698970
1340399225628138
1340399318541286
1340399410904636
1340399499750811
1340399598000576
1340399693279955
1340399783448691
1340399877472651
1340399971446777
1340400061464088
1340400153730507
1340400241663711
1340400331188748
1340400417761837
1340400508589043
1340400603515275
1340400699668323
1340400789724244
1340400879708877
1340400976894076
1340401073809593
1340401161541454
1340401250663271
1340401345259247
1340401433994639
1340401522242273
1340401612909733
1340401708457440
1340401801469450
1340401892514390
