1340810875707507
1340810963778955
1340811055719642
1340811147976222
1340811239843018
1340811331937319
1340811423935227
1340811517001742
1340811607818596
1340811699768568
1340811787839491
1340811879923506
1340811971878709
1340812063914444
1340812159788070
1340812247898675
1340812339963320
1340812431859571
1340812523943851
1340812615743304
1340812703651932
1340812791864473
1340812887823282
1340812979863185
1340813071643744
1340813167678577
1340813255757067
1340813348301356
1340813439592687
1340813527969725
1340813619756956
1340813711876825
1340813803739563
1340813891807893
1340813983676881
1340814071986377
1340814163562026
1340814251809544
1340814340058152
1340814431910195
1340814523762176
1340814615787943
1340814707655727
1340814795954356
1340814887886315
1340814979715143
1340815071815391
1340815163759982
1340815251753193
1340815343774954
1340815435994307
1340815528124923
1340815619776732
1340815707925899
1340815799613083
1340815887784876
1340815979673479
1340816067804415
1340816170947551
1340816259936524
1340816351803646
1340816443812438
1340816535672722
1340816623850828
1340816715647994
1340816803706092
1340816891766099
1340816983832484
1340817075689761
1340817163819974
1340817258576404
1340817347877529
1340817439757363
1340817531872980
1340817623843585
1340817715803595
1340817807760842
1340817899827577
1340817991720615
1340818083693580
1340818171723311
1340818263875802
1340818355660972
1340818443804652
1340818535692871
1340818623783656
1340818715736837
1340818807693019
1340818895845868
1340818987734830
1340819075771545
1340819167767054
1340819255792693
1340819343832772
1340819435758138
1340819527670067
1340819615639451
1340819703718264
1340819791601987
1340819879866446
