1340619060248832
1340619153269524
1340619241277525
1340619329261874
1340619417509088
1340619511630253
1340619602562955
1340619693569348
1340619788630154
1340619882187697
1340619979652443
1340620069913253
1340620165178438
1340620253213030
1340620347331985
1340620433999862
1340620527099318
1340620614897277
1340620706527582
1340620793560543
1340620882711162
1340620974527812
1340621063180523
1340621153280263
1340621241258516
1340621335615141
1340621422210156
1340621516075506
1340621605872338
1340621697546971
1340621786201656
1340621880536548
1340621975946906
1340622065755411
1340622157254777
1340622245319626
1340622334596973
1340622421298157
1340622511066743
1340622601301418
1340622695627630
1340622794105224
1340622887390485
1340622980591545
1340623075376386
1340623165253331
1340623254088034
1340623346838406
1340623433479209
1340623527339462
1340623617251685
1340623709742081
1340623803184036
1340623895435054
1340623986902905
1340624080554856
1340624173664616
1340624261312257
1340624349180639
1340624437244746
1340624525056257
1340624620364409
1340624713052162
1340624801107304
1340624889272801
1340624977866299
1340625071180306
1340625165198196
1340625253402745
1340625341439060
1340625430109867
1340625523124065
1340625610647672
1340625697222173
1340625785753148
1340625874887792
1340625968120951
1340626062892290
1340626153292147
1340626241288113
1340626335098812
1340626421448116
1340626515666712
1340626602572172
1340626693320879
1340626787331179
1340626879127742
1340626970861220
1340627059361476
1340627149257629
1340627237784760
1340627331670312
1340627417912947
1340627511659030
1340627602452625
1340627693131113
1340627782891629
1340627876089431
1340627971659581
1340628063662901
