1340520384663475
1340520476810829
1340520576611403
1340520680540831
1340520782728866
1340520878696278
1340520974568626
1340521069361613
1340521162537914
1340521253795993
1340521353550760
1340521442890250
1340521535062096
1340521625007827
1340521723211113
1340521810373428
1340521906625784
1340522005174634
1340522099128889
1340522186567720
1340522280298746
1340522375619732
1340522463421027
1340522559415302
1340522651537987
1340522746989059
1340522838651433
1340522934679499
1340523030449124
1340523122978226
1340523210581378
1340523302978459
1340523399687973
1340523494604386
1340523588108569
1340523687878350
1340523790393352
1340523882575654
1340523978223522
1340524074640328
1340524170531367
1340524258503212
1340524348270022
1340524439916505
1340524540800932
1340524639638048
1340524736568861
1340524837507460
1340524928971042
1340525027795321
1340525118534465
1340525206541377
1340525294554348
1340525383005740
1340525474505087
1340525566441851
1340525663173226
1340525760219768
1340525857710313
1340525949488945
1340526050681187
1340526146519548
1340526234507647
1340526322562320
1340526416141401
1340526513168670
1340526613521786
1340526713450536
1340526813524347
1340526906720362
1340526998678370
1340527096252266
1340527186538613
1340527283184951
1340527378580138
1340527468924698
1340527563888260
1340527661955417
1340527759138239
1340527855865620
1340527956205181
1340528053582788
1340528150480239
1340528238558266
1340528330219725
1340528420365498
1340528520557543
1340528622332015
1340528718289172
1340528821543463
1340528919189472
1340529010667489
1340529106679088
1340529194571159
1340529289830236
1340529386702273
1340529476647863
1340529570651853
1340529660190591
1340529763553429
