1340410967677964
1340411056181672
1340411145849510
1340411233768604
1340411323402026
1340411410045295
1340411501873026
1340411597847542
1340411689968879
1340411777767857
1340411870546285
1340411959060849
1340412046494429
1340412133817816
1340412225796056
1340412316195671
1340412410521776
1340412497860328
1340412587174965
1340412673812605
1340412762531868
1340412850861495
1340412946833855
1340413036066587
1340413130180859
1340413217802024
1340413305787874
1340413397680773
1340413490240811
1340413577914219
1340413666233291
1340413753886311
1340413843536271
1340413938874010
1340414030229665
1340414118314882
1340414207375873
1340414295945651
1340414385639100
1340414475127277
1340414569190496
1340414659135025
1340414754439962
1340414841955074
1340414931509886
1340415018360616
1340415107793642
1340415197812664
1340415285784497
1340415374125164
1340415462345211
1340415549832690
1340415637834956
1340415727775337
1340415822745974
1340415912568002
1340416005720719
1340416094659526
1340416181750314
1340416272192081
1340416368547489
1340416461670914
1340416557388489
1340416646550278
1340416738450192
1340416826714547
1340416914591139
1340417005705876
1340417094811520
1340417181776637
1340417269869303
1340417358330206
1340417446038667
1340417542219571
1340417636505806
1340417733823278
1340417829905685
1340417919009404
1340418006220780
1340418093851330
1340418181750800
1340418270838726
1340418361756090
1340418451114788
1340418537854038
1340418630951547
1340418718849287
1340418814543752
1340418907561572
1340419003509791
1340419093611586
1340419181776353
1340419270356382
1340419359934524
1340419450043658
1340419540436217
1340419629785714
1340419718893717
1340419810737874
1340419900417671
