1340628197928115
1340628285955680
1340628374023135
1340628465044146
1340628555162389
1340628647193418
1340628738638217
1340628829321820
1340628918402024
1340629005966721
1340629093963200
1340629181900074
1340629273952621
1340629362075850
1340629456113837
1340629554097916
1340629645530329
1340629734472511
1340629826417393
1340629917342712
1340630007352838
1340630093939561
1340630182003559
1340630270276242
1340630358269713
1340630446291116
1340630533822211
1340630622162097
1340630710127847
1340630798149528
1340630887940652
1340630983197020
1340631070495280
1340631157946060
1340631245931294
1340631337978212
1340631426286225
1340631514070383
1340631602107339
1340631690362254
1340631779077618
1340631871135759
1340631957994225
1340632045969269
1340632137968696
1340632226022187
1340632314166043
1340632402278805
1340632491621575
1340632588050638
1340632678001667
1340632769431629
1340632859024683
1340632950181073
1340633038294304
1340633129972991
1340633217930927
1340633306005811
1340633394168513
1340633481882809
1340633573971918
1340633663457387
1340633752600752
1340633842903429
1340633934762068
1340634021858505
1340634110149810
1340634197956936
1340634290062261
1340634378130051
1340634465821073
1340634553936766
1340634643529499
1340634733390612
1340634821893265
1340634910037705
1340635002121694
1340635091081221
1340635177951071
1340635266741431
1340635358600230
1340635446446770
1340635533838899
1340635626179125
1340635714013018
1340635801889870
1340635890365226
1340635978321732
1340636068042936
1340636161995323
1340636251947861
1340636346372416
1340636434691663
1340636521984194
1340636609937141
1340636702469238
1340636789918411
1340636881835716
1340636972688166
1340637063691211
