1340664431085519
1340664521362250
1340664610672917
1340664701833239
1340664791322334
1340664885823700
1340664979662255
1340665074027683
1340665169399639
1340665257382017
1340665345449895
1340665433409557
1340665526718808
1340665613350166
1340665703350208
1340665793863247
1340665888514097
1340665986320532
1340666074706038
1340666165442442
1340666253695641
1340666345403965
1340666434527436
1340666521476633
1340666615492841
1340666710335192
1340666800023619
1340666894419412
1340666985464722
1340667078115622
1340667169412359
1340667257445493
1340667351091401
1340667438115560
1340667530641385
1340667621815708
1340667715140697
1340667806142031
1340667899713695
1340667989833454
1340668083895481
1340668173447959
1340668261413550
1340668350275155
1340668438147131
1340668529811222
1340668623640596
1340668713473873
1340668806974130
1340668893354764
1340668986966695
1340669074514442
1340669169423150
1340669257396436
1340669350101408
1340669437351949
1340669532369623
1340669621475083
1340669714765396
1340669802498817
1340669896738232
1340669985658010
1340670079287619
1340670165418128
1340670255048323
1340670346305158
1340670435677983
1340670526110166
1340670619133000
1340670706964169
1340670800813574
1340670890113472
1340670982335521
1340671069829900
1340671165485216
1340671254023533
1340671347832277
1340671438222604
1340671527595772
1340671617963808
1340671711952395
1340671802311646
1340671895285648
1340671987105683
1340672079864049
1340672169423813
1340672257420635
1340672346240367
1340672434123897
1340672523105400
1340672618848270
1340672706677198
1340672800388881
1340672890506400
1340672984931033
1340673078106594
1340673165574629
1340673254441567
1340673347028397
1340673434598631
