1340539000181789
1340539089313655
1340539176744606
1340539264665295
1340539353484724
1340539441152619
1340539529315145
1340539616992224
1340539706151365
1340539797634043
1340539885888152
1340539974039319
1340540061777463
1340540148762259
1340540236776598
1340540325650958
1340540412947512
1340540500819564
1340540588831577
1340540676673259
1340540764726951
1340540852951497
1340540940717281
1340541029608336
1340541117093257
1340541204676303
1340541292775709
1340541380734708
1340541469329083
1340541557061886
1340541644982845
1340541732788110
1340541821386963
1340541908692668
1340541996994196
1340542086133830
1340542176712522
1340542264959762
1340542353599354
1340542441262811
1340542529268275
1340542617932195
1340542705922239
1340542798165767
1340542888740254
1340542976981390
1340543065750557
1340543152729982
1340543240781553
1340543332877506
1340543421232075
1340543508674184
1340543596905069
1340543685830025
1340543778110042
1340543869928018
1340543956833885
1340544045835127
1340544132784458
1340544220783761
1340544313514019
1340544400830310
1340544489485218
1340544577932136
1340544665739587
1340544753960576
1340544841810319
1340544928633279
1340545016754628
1340545105325847
1340545192760541
1340545280780873
1340545368666176
1340545457281159
1340545544752775
1340545632981512
1340545720807638
1340545808819863
1340545896847935
1340545985706740
1340546073758060
1340546160480441
1340546252840188
1340546341395267
1340546428977741
1340546516694241
1340546604974423
1340546693757153
1340546785588708
1340546873670973
1340546960933470
1340547048473127
1340547136774513
1340547224887182
1340547312741997
1340547400855583
1340547488859324
1340547577008557
1340547665619341
1340547753920825
