1340374735208720
1340374822536501
1340374910483593
1340374998000245
1340375089711264
1340375177746383
1340375265813093
1340375361633085
1340375449627514
1340375539241064
1340375625733164
1340375717606004
1340375807960839
1340375899130703
1340375986607300
1340376074378526
1340376161692076
1340376250293847
1340376341680575
1340376429679032
1340376519034727
1340376606400512
1340376694994457
1340376788548862
1340376885616905
1340376981431410
1340377072866088
1340377165702754
1340377254293352
1340377341474619
1340377431097265
1340377519665780
1340377608470897
1340377700052698
1340377790703821
1340377877678082
1340377967595253
1340378056244419
1340378149703081
1340378237701235
1340378331394830
1340378418005521
1340378505807192
1340378594723260
1340378685740273
1340378773756052
1340378862576764
1340378949947739
1340379037814074
1340379126385598
1340379213620809
1340379303653045
1340379389772859
1340379479258799
1340379569719497
1340379658439831
1340379747850101
1340379840268772
1340379930007765
1340380019565059
1340380106258243
1340380193705575
1340380281721736
1340380370044131
1340380458605231
1340380552336749
1340380647674574
1340380737781861
1340380826496508
1340380913823008
1340381002943828
1340381090401855
1340381177700452
1340381265718924
1340381354344004
1340381442854392
1340381530602912
1340381625255520
1340381716552954
1340381813926614
1340381909935416
1340381997745004
1340382090506853
1340382181739266
1340382276622315
1340382365791164
1340382453859575
1340382542610096
1340382630742893
1340382717663381
1340382807945104
1340382904295545
1340383000199994
1340383089778574
1340383177699579
1340383265777700
1340383354015256
1340383441798140
1340383531050620
1340383618983775
