1340365791413642
1340365877524474
1340365966496836
1340366054448718
1340366141583484
1340366229497342
1340366317465542
1340366405672876
1340366494292718
1340366581609927
1340366671500541
1340366757596340
1340366846370503
1340366938442223
1340367026012855
1340367114383932
1340367201569774
1340367290323139
1340367377510225
1340367467734134
1340367558308743
1340367646960519
1340367737571256
1340367826120814
1340367914332363
1340368003997248
1340368093934205
1340368183708941
1340368269551924
1340368358045016
1340368447728852
1340368545540045
1340368642078681
1340368738034305
1340368826269988
1340368913672993
1340369002469043
1340369089936873
1340369177606835
1340369265479212
1340369353635910
1340369446897523
1340369535822043
1340369631312040
1340369724605509
1340369819362890
1340369913421108
1340370002318757
1340370094461527
1340370181513002
1340370269461162
1340370357708103
1340370447803827
1340370537518769
1340370625743448
1340370714329265
1340370804404047
1340370896714558
1340370992037166
1340371082903484
1340371169639145
1340371257887564
1340371346052757
1340371434414355
1340371521776342
1340371611697826
1340371703489339
1340371790113088
1340371878142662
1340371967137525
1340372055068368
1340372145594401
1340372233514635
1340372323271541
1340372409695959
1340372497901475
1340372586267202
1340372677589903
1340372766634929
1340372858141696
1340372945595232
1340373034486844
1340373121799759
1340373209580683
1340373297772785
1340373389704307
1340373480032279
1340373569562194
1340373658762852
1340373746571501
1340373835425129
1340373923490447
1340374011379861
1340374099312953
1340374185511186
1340374273303618
1340374362135808
1340374450849756
1340374545517203
1340374636428706
