1340556813050673
1340556901941719
1340556994372610
1340557082070519
1340557172721353
1340557260825157
1340557349711701
1340557436805567
1340557525648154
1340557612801683
1340557701406889
1340557790173190
1340557880915704
1340557969310367
1340558057562715
1340558148754333
1340558236803521
1340558325766402
1340558412777617
1340558501047786
1340558589469017
1340558677989405
1340558770357054
1340558866413642
1340558954141571
1340559046209026
1340559132774255
1340559220767854
1340559309505583
1340559400933329
1340559489045115
1340559577986420
1340559665362528
1340559753791614
1340559846116768
1340559934383408
1340560025298332
1340560118359565
1340560204781112
1340560293801928
1340560384856275
1340560472566055
1340560561453650
1340560650098618
1340560742362721
1340560833911133
1340560921931665
1340561013439867
1340561106395096
1340561196754618
1340561284869079
1340561372839292
1340561462000683
1340561549111909
1340561637044312
1340561724990389
1340561814314781
1340561905929456
1340561997955805
1340562086141816
1340562172765108
1340562261362367
1340562349926202
1340562437446940
1340562524748692
1340562613427415
1340562706134911
1340562797946522
1340562889956134
1340562977019317
1340563066068879
1340563156763437
1340563245338207
1340563332763897
1340563425107824
1340563512897683
1340563601030026
1340563689549352
1340563776791118
1340563865212654
1340563954103301
1340564045777246
1340564132569736
1340564220799369
1340564309579750
1340564400772995
1340564492675269
1340564584657572
1340564673210290
1340564761978464
1340564849752943
1340564942394547
1340565028704359
1340565120705973
1340565208813606
1340565300953997
1340565388733701
1340565477177873
1340565564667166
1340565653410080
