1340438142671418
1340438229958217
1340438323478516
1340438409782257
1340438498918811
1340438587535409
1340438674721968
1340438762776207
1340438853958935
1340438941952154
1340439034953927
1340439128554433
1340439218016741
1340439306872246
1340439397976343
1340439486772360
1340439574840394
1340439661987177
1340439750193653
1340439842174929
1340439933948266
1340440022093193
1340440111400773
1340440197917935
1340440292357640
1340440386673545
1340440479360570
1340440574427171
1340440666032292
1340440758976816
1340440846252231
1340440936130902
1340441029798541
1340441117973638
1340441205858374
1340441293957872
1340441386627390
1340441473959150
1340441561988120
1340441652598253
1340441749254336
1340441841986209
1340441930825990
1340442018607670
1340442112535712
1340442202042121
1340442289966038
1340442377775980
1340442466744590
1340442554499771
1340442647533475
1340442741917545
1340442830047917
1340442924858894
1340443019398012
1340443106980874
1340443194007894
1340443281916872
1340443369975790
1340443462851980
1340443556341784
1340443654025051
1340443741983628
1340443831217795
1340443922420893
1340444019567709
1340444106948072
1340444193917646
1340444283150357
1340444370356361
1340444457882950
1340444547025755
1340444638982692
1340444732125537
1340444823885644
1340444914012465
1340445001866112
1340445093067729
1340445181926823
1340445269880221
1340445358885317
1340445446168328
1340445533823623
1340445622514503
1340445709842544
1340445797958889
1340445885752120
1340445975029421
1340446062438100
1340446149753800
1340446237850480
1340446325892473
1340446413822950
1340446505877946
1340446594023954
1340446682077192
1340446769963627
1340446857939415
1340446945901672
1340447041863673
