1340745346360207
1340745435034900
1340745527262508
1340745614742932
1340745705826556
1340745798494655
1340745890854476
1340745983685473
1340746078747694
1340746170031006
1340746258623509
1340746355927824
1340746446014252
1340746541794555
1340746630792003
1340746726037168
1340746815206858
1340746907165985
1340746998992505
1340747095434910
1340747181760153
1340747276594878
1340747365852607
1340747459394287
1340747546432095
1340747636743903
1340747727953730
1340747822110636
1340747909776434
1340747997671981
1340748094348509
1340748181691307
1340748270274034
1340748368678253
1340748464155639
1340748564031644
1340748662995653
1340748757869313
1340748851740773
1340748952901359
1340749052649155
1340749149756317
1340749238120230
1340749325787979
1340749413841920
1340749508550459
1340749606811425
1340749700635110
1340749790738306
1340749884676362
1340749981893519
1340750076934192
1340750173772555
1340750266516535
1340750358594683
1340750451725915
1340750546470938
1340750640024990
1340750737470006
1340750831651875
1340750931966779
1340751032235810
1340751129919967
1340751217802398
1340751311831828
1340751401849396
1340751495955043
1340751586153197
1340751680087187
1340751775579612
1340751868038818
1340751967235179
1340752061868424
1340752153769917
1340752243832220
1340752339578765
1340752435150886
1340752528255846
1340752629860776
1340752725236876
1340752822032282
1340752916623070
1340753014413835
1340753116794410
1340753205655382
1340753294375919
1340753382245925
1340753477313494
1340753570948911
1340753667289802
1340753754977907
1340753853783009
1340753942914909
1340754038795431
1340754126387310
1340754213789227
1340754302836896
1340754398026241
1340754486863615
1340754585024032
