1340330325897586
1340330413279922
1340330501268784
1340330589101119
1340330677295537
1340330765311744
1340330853292795
1340330941274629
1340331030196832
1340331117263355
1340331205168022
1340331293230711
1340331381428022
1340331469254604
1340331557417954
1340331645332532
1340331733204793
1340331821198979
1340331909296416
1340331997347740
1340332085284023
1340332173306067
1340332261319147
1340332349186288
1340332437225972
1340332525147538
1340332613103059
1340332701124964
1340332789315145
1340332877524609
1340332965276120
1340333053298853
1340333141296188
1340333229270854
1340333317261251
1340333405291392
1340333493321878
1340333581211471
1340333669236958
1340333757140510
1340333845367884
1340333933234444
1340334021236837
1340334109070830
1340334197340784
1340334285323670
1340334373319460
1340334461314832
1340334549309317
1340334637063608
1340334725221936
1340334813193714
1340334901140549
1340334989187223
1340335077251814
1340335165318609
1340335253282535
1340335341401982
1340335429247172
1340335517219157
1340335605229664
1340335693347537
1340335781272503
1340335869348749
1340335957163477
1340336045245522
1340336133266535
1340336221174431
1340336309231008
1340336397286330
1340336485303175
1340336573306664
1340336661264643
1340336749615903
1340336837377905
1340336925436829
1340337013297693
1340337101199361
1340337189283333
1340337277124192
1340337365274433
1340337453242392
1340337541276049
1340337629302962
1340337717211612
1340337805218983
1340337893298502
1340337981151336
1340338069218648
1340338157125777
1340338245403550
1340338333207165
1340338421327049
1340338509236277
1340338597178514
1340338685196334
1340338773339142
1340338861374357
1340338949395430
1340339037321947
