1340321461763063
1340321550038725
1340321644614418
1340321740547836
1340321831701468
1340321922009960
1340322010144093
1340322098322797
1340322185310454
1340322274506566
1340322361458629
1340322449214799
1340322538018027
1340322625543724
1340322717496164
1340322807749545
1340322904978371
1340322995731208
1340323087726256
1340323177267265
1340323265297231
1340323353382756
1340323442971299
1340323529332363
1340323621932393
1340323710795185
1340323798238522
1340323885903457
1340323973268123
1340324063733821
1340324153133551
1340324241424396
1340324329271881
1340324417372469
1340324505150827
1340324597974677
1340324689385678
1340324777317893
1340324865936225
1340324953845602
1340325042238277
1340325129369994
1340325217414286
1340325306347651
1340325393427093
1340325483314380
1340325569934160
1340325657357670
1340325745185795
1340325833988578
1340325922076286
1340326009312838
1340326097317312
1340326185106168
1340326273322709
1340326361912886
1340326449231574
1340326537187211
1340326625239922
1340326713267736
1340326801231461
1340326889289396
1340326977332614
1340327065333517
1340327153354718
1340327241268225
1340327329350955
1340327417243604
1340327505320275
1340327593278235
1340327681247761
1340327769217102
1340327857387850
1340327945353082
1340328033362963
1340328125274418
1340328213411153
1340328301360227
1340328389346473
1340328477342750
1340328565107556
1340328653302670
1340328741269997
1340328829275199
1340328917244547
1340329005153750
1340329093245799
1340329181374918
1340329269401646
1340329357283936
1340329445275226
1340329533302107
1340329621233941
1340329709254133
1340329797385067
1340329885330139
1340329973247669
1340330061230174
1340330149282415
1340330237251613
