1340520476522896
1340520576113624
1340520680050125
1340520782114346
1340520878317652
1340520974238057
1340521069202511
1340521162393650
1340521253465196
1340521353240808
1340521442726100
1340521534886971
1340521624699134
1340521722798870
1340521810221562
1340521906240581
1340522004709474
1340522098953299
1340522186392902
1340522279962188
1340522375464505
1340522463219643
1340522558971961
1340522651335585
1340522746576790
1340522838493237
1340522934300948
1340523030069436
1340523122811085
1340523210415632
1340523302560319
1340523399479772
1340523494221285
1340523587873228
1340523687423057
1340523790010812
1340523882424159
1340523977869099
1340524074259809
1340524170371236
1340524258337031
1340524347988786
1340524439698835
1340524540226018
1340524639176483
1340524736053912
1340524837199170
1340524928693694
1340525027343718
1340525118376031
1340525206375204
1340525294388468
1340525382844712
1340525474090536
1340525566275406
1340525662763318
1340525760041011
1340525857355252
1340525949175761
1340526050304217
1340526146349463
1340526234335650
1340526322391320
1340526415899172
1340526512877786
1340526613213285
1340526713139084
1340526813215689
1340526906550531
1340526998288813
1340527096079381
1340527186371378
1340527282773056
1340527378403921
1340527468737321
1340527563717285
1340527661728569
1340527758728332
1340527855413764
1340527955951389
1340528053251390
1340528150315199
1340528238392058
1340528329868135
1340528420097269
1340528520294926
1340528621711922
1340528717935322
1340528820997811
1340528918778125
1340529010284559
1340529106369067
1340529194405790
1340529289498555
1340529386549084
1340529476371098
1340529570501466
1340529659931145
1340529763169829
1340529858699520
