1336048471453943
1336049476030243
1336050485833499
1336051492041990
1336052496343484
1336053500298601
1336054505359811
1336055512476748
1336056516389962
1336057523122289
1336058528795879
1336059538652590
1336060544698183
1336061555469712
1336062562807451
1336063571168437
1336064577368196
1336065581514157
1336066587109326
1336067592319992
1336068600136581
1336069605274180
1336070613774488
1336071620179246
1336072630378873
1336073638275695
1336074642185503
1336075651169598
1336076657027262
1336077665778825
1336078670015469
1336079675403059
1336080681377070
1336081691805603
1336082701967480
1336083705015512
1336084708257020
1336085714703032
1336086724952612
1336087732631202
1336088740707349
1336089749127722
1336090754247336
1336091762776656
1336092766857386
1336093773554956
1336094777842501
1336095781568705
1336096785382243
1336097790076371
1336098794660756
1336099801741758
1336100809785438
1336101814013461
1336102821726659
1336103827359084
1336104839750868
1336105846000629
1336106855563807
1336107861020343
1336108871105860
1336109875008163
1336110878591191
1336111883130180
1336112887783338
1336113891725948
1336114897935499
1336115903670156
1336116911443019
1336117920202215
1336118931947746
1336119936999578
1336120943284145
1336121949539119
1336122960962996
1336123971494348
1336124982241840
1336125992674762
1336126998053212
1336128002484497
1336129008295548
1336130016453386
1336131021217094
1336132030703502
1336133036755906
1336134046669809
1336135058147601
1336136068038130
1336137072890682
1336138083828024
1336139089490704
1336140099314503
1336141108348320
1336142117490247
1336143126393477
1336144131553272
1336145140513250
1336146151155066
1336147164041093
1336148173482859
