1335644319148111
1335645329599253
1335646340575188
1335647351210953
1335648358788947
1335649366748323
1335650371100367
1335651375732121
1335652380209165
1335653383830279
1335654388216853
1335655391554497
1335656395323286
1335657400477527
1335658404609971
1335659410221821
1335660416833910
1335661423787051
1335662430066374
1335663437812604
1335664444312219
1335665450936823
1335666457813308
1335667467907631
1335668477545983
1335669486561932
1335670494445473
1335671503889083
1335672511983466
1335673523093853
1335674534036068
1335675542289819
1335676552621798
1335677562577008
1335678574386542
1335679586535977
1335680595095891
1335681608138089
1335682619767182
1335683632112579
1335684646615094
1335685657655285
1335686670641457
1335687685411890
1335688698779695
1335689712463703
1335690725799217
1335691738741183
1335692752039122
1335693764942119
1335694777838834
1335695789358717
1335696801761300
1335697814920316
1335698825466947
1335699838281654
1335700851080783
1335701861687561
1335702872545867
1335703884436614
1335704897042706
1335705909190933
1335706922335934
1335707935312360
1335708944541272
1335709957175138
1335710970457742
1335711980959240
1335712991004505
1335713997892075
1335715005280567
1335716009055830
1335717013797742
1335718017670620
1335719024406723
1335720032350502
1335721037190569
1335722042829245
1335723050456366
1335724059504034
1335725066984614
1335726075868697
1335727084890384
1335728092775270
1335729099148385
1335730104982795
1335731110582999
1335732115434657
1335733118553404
1335734125006539
1335735135330960
1335736145886786
1335737157341028
1335738168868098
1335739182447573
1335740196390943
1335741204884961
1335742217853901
1335743229705103
1335744241211687
