1335745255711627
1335746260307038
1335747264671584
1335748268882418
1335749273205151
1335750284595582
1335751291241144
1335752302490097
1335753313281850
1335754325676048
1335755338501856
1335756351181230
1335757360134415
1335758367201112
1335759371580502
1335760375844039
1335761379015036
1335762382761700
1335763387372352
1335764391770719
1335765395562323
1335766399311029
1335767403535277
1335768407487667
1335769413864697
1335770419081831
1335771424868098
1335772431858836
1335773439307903
1335774445400896
1335775454783390
1335776460810544
1335777468420929
1335778477712213
1335779483130838
1335780486681417
1335781491854891
1335782498990473
1335783506875186
1335784512057544
1335785517218313
1335786521517247
1335787526305908
1335788531660906
1335789536642522
1335790542106186
1335791552563404
1335792558857512
1335793562401620
1335794567554917
1335795574693916
1335796581638690
1335797590967883
1335798596887475
1335799604492796
1335800611129582
1335801619548643
1335802629636293
1335803635823168
1335804644233335
1335805651633769
1335806658728792
1335807663593433
1335808673432100
1335809682859692
1335810693211533
1335811699873653
1335812707852989
1335813718231764
1335814728377193
1335815739857356
1335816748803515
1335817756037521
1335818763354732
1335819768284962
1335820772315352
1335821778192869
1335822785684560
1335823793333298
1335824802547688
1335825810217849
1335826815741044
1335827821994739
1335828828133406
1335829835703855
1335830841670694
1335831845104620
1335832849133697
1335833856782591
1335834862948209
1335835868543522
1335836875288679
1335837881283439
1335838886274087
1335839896965716
1335840908444027
1335841920058086
1335842927675655
1335843932661368
1335844940374241
