1338770143879049
1338771147645088
1338772152141458
1338773156049738
1338774160312484
1338775163428173
1338776166291131
1338777169606644
1338778173354802
1338779177241066
1338780180385206
1338781183145304
1338782186462510
1338783190024545
1338784193178304
1338785196931420
1338786201218786
1338787204787319
1338788208178510
1338789211539694
1338790215330653
1338791219308405
1338792223018074
1338793227230458
1338794231609473
1338795238299051
1338796247762482
1338797256019518
1338798259835266
1338799264247520
1338800273375427
1338801280551664
1338802287158751
1338803291434262
1338804299775405
1338805306947598
1338806316893100
1338807327702949
1338808338172241
1338809343823252
1338810351867277
1338811360533218
1338812366954406
1338813371287879
1338814375292364
1338815379994497
1338816385527463
1338817389288403
1338818393288033
1338819398243328
1338820402144135
1338821406458156
1338822410611026
1338823414539047
1338824417813107
1338825422879645
1338826428935595
1338827434233282
1338828440690724
1338829448377295
1338830454090729
1338831463675272
1338832474712822
1338833481840311
1338834489081467
1338835496225010
1338836505657793
1338837513076535
1338838519934523
1338839528210559
1338840532246232
1338841541621598
1338842552252977
1338843563674892
1338844572827468
1338845582806787
1338846595617297
1338847605756547
1338848612340118
1338849618567608
1338850628880500
1338851637012598
1338852642968133
1338853655462207
1338854668138513
1338855681859080
1338856693561557
1338857701069594
1338858707769442
1338859718231621
1338860726602541
1338861735989283
1338862746026809
1338863758089065
1338864768152948
1338865779541163
1338866790223153
1338867796362960
1338868806160613
1338869817601766
