1337460693946390
1337461701564058
1337462715342185
1337463726699427
1337464738866199
1337465749161302
1337466755469344
1337467763376504
1337468771642151
1337469782485782
1337470792255060
1337471798016067
1337472802583680
1337473807544892
1337474810930953
1337475814862849
1337476823591143
1337477835825318
1337478845879554
1337479852942692
1337480861332799
1337481870488897
1337482877307182
1337483885481812
1337484893861096
1337485905595419
1337486916769315
1337487927317076
1337488938530772
1337489942982630
1337490954342913
1337491967151400
1337492978899037
1337493990636642
1337495000191534
1337496004355047
1337497008493739
1337498012702548
1337499017783007
1337500024898518
1337501028782919
1337502037570067
1337503046769044
1337504050606533
1337505055461365
1337506063746908
1337507073114278
1337508081058730
1337509091062800
1337510099363317
1337511110612263
1337512120636155
1337513130184688
1337514133644689
1337515136741490
1337516141031206
1337517147177763
1337518151127864
1337519154511501
1337520157753907
1337521160816850
1337522164646172
1337523168726443
1337524172354136
1337525176072473
1337526180219762
1337527183897007
1337528187117166
1337529190290400
1337530194574483
1337531198112726
1337532201915673
1337533205524604
1337534209191072
1337535212752421
1337536216205529
1337537220396287
1337538224048722
1337539229800438
1337540233427086
1337541237422721
1337542240678190
1337543243962985
1337544247903309
1337545252253692
1337546256543373
1337547260686037
1337548267932186
1337549273023997
1337550277542311
1337551286825452
1337552291410528
1337553298953652
1337554302986404
1337555307992317
1337556312082273
1337557315500078
1337558319680118
1337559327999007
1337560333530484
