1339185650220355
1339185653822215
1339185657496735
1339185661067626
1339185664679505
1339185668206724
1339185671911461
1339185675452016
1339185678969316
1339185682734225
1339185687063214
1339185691405310
1339185695389180
1339185699347440
1339185703047194
1339185707839124
1339185711447560
1339185715137452
1339185719051140
1339185723514311
1339185727676576
1339185732107780
1339185738184776
1339185742683418
1339185747918912
1339185752415838
1339185756850659
1339185761417727
1339185766912783
1339185772031740
1339185776587605
1339185781243020
1339185789055375
1339185795885739
1339185799679774
1339185802893080
1339185806063937
1339185809366539
1339185812676411
1339185816112584
1339185819809047
1339185823462189
1339185827196810
1339185831658856
1339185837036475
1339185842748376
1339185848787390
1339185856188978
1339185863017358
1339185869281059
1339185874213244
1339185877895352
1339185881967980
1339185886044968
1339185889868405
1339185894126439
1339185898747940
1339185903482382
1339185908335908
1339185913013047
1339185917954278
1339185923243518
1339185929865637
1339185937578955
1339185944636580
1339185950733598
1339185957844679
1339185965092310
1339185972958755
1339185980659778
1339185987736165
1339185993413859
1339185998956749
1339186004311436
1339186009009967
1339186013267498
1339186019992033
1339186025441904
1339186030395254
1339186034643357
1339186037834182
1339186040982690
1339186044277385
1339186048816553
1339186052875163
1339186056858318
1339186060707543
1339186064422124
1339186068033534
1339186071568006
1339186075061308
1339186078789247
1339186082581010
1339186086220652
1339186089772548
1339186093296115
1339186096967496
1339186100633582
1339186105266644
1339186109510820
