1339180655895224
1339180660320302
1339180664707338
1339180668791303
1339180674154976
1339180678406259
1339180682655155
1339180687677078
1339180691959365
1339180695636559
1339180699297798
1339180703307484
1339180712634134
1339180715852537
1339180719476141
1339180722921250
1339180726554937
1339180729931366
1339180733430806
1339180736934719
1339180740507437
1339180744152916
1339180748326535
1339180752731065
1339180757112118
1339180761463939
1339180765350165
1339180769179984
1339180772956860
1339180777672259
1339180782529126
1339180787387168
1339180792651927
1339180796785845
1339180800081335
1339180803514398
1339180807060136
1339180810890749
1339180814743489
1339180818764068
1339180822549691
1339180826219544
1339180829929491
1339180833876917
1339180838444038
1339180843042214
1339180847524545
1339180852294243
1339180857882612
1339180862636064
1339180867267506
1339180872135321
1339180876608767
1339180881094216
1339180885941965
1339180890711384
1339180894901342
1339180898642251
1339180902150956
1339180905604541
1339180909676457
1339180914077229
1339180918414515
1339180922924042
1339180927171421
1339180930701496
1339180934160009
1339180937540373
1339180940986547
1339180944969309
1339180949190469
1339180953309078
1339180957595378
1339180961824008
1339180966442777
1339180970993508
1339180975453000
1339180979358732
1339180983312782
1339180986944950
1339180990911223
1339180995061627
1339180999324392
1339181004955533
1339181008345818
1339181011481424
1339181017290774
1339181020535354
1339181023889801
1339181027425690
1339181030667775
1339181034215792
1339181037754926
1339181041055230
1339181044008592
1339181047256298
1339181050582011
1339181053991109
1339181057938717
1339181061573458
