1339173816794721
1339173821127835
1339173825528027
1339173830158124
1339173835178707
1339173841240933
1339173845971674
1339173854462848
1339173860137868
1339173864866185
1339173869228266
1339173873703550
1339173878141969
1339173882695318
1339173888075345
1339173893833988
1339173899287255
1339173904150527
1339173907590483
1339173910968719
1339173914256211
1339173917998953
1339173921669288
1339173925858706
1339173930011088
1339173934226468
1339173938524645
1339173943339649
1339173947739729
1339173952098707
1339173956609795
1339173960917946
1339173965157977
1339173969405551
1339173973726138
1339173977809188
1339173981726300
1339173985684437
1339173989473759
1339173993863184
1339173998270080
1339174004364259
1339174008778559
1339174012825247
1339174018341762
1339174023264961
1339174032599460
1339174037974301
1339174049005663
1339174053084726
1339174057398225
1339174065184367
1339174068573473
1339174076122026
1339174082168585
1339174086152837
1339174089910046
1339174094180262
1339174098883959
1339174102675752
1339174106479758
1339174110189897
1339174116501637
1339174120838176
1339174125205702
1339174131938599
1339174135311351
1339174138627692
1339174142812683
1339174146156256
1339174149337784
1339174152422106
1339174155838778
1339174159677958
1339174162980076
1339174166237018
1339174169524619
1339174172861881
1339174176877637
1339174187656346
1339174191547949
1339174194786515
1339174202038052
1339174205320755
1339174208512112
1339174214139303
1339174217562602
1339174220754636
1339174227514511
1339174230930222
1339174233977033
1339174240468111
1339174244324477
1339174247492760
1339174250587460
1339174258494726
1339174261958360
1339174265187471
1339174268510874
1339174271677818
