1339183178809109
1339183182000874
1339183185310070
1339183188813965
1339183192066160
1339183195152690
1339183198596157
1339183201740463
1339183205048678
1339183208283198
1339183211684975
1339183215130353
1339183218449420
1339183221810151
1339183225047079
1339183228428911
1339183232204009
1339183235249106
1339183238472374
1339183241899081
1339183245378120
1339183248892574
1339183252473520
1339183256098552
1339183259993718
1339183264150012
1339183268198915
1339183273048455
1339183278501975
1339183284407581
1339183289475601
1339183294442361
1339183300128979
1339183306690469
1339183312829508
1339183318314071
1339183323778268
1339183329849671
1339183336141407
1339183340542655
1339183344656633
1339183349347046
1339183354896827
1339183359764210
1339183363663540
1339183367785482
1339183372076197
1339183376774957
1339183380705872
1339183383957215
1339183387077794
1339183390397588
1339183393690703
1339183397023613
1339183400322278
1339183404532368
1339183408544094
1339183412489697
1339183416433157
1339183420133779
1339183423472428
1339183426776701
1339183430549628
1339183434612877
1339183437986359
1339183441294304
1339183444673806
1339183448076454
1339183451491491
1339183454917741
1339183458348562
1339183461787605
1339183465171107
1339183468766576
1339183472287343
1339183476228220
1339183479994158
1339183484338970
1339183488392467
1339183492617635
1339183497287158
1339183502200335
1339183507045040
1339183512081707
1339183517090264
1339183521244925
1339183525123653
1339183528901029
1339183532406313
1339183536314412
1339183539935640
1339183545102169
1339183550162615
1339183554143508
1339183557671535
1339183562066402
1339183567341312
1339183570892514
1339183574483814
1339183578117528
