1337964160825476
1337965164716821
1337966168325169
1337967172573275
1337968176713394
1337969180440287
1337970183642503
1337971187070419
1337972190210999
1337973193942652
1337974198002915
1337975201872650
1337976206291918
1337977209987514
1337978213829480
1337979219030516
1337980222613890
1337981226402056
1337982230499087
1337983233716536
1337984236972628
1337985240272803
1337986244086802
1337987248707749
1337988256712252
1337989261993791
1337990267423175
1337991272041632
1337992282111676
1337993289237483
1337994293428899
1337995300797906
1337996310491395
1337997319335635
1337998324260883
1337999332483451
1338000342686712
1338001350845876
1338002362704450
1338003372739923
1338004376762348
1338005382819062
1338006386517420
1338007390494252
1338008395316627
1338009400840900
1338010406370381
1338011411227100
1338012416856213
1338013423297027
1338014429952585
1338015438515836
1338016445066066
1338017452096437
1338018461229071
1338019469014339
1338020476879754
1338021486429898
1338022496378327
1338023507112563
1338024519059542
1338025529962574
1338026541707264
1338027554394510
1338028566288941
1338029576706961
1338030587419896
1338031600339960
1338032613853018
1338033624735290
1338034635293687
1338035641927159
1338036647128460
1338037652613822
1338038658566618
1338039664916852
1338040669245656
1338041679953974
1338042689201674
1338043698198708
1338044705510633
1338045713678870
1338046724762413
1338047729222297
1338048737548378
1338049746427114
1338050758540303
1338051771201599
1338052785501862
1338053796922498
1338054802703872
1338055814428650
1338056826056477
1338057838678392
1338058850329443
1338059860757335
1338060871570193
1338061879425397
1338062891872564
1338063904413086
