1339177230478800
1339177237349159
1339177240713959
1339177243810980
1339177250508824
1339177253588387
1339177256855341
1339177263598765
1339177267398428
1339177270616478
1339177273942294
1339177277288079
1339177280888748
1339177284407642
1339177287882717
1339177291245821
1339177294720881
1339177298536855
1339177302397253
1339177306298044
1339177310198211
1339177314100743
1339177318056075
1339177322089294
1339177326021648
1339177329882662
1339177334217707
1339177339055251
1339177344234622
1339177349812363
1339177354851419
1339177361039830
1339177365902174
1339177369255748
1339177372621166
1339177376158848
1339177380153835
1339177383744123
1339177387096798
1339177390509762
1339177393680934
1339177397071874
1339177400678824
1339177404566460
1339177408744049
1339177412879160
1339177417123105
1339177421191879
1339177425253400
1339177429101362
1339177433837551
1339177438389998
1339177442853962
1339177446402018
1339177450230617
1339177454462510
1339177459154364
1339177463550962
1339177468184220
1339177473016367
1339177477611531
1339177482204968
1339177487699933
1339177496823111
1339177500521596
1339177504223763
1339177507645924
1339177510976499
1339177514587651
1339177518369173
1339177522459502
1339177526704207
1339177530810144
1339177534562440
1339177538424474
1339177542819949
1339177547923163
1339177552341277
1339177556138225
1339177560140711
1339177564284300
1339177568601535
1339177572794874
1339177576870012
1339177581564500
1339177585673621
1339177589606159
1339177594134373
1339177599761736
1339177604221996
1339177608099799
1339177611919305
1339177616391730
1339177621902909
1339177626018027
1339177629400761
1339177632710340
1339177636168312
1339177640591107
1339177645250720
