1339173818356096
1339173822583478
1339173827059381
1339173831809945
1339173837154445
1339173843318145
1339173847394777
1339173856556023
1339173861863536
1339173866365581
1339173870736692
1339173875228382
1339173879636786
1339173884612524
1339173890185366
1339173895665750
1339173901272442
1339173905491050
1339173908805902
1339173912153785
1339173915567624
1339173919282621
1339173923051772
1339173927310716
1339173931453875
1339173935702329
1339173940411746
1339173944941232
1339173949310852
1339173953682742
1339173958076024
1339173962375287
1339173966688513
1339173970766700
1339173975054424
1339173979067854
1339173983151649
1339173986971395
1339173990863204
1339173995409950
1339173999827263
1339174006025691
1339174010118087
1339174014374579
1339174020292207
1339174024850831
1339174034444729
1339174039761666
1339174050483573
1339174054505476
1339174062400015
1339174066388600
1339174069704867
1339174078569580
1339174083588411
1339174087446908
1339174091279776
1339174095772332
1339174100308731
1339174103851582
1339174107728084
1339174111488273
1339174118093452
1339174122763582
1339174126313162
1339174133190157
1339174136516073
1339174139748623
1339174144018217
1339174147260991
1339174150390936
1339174153607114
1339174157038570
1339174160873250
1339174164195912
1339174167416221
1339174170639914
1339174174216244
1339174178131683
1339174189266294
1339174192644861
1339174199619526
1339174203170603
1339174206422026
1339174209672252
1339174215261147
1339174218672327
1339174221837396
1339174228893015
1339174231991243
1339174235091725
1339174242045597
1339174245398216
1339174248618754
1339174255753346
1339174259733032
1339174263078419
1339174266273272
1339174269589685
1339174272869547
