1337360044032786
1337361052568163
1337362057973376
1337363070744991
1337364079973336
1337365091574310
1337366104434103
1337367115630714
1337368124482769
1337369135547447
1337370139457245
1337371143138258
1337372146675438
1337373150628593
1337374154397625
1337375157370540
1337376160233105
1337377163718332
1337378167124774
1337379170575683
1337380174067995
1337381177288938
1337382180362283
1337383183542851
1337384187109016
1337385190637501
1337386194183696
1337387198328351
1337388202406155
1337389208922169
1337390212605337
1337391216548898
1337392220661110
1337393224219523
1337394227905917
1337395231146174
1337396234845927
1337397238290593
1337398241977714
1337399247902597
1337400251384525
1337401254442810
1337402259336370
1337403265893313
1337404271464703
1337405276412007
1337406287058364
1337407290876674
1337408299157739
1337409305522207
1337410315597296
1337411323309947
1337412327088779
1337413331437772
1337414340488635
1337415351416702
1337416361610932
1337417366817196
1337418370886602
1337419376558384
1337420380609849
1337421384098241
1337422387059415
1337423391777259
1337424401866514
1337425406919017
1337426412331955
1337427419393326
1337428428855070
1337429435425550
1337430442361554
1337431451289746
1337432461606802
1337433471502703
1337434479598713
1337435485849631
1337436491723381
1337437496626638
1337438507034594
1337439514499369
1337440524089907
1337441527821440
1337442533170955
1337443544960831
1337444558160176
1337445567139286
1337446575484729
1337447582863518
1337448591271191
1337449597386622
1337450601900368
1337451607472878
1337452611717999
1337453617496990
1337454628088355
1337455638289717
1337456645256836
1337457656637004
1337458667775876
1337459679130075
