1339182318984991
1339182324500191
1339182329717498
1339182335829907
1339182339380606
1339182342466369
1339182345604383
1339182350025677
1339182353914829
1339182357495496
1339182361567048
1339182365171262
1339182371990177
1339182375469166
1339182378813344
1339182386819152
1339182390839589
1339182394501397
1339182398035274
1339182401418704
1339182404997247
1339182408730510
1339182412576240
1339182416665360
1339182420956684
1339182425257071
1339182430326731
1339182435459903
1339182440166350
1339182444676624
1339182450225050
1339182455096753
1339182460134917
1339182465519951
1339182469302173
1339182472570159
1339182476024131
1339182479975082
1339182483458347
1339182486934226
1339182490587468
1339182496245654
1339182499649244
1339182504041858
1339182508724074
1339182513405221
1339182518284177
1339182522596794
1339182527045692
1339182530668110
1339182534464549
1339182538043397
1339182541375153
1339182544764703
1339182549191284
1339182553971716
1339182558370275
1339182562507681
1339182566614149
1339182571072578
1339182576513095
1339182581272987
1339182586108486
1339182590606646
1339182595908518
1339182602162504
1339182607337131
1339182612338335
1339182615920946
1339182619569992
1339182622979794
1339182626854866
1339182631375151
1339182636489919
1339182641051864
1339182645593173
1339182650327027
1339182655269765
1339182660270270
1339182665858244
1339182670643386
1339182675225750
1339182680457617
1339182684901584
1339182689198577
1339182693637553
1339182698108719
1339182702845527
1339182706598937
1339182709984616
1339182713145017
1339182716318213
1339182719684357
1339182723126837
1339182727048734
1339182730937913
1339182734681778
1339182738762735
1339182745276387
1339182751748181
