1338265368676167
1338266372308298
1338267375405267
1338268378959649
1338269383372522
1338270388241373
1338271391828914
1338272397126558
1338273403077018
1338274408611100
1338275415112345
1338276422037996
1338277429022558
1338278437903121
1338279446176933
1338280452444025
1338281461187816
1338282472700260
1338283484405439
1338284494791348
1338285507479709
1338286520414865
1338287529319756
1338288540226348
1338289549383012
1338290560729857
1338291573909571
1338292586777080
1338293599900750
1338294615867125
1338295626073396
1338296640581004
1338297653652425
1338298665300044
1338299676166547
1338300689245313
1338301702925632
1338302715384197
1338303728278050
1338304740141008
1338305752598038
1338306764547959
1338307779439122
1338308793999182
1338309806195425
1338310816790670
1338311829658138
1338312837865265
1338313845818580
1338314852089078
1338315858666924
1338316865009844
1338317872273416
1338318881012334
1338319891663218
1338320899634200
1338321909584428
1338322919023037
1338323932095565
1338324941687860
1338325948390879
1338326956245299
1338327964741957
1338328971786249
1338329978855611
1338330985789343
1338331998434684
1338333005380079
1338334012911274
1338335019550231
1338336027532828
1338337039178966
1338338051280964
1338339062715877
1338340075472943
1338341087717090
1338342098921894
1338343110738723
1338344120675524
1338345127039263
1338346132984880
1338347136090847
1338348139779065
1338349143889246
1338350148060129
1338351152320069
1338352156572397
1338353160839788
1338354165240279
1338355169488056
1338356173361456
1338357177161888
1338358181331126
1338359185144582
1338360189151024
1338361192756730
1338362196483491
1338363200224384
1338364203811622
1338365207531244
