1339172257312651
1339172260422443
1339172264503421
1339172267521930
1339172270618481
1339172274004944
1339172277852166
1339172280948740
1339172284142298
1339172290738077
1339172294150481
1339172297592105
1339172300833410
1339172304144212
1339172307485428
1339172310636166
1339172313946171
1339172317722168
1339172321045702
1339172324114193
1339172327376372
1339172330717929
1339172334208564
1339172337683902
1339172341892224
1339172346496663
1339172350683480
1339172355101473
1339172364474912
1339172368723745
1339172371836448
1339172375383856
1339172378654124
1339172381970783
1339172385238996
1339172392365849
1339172395837698
1339172399154394
1339172403264968
1339172407749941
1339172412103688
1339172416813538
1339172422054222
1339172426778810
1339172432084981
1339172438024577
1339172444433676
1339172454082808
1339172458952878
1339172463942588
1339172468879644
1339172473804797
1339172478449558
1339172483892436
1339172488939011
1339172493552045
1339172496899531
1339172500454847
1339172504456720
1339172508990739
1339172512800005
1339172516378534
1339172520037241
1339172523636747
1339172527250706
1339172530683220
1339172534277901
1339172538207492
1339172542085393
1339172546091950
1339172550914374
1339172555684809
1339172559083581
1339172562330929
1339172565733935
1339172569943704
1339172574682318
1339172578638312
1339172583103144
1339172592398017
1339172596482847
1339172599681020
1339172603149517
1339172606523227
1339172609790949
1339172613144213
1339172616496791
1339172620830452
1339172625128354
1339172629165414
1339172633481112
1339172638159206
1339172643567357
1339172647744065
1339172651245282
1339172654701102
1339172658085529
1339172661437905
1339172664852041
1339172668447402
