1339178921670823
1339178925628553
1339178929119884
1339178933292950
1339178937901502
1339178942689651
1339178947575011
1339178952748715
1339178957093169
1339178961226104
1339178965271408
1339178969402902
1339178976124579
1339178981553450
1339178986479174
1339178992227784
1339178998054710
1339179004943068
1339179009917044
1339179013711033
1339179017319833
1339179020834965
1339179024680431
1339179028857037
1339179032920049
1339179036973139
1339179041287447
1339179045914593
1339179050869701
1339179055250681
1339179059293092
1339179063521448
1339179068878321
1339179072991247
1339179077037397
1339179081509746
1339179086179695
1339179090843874
1339179095749521
1339179100268459
1339179104406006
1339179108790465
1339179112808117
1339179116458118
1339179119841125
1339179123387903
1339179126789036
1339179130196488
1339179133468184
1339179136820110
1339179140100660
1339179144687224
1339179147951094
1339179151155822
1339179154630210
1339179157915272
1339179161234482
1339179164763598
1339179168347031
1339179171647068
1339179174850260
1339179178224371
1339179181545645
1339179184698208
1339179187974019
1339179194825509
1339179198406675
1339179201691686
1339179208654799
1339179211834442
1339179214923166
1339179218517811
1339179221967226
1339179225301272
1339179228661814
1339179232066486
1339179235336588
1339179238582317
1339179241829801
1339179246768816
1339179250442650
1339179253567524
1339179256850057
1339179260187129
1339179263541408
1339179266791309
1339179270152052
1339179273783893
1339179277671130
1339179280901626
1339179284340605
1339179287691766
1339179290953475
1339179294168372
1339179297576957
1339179302303036
1339179305749372
1339179308953753
1339179315691196
1339179318998284
