1335343147236377
1335344153337155
1335345157462181
1335346163204435
1335347170288098
1335348177904585
1335349184416194
1335350190749576
1335351196839407
1335352203145352
1335353209631742
1335354215711274
1335355221746926
1335356228199131
1335357234276791
1335358241022866
1335359246854605
1335360252395665
1335361258657940
1335362265791179
1335363272252276
1335364279303549
1335365285359611
1335366292538023
1335367299150378
1335368306088995
1335369311614393
1335370316389277
1335371319948863
1335372327236986
1335373334275442
1335374340905978
1335375346917304
1335376353187826
1335377358774866
1335378364219578
1335379369418009
1335380374392231
1335381378267085
1335382381972739
1335383386340242
1335384392560163
1335385396664824
1335386400277701
1335387405353825
1335388410381645
1335389415083418
1335390421591339
1335391426925468
1335392433836892
1335393440990104
1335394446687959
1335395452545072
1335396459106378
1335397464857623
1335398471157968
1335399477310473
1335400483950379
1335401490163324
1335402496266475
1335403502520791
1335404508863967
1335405513847633
1335406518579016
1335407525063137
1335408531917169
1335409538259665
1335410544343292
1335411551895734
1335412557331734
1335413562689273
1335414568734047
1335415574399502
1335416579743318
1335417585559554
1335418590705364
1335419596178404
1335420603237160
1335421609692262
1335422616826824
1335423622878675
1335424630028050
1335425635565955
1335426641165438
1335427647384595
1335428654119423
1335429661228129
1335430668498370
1335431674779372
1335432681513264
1335433687867664
1335434693986127
1335435700436425
1335436706717679
1335437712286582
1335438717875794
1335439724048356
1335440731279480
1335441738766654
1335442745067995
