1339179323040004
1339179329747624
1339179333144270
1339179336495601
1339179343573281
1339179346798833
1339179350616121
1339179354001275
1339179357092610
1339179361400014
1339179373287721
1339179387989903
1339179395154488
1339179398649397
1339179401955765
1339179408769350
1339179411976044
1339179415283696
1339179419216779
1339179422739894
1339179426117618
1339179429337892
1339179432697030
1339179436296135
1339179439490382
1339179442782555
1339179446117531
1339179449513662
1339179453085862
1339179456984046
1339179461047321
1339179464904100
1339179468796154
1339179472448101
1339179476081709
1339179480029096
1339179484087893
1339179490850374
1339179494782629
1339179499048946
1339179503433145
1339179507945158
1339179513174411
1339179518182144
1339179522833316
1339179527577065
1339179532347253
1339179536952687
1339179541036105
1339179544953626
1339179549854015
1339179553981258
1339179558124746
1339179563340904
1339179568871257
1339179574524120
1339179579482407
1339179584344008
1339179589376353
1339179594359627
1339179599325918
1339179604264630
1339179609451423
1339179613772071
1339179618363398
1339179623077646
1339179627698419
1339179632641914
1339179636836859
1339179640989414
1339179645188473
1339179649016628
1339179652701388
1339179656935681
1339179661095250
1339179669341639
1339179674234032
1339179679609692
1339179684907422
1339179692336948
1339179700379311
1339179703970086
1339179707638768
1339179710915071
1339179713961004
1339179717261433
1339179721162434
1339179724882714
1339179728493162
1339179732650656
1339179737394592
1339179741806770
1339179745784283
1339179749810961
1339179754371958
1339179759452826
1339179764782614
1339179769948087
1339179775683712
1339179781103190
