1339183981793081
1339183985613358
1339183989187155
1339183992858655
1339183996722356
1339184001064370
1339184005813454
1339184009611626
1339184013318190
1339184016965969
1339184020422746
1339184024158418
1339184028033227
1339184031942137
1339184035505183
1339184038766092
1339184042073990
1339184045377024
1339184048698794
1339184052045421
1339184055469239
1339184058754536
1339184061966199
1339184065178963
1339184068660318
1339184072585605
1339184076353387
1339184080229260
1339184084041758
1339184088355644
1339184093639873
1339184099274224
1339184106159251
1339184111809803
1339184117483361
1339184123363839
1339184126932375
1339184130055709
1339184133254034
1339184136347534
1339184139499385
1339184142662085
1339184152767454
1339184157476355
1339184168999216
1339184172681831
1339184176382124
1339184187771762
1339184200817503
1339184205103717
1339184208267888
1339184211803662
1339184215446450
1339184219128089
1339184222469364
1339184226247825
1339184230258591
1339184234189609
1339184238193372
1339184242380061
1339184246411095
1339184250054737
1339184253622645
1339184257527979
1339184261078688
1339184264771642
1339184269331676
1339184273948903
1339184279707533
1339184285875057
1339184291413074
1339184297517745
1339184303150817
1339184307742077
1339184311990172
1339184316019756
1339184319864359
1339184323493211
1339184327263713
1339184331073640
1339184334690113
1339184338285539
1339184342181348
1339184345791670
1339184349594909
1339184353833636
1339184357429167
1339184361564857
1339184365207072
1339184369397291
1339184373656277
1339184377710238
1339184381924566
1339184385875171
1339184389734333
1339184393605254
1339184397534374
1339184401411119
1339184405319882
1339184409661206
