1335644319140890
1335645329591056
1335646340564909
1335647351199844
1335648358781897
1335649366737886
1335650371095055
1335651375727550
1335652380202534
1335653383823522
1335654388212072
1335655391549847
1335656395318018
1335657400472115
1335658404605358
1335659410215180
1335660416827646
1335661423767085
1335662430059371
1335663437804928
1335664444305508
1335665450920910
1335666457804162
1335667467896482
1335668477535780
1335669486552382
1335670494436543
1335671503877844
1335672511973818
1335673523085288
1335674534023462
1335675542284991
1335676552608619
1335677562568009
1335678574372975
1335679586528011
1335680595085819
1335681608131347
1335682619760483
1335683632101250
1335684646605420
1335685657641277
1335686670628250
1335687685398155
1335688698766020
1335689712451989
1335690725788283
1335691738731580
1335692752031005
1335693764932022
1335694777827648
1335695789347649
1335696801748471
1335697814909261
1335698825454650
1335699838271280
1335700851073860
1335701861678864
1335702872537233
1335703884425703
1335704897032984
1335705909180621
1335706922322035
1335707935303753
1335708944531398
1335709957161419
1335710970444792
1335711980950833
1335712990993440
1335713997882458
1335715005273934
1335716009042099
1335717013793110
1335718017666511
1335719024396212
1335720032333340
1335721037186266
1335722042815443
1335723050448290
1335724059493757
1335725066976806
1335726075860107
1335727084880215
1335728092768275
1335729099141647
1335730104976206
1335731110576344
1335732115429464
1335733118548528
1335734124998158
1335735135318019
1335736145877176
1335737157331780
1335738168859246
1335739182429001
1335740196375008
1335741204875006
1335742217839642
1335743229694710
1335744241196753
