1335846948420952
1335847958235289
1335848964025085
1335849974758187
1335850979871145
1335851990312878
1335852999785909
1335854007258900
1335855013395753
1335856020463012
1335857024401136
1335858028799977
1335859039068336
1335860048588379
1335861060162688
1335862071858906
1335863082350529
1335864094556860
1335865103248436
1335866111688358
1335867118104981
1335868122133172
1335869126400701
1335870131546408
1335871138111349
1335872142992022
1335873149790814
1335874156611635
1335875162675444
1335876170354824
1335877179837464
1335878191166427
1335879203343048
1335880213858974
1335881225661763
1335882235711276
1335883246899174
1335884257785488
1335885268316449
1335886281869084
1335887291626150
1335888299591285
1335889307547589
1335890312669615
1335891321249179
1335892328059582
1335893340584334
1335894349287062
1335895358240395
1335896364939092
1335897371289446
1335898375811032
1335899381017423
1335900384771835
1335901389770472
1335902395209137
1335903400044878
1335904405735635
1335905410807193
1335906416866299
1335907423420964
1335908429789328
1335909435704766
1335910441867082
1335911451033315
1335912457143170
1335913460769938
1335914464310199
1335915469196764
1335916475390970
1335917480635522
1335918486154988
1335919497040186
1335920504140693
1335921513397986
1335922520380417
1335923524464197
1335924528711383
1335925540038953
1335926549065410
1335927557391654
1335928564521040
1335929570390700
1335930580835367
1335931585123719
1335932595079580
1335933602534396
1335934613849014
1335935622011670
1335936630074516
1335937639620492
1335938646734347
1335939651572184
1335940656877466
1335941666292989
1335942673226885
1335943678479785
1335944687482701
1335945691700647
1335946698361161
