1339175966524488
1339175970919977
1339175975656454
1339175980199808
1339175984227678
1339175988512742
1339175992870817
1339175997624916
1339176004222132
1339176009391100
1339176022057987
1339176027126710
1339176031692247
1339176036062053
1339176040598258
1339176045319175
1339176049982157
1339176054829509
1339176060205627
1339176066862792
1339176071919035
1339176076132956
1339176080217617
1339176085030247
1339176089643575
1339176094014647
1339176098046173
1339176102293622
1339176106616998
1339176113668667
1339176117531289
1339176121359348
1339176125184201
1339176128730878
1339176131873319
1339176135209664
1339176138491726
1339176141692837
1339176144883228
1339176148096960
1339176151839884
1339176155024923
1339176158374800
1339176165317520
1339176169628979
1339176173193177
1339176177349843
1339176191239200
1339176195079619
1339176198662127
1339176201725306
1339176204877967
1339176208275641
1339176211467757
1339176214668845
1339176222013672
1339176225229727
1339176228573569
1339176231939586
1339176234948781
1339176237923871
1339176241184461
1339176244406195
1339176247656395
1339176250966029
1339176254303751
1339176257463780
1339176263826477
1339176267065028
1339176270307206
1339176275232346
1339176278698978
1339176282312391
1339176289479670
1339176293237801
1339176296678933
1339176300108737
1339176303467009
1339176306880663
1339176310248843
1339176313988737
1339176318085969
1339176322263759
1339176326469376
1339176330535384
1339176335273725
1339176340132162
1339176344754986
1339176348071623
1339176351338815
1339176354608773
1339176358631318
1339176362505144
1339176366245536
1339176369655999
1339176372936215
1339176376689216
1339176380190765
1339176385224182
1339176388715192
