1338970458319563
1338971465368929
1338972474754355
1338973483750640
1338974494225999
1338975505712440
1338976515978575
1338977526566563
1338978537619234
1338979545419696
1338980555167125
1338981564332136
1338982570372439
1338983578325189
1338984587153817
1338985598286208
1338986609969157
1338987617826532
1338988626177873
1338989633845547
1338990640739135
1338991648346118
1338992657962300
1338993667137704
1338994675176552
1338995685763172
1338996693879758
1338997704775115
1338998716653798
1338999726886875
1339000734196682
1339001743018889
1339002753472518
1339003762869329
1339004771918016
1339005780401328
1339006787127507
1339007795316007
1339008802406950
1339009810762856
1339010817949114
1339011824278641
1339012828319252
1339013836473538
1339014845986855
1339015858923107
1339016867493168
1339017877460392
1339018886310497
1339019894867069
1339020904538989
1339021913593204
1339022922686232
1339023933167007
1339024942986677
1339025954809066
1339026963007860
1339027974777844
1339028983530269
1339029992978723
1339030999937825
1339032005488881
1339033012842110
1339034022154875
1339035035195951
1339036040619480
1339037047517895
1339038052667615
1339039063803079
1339040072351676
1339041082731160
1339042092794681
1339043099558447
1339044107994622
1339045117686323
1339046125116666
1339047129776505
1339048133854677
1339049138261190
1339050142173603
1339051145617458
1339052149075020
1339053152822460
1339054156164727
1339055159396873
1339056162622002
1339057166606730
1339058170198103
1339059174388375
1339060177827003
1339061181221891
1339062184749163
1339063188511063
1339064191860596
1339065195930790
1339066199710983
1339067203869228
1339068207532072
1339069211501380
1339070215585908
