1338063912753689
1338064924663065
1338065937708838
1338066951309272
1338067960582155
1338068966346670
1338069977953084
1338070985081437
1338071992025211
1338072999763242
1338074008308684
1338075015197137
1338076024483827
1338077035086361
1338078047456090
1338079056312330
1338080063932412
1338081070574585
1338082077416691
1338083082887616
1338084086629221
1338085095489184
1338086106454029
1338087114038436
1338088118716225
1338089125514282
1338090131356213
1338091135121253
1338092138569411
1338093142517725
1338094146200627
1338095149902658
1338096153558748
1338097158007958
1338098161590750
1338099165714944
1338100169625225
1338101173060041
1338102177053554
1338103181216176
1338104184827370
1338105188662384
1338106192125743
1338107197413276
1338108201501997
1338109204927093
1338110208945934
1338111212712186
1338112216948520
1338113220671396
1338114224965289
1338115231068650
1338116237557420
1338117245278102
1338118251708492
1338119255276194
1338120258890560
1338121262678638
1338122271045170
1338123277947487
1338124285089804
1338125290376011
1338126296472967
1338127301858106
1338128311183516
1338129320554497
1338130329993841
1338131338746375
1338132347157161
1338133356857105
1338134365555529
1338135370701448
1338136374870914
1338137379122234
1338138382518720
1338139389030095
1338140393701727
1338141399513485
1338142406229328
1338143412901031
1338144420689522
1338145426748406
1338146433192672
1338147440761693
1338148448956890
1338149454302081
1338150461845079
1338151471518593
1338152482168420
1338153492305584
1338154500103342
1338155508798835
1338156519713329
1338157531250850
1338158541601594
1338159553783305
1338160567772839
1338161580344031
1338162587804525
1338163597240150
