1338467044092351
1338468054140644
1338469065009320
1338470076125349
1338471088746750
1338472102271999
1338473114103088
1338474119107869
1338475123552734
1338476130079959
1338477134238432
1338478137946136
1338479141388661
1338480144696538
1338481148388257
1338482152088206
1338483155522509
1338484159175698
1338485163253543
1338486167295648
1338487171548342
1338488175466713
1338489179999835
1338490183904106
1338491187771201
1338492191889425
1338493195709823
1338494199352898
1338495203038188
1338496209262527
1338497213405033
1338498217026348
1338499221169510
1338500225348581
1338501229258983
1338502233766804
1338503237921924
1338504242275420
1338505246463328
1338506249839230
1338507253148669
1338508257083045
1338509260811793
1338510272480460
1338511280160993
1338512285063525
1338513291658069
1338514302976619
1338515314847128
1338516325881839
1338517339380654
1338518350799605
1338519359228389
1338520368267154
1338521373036376
1338522377470065
1338523381447131
1338524385998279
1338525390058302
1338526394060325
1338527398752472
1338528403722073
1338529408805382
1338530414734857
1338531421818363
1338532427607472
1338533433598823
1338534439883269
1338535446429561
1338536455275174
1338537462600855
1338538469477399
1338539474823543
1338540484188622
1338541490924136
1338542498652726
1338543506418796
1338544515968858
1338545525882588
1338546537222446
1338547546555889
1338548554951120
1338549561413636
1338550566869489
1338551571035854
1338552577994865
1338553583686173
1338554589902985
1338555598770551
1338556605184926
1338557613670986
1338558619481446
1338559627932955
1338560634532604
1338561644679160
1338562653469914
1338563664262322
1338564675372908
1338565687897247
1338566694874059
