1339184413690804
1339184417409820
1339184421481632
1339184426403102
1339184431604767
1339184436326953
1339184441468217
1339184445239154
1339184449013272
1339184452816290
1339184456434221
1339184460073916
1339184463597963
1339184467105097
1339184470561158
1339184474279732
1339184478077493
1339184481812290
1339184486374806
1339184491164721
1339184496514142
1339184501159077
1339184505733487
1339184511443250
1339184517009233
1339184521610876
1339184525693466
1339184529899685
1339184534763273
1339184539347357
1339184543210012
1339184546728278
1339184550424781
1339184554079315
1339184558568253
1339184563101238
1339184567654773
1339184571922890
1339184575646171
1339184579411674
1339184583118814
1339184586725068
1339184590319438
1339184593982963
1339184597569981
1339184601118385
1339184604729382
1339184608130959
1339184612091713
1339184615784735
1339184620207373
1339184624670038
1339184629231475
1339184633181369
1339184637107679
1339184640933076
1339184644693257
1339184648518713
1339184652248597
1339184656669352
1339184660866639
1339184665093569
1339184669525193
1339184674755372
1339184679925559
1339184685083391
1339184689819702
1339184694458540
1339184699786742
1339184705205036
1339184709645106
1339184714076391
1339184718289989
1339184722523291
1339184727719596
1339184733268379
1339184738822729
1339184745426247
1339184749915140
1339184753880967
1339184757704154
1339184761508168
1339184764975626
1339184769151911
1339184779947023
1339184784892867
1339184788113769
1339184791484786
1339184794913727
1339184798514468
1339184802388731
1339184806517738
1339184810754176
1339184815772972
1339184821436549
1339184827102937
1339184832301838
1339184837840309
1339184843391682
1339184849997071
