1339173404723334
1339173408554849
1339173412379546
1339173416355131
1339173420488522
1339173424162034
1339173427361239
1339173430478652
1339173433837887
1339173437745797
1339173441754659
1339173445874134
1339173450648947
1339173455739264
1339173460268456
1339173464434677
1339173467634757
1339173470860400
1339173474674736
1339173477912088
1339173481072984
1339173485833311
1339173489539454
1339173493100370
1339173496261553
1339173499705649
1339173503165751
1339173506607750
1339173510526397
1339173514360298
1339173518402927
1339173522755849
1339173527219359
1339173531795049
1339173535835858
1339173539899001
1339173544195563
1339173549429875
1339173554486300
1339173560158480
1339173563501258
1339173566596666
1339173569737757
1339173573266048
1339173576957137
1339173580576689
1339173584172605
1339173587792511
1339173591415318
1339173594928165
1339173605166913
1339173610607437
1339173614349778
1339173617818763
1339173621299513
1339173624892173
1339173628560762
1339173632400333
1339173637138015
1339173641383220
1339173645762774
1339173650737509
1339173655613275
1339173661017375
1339173666020655
1339173670159029
1339173674251499
1339173678422794
1339173683171238
1339173687534138
1339173691449342
1339173695297446
1339173698968663
1339173702491473
1339173706167718
1339173710155475
1339173714346727
1339173718562018
1339173722787866
1339173727088811
1339173730913501
1339173734692870
1339173738335392
1339173741841571
1339173745586716
1339173749229661
1339173752674977
1339173757756261
1339173762547039
1339173767108266
1339173771899116
1339173777114522
1339173781863180
1339173785868780
1339173790076742
1339173793888111
1339173797291239
1339173800613971
1339173804704391
1339173810955270
