1339072223001781
1339073227233167
1339074230947054
1339075235455572
1339076240539263
1339077245831155
1339078249426066
1339079253203072
1339080256440383
1339081259645088
1339082263344007
1339083268187022
1339084273863752
1339085279058909
1339086289139332
1339087298428052
1339088308291493
1339089314921651
1339090319156911
1339091325313317
1339092334845683
1339093339554060
1339094349424865
1339095358222559
1339096363949474
1339097369376171
1339098372862686
1339099375736672
1339100379406079
1339101383409071
1339102387636725
1339103392192258
1339104401534863
1339105407613512
1339106415383986
1339107422287256
1339108430099665
1339109437003910
1339110443007767
1339111450944249
1339112458108548
1339113466391168
1339114472118346
1339115481111968
1339116489451896
1339117497702799
1339118503748096
1339119514604539
1339120522204257
1339121530123852
1339122535368708
1339123539763939
1339124543390739
1339125547311289
1339126551290231
1339127555018733
1339128559924174
1339129565109007
1339130570063308
1339131574417362
1339132578292345
1339133582749302
1339134588068454
1339135592131077
1339136597427224
1339137602412988
1339138608262322
1339139613984996
1339140618528281
1339141623122300
1339142627791689
1339143633284213
1339144638956476
1339145651478136
1339146664152259
1339147678111153
1339148688689194
1339149696106551
1339150701683052
1339151707618376
1339152714076192
1339153721534224
1339154727528154
1339155731890393
1339156737952187
1339157744149580
1339158748020624
1339159754431231
1339160760875664
1339161767113704
1339162773688174
1339163780346371
1339164787522298
1339165800029406
1339166813569596
1339167825533398
1339168838035035
1339169844129875
1339170851258390
1339171855711062
