1339175518741001
1339175522549809
1339175526330240
1339175530425910
1339175534677470
1339175538956351
1339175543230753
1339175547121536
1339175550718894
1339175554679916
1339175558948273
1339175563246703
1339175567604988
1339175571756870
1339175576253901
1339175580479899
1339175584732458
1339175589206453
1339175593783174
1339175598222202
1339175602802300
1339175607417014
1339175611640662
1339175615826904
1339175620328009
1339175635725443
1339175640330646
1339175643578766
1339175646752358
1339175650240844
1339175653684293
1339175657622716
1339175661476460
1339175665481298
1339175670304741
1339175674806167
1339175679291963
1339175684219693
1339175689665588
1339175695042669
1339175700701077
1339175704822627
1339175708984687
1339175713406991
1339175717828820
1339175721963397
1339175726415335
1339175732199495
1339175737425613
1339175742635490
1339175747546281
1339175751469353
1339175755436114
1339175759351476
1339175764074596
1339175768875701
1339175773879728
1339175778395308
1339175782804106
1339175787396018
1339175792825020
1339175798071941
1339175802540360
1339175806921367
1339175811320248
1339175816711257
1339175822550984
1339175828584555
1339175832393322
1339175836304761
1339175840290469
1339175845190900
1339175850195703
1339175854842697
1339175859381304
1339175864067418
1339175868314477
1339175872699006
1339175877105416
1339175881162637
1339175885997532
1339175890767372
1339175895787318
1339175901092501
1339175906815438
1339175911649281
1339175914881065
1339175918224384
1339175921754609
1339175925790435
1339175930147016
1339175934175568
1339175937443591
1339175940693106
1339175943894508
1339175947422671
1339175951215175
1339175954936184
1339175958710853
1339175963823662
