1335442748109740
1335443753303385
1335444757868215
1335445762426103
1335446767478572
1335447772761496
1335448778298081
1335449782109948
1335450785480848
1335451790730465
1335452797182149
1335453801666759
1335454807999599
1335455812748333
1335456817736737
1335457822173121
1335458827124226
1335459833656081
1335460840119718
1335461846302631
1335462852198334
1335463859470467
1335464866081592
1335465872169456
1335466878133984
1335467885576453
1335468892786917
1335469898905063
1335470904377981
1335471909681900
1335472916208289
1335473922293994
1335474928260851
1335475934093214
1335476940224247
1335477945645629
1335478952801319
1335479959133650
1335480966242564
1335481973420414
1335482979923862
1335483985564149
1335484992194276
1335485998542419
1335487004885499
1335488010911607
1335489018050486
1335490024175514
1335491030731089
1335492035567838
1335493042236677
1335494047254255
1335495052880294
1335496059042351
1335497065181830
1335498071190895
1335499076640879
1335500082829357
1335501089160086
1335502093158660
1335503099052621
1335504104668579
1335505111913218
1335506117233632
1335507122785948
1335508129105650
1335509135332308
1335510141545661
1335511147204936
1335512154776886
1335513160966385
1335514167799098
1335515174678188
1335516179595118
1335517186976078
1335518193699034
1335519199248599
1335520205820404
1335521215186871
1335522226693399
1335523234203379
1335524241253103
1335525251361763
1335526257327564
1335527263168921
1335528269960221
1335529276450011
1335530282394066
1335531288231052
1335532291827973
1335533298051780
1335534305290856
1335535318799049
1335536325868357
1335537337291565
1335538347838137
1335539357389752
1335540365829870
1335541373941977
1335542377763360
