1337055804282736
1337056816041448
1337057829098698
1337058840515459
1337059853622416
1337060866162995
1337061878450468
1337062893328319
1337063905791474
1337064919237050
1337065932161648
1337066945604198
1337067958970853
1337068972504132
1337069983726088
1337070996546731
1337072006987261
1337073012552112
1337074017450435
1337075022611666
1337076028264274
1337077035381588
1337078041551833
1337079049189836
1337080056557912
1337081063786581
1337082070914818
1337083078904588
1337084087735520
1337085098080559
1337086110303294
1337087122665294
1337088135314035
1337089149075261
1337090162259139
1337091174809482
1337092187403422
1337093199636343
1337094210486648
1337095222242591
1337096236036663
1337097249759790
1337098263045042
1337099274861240
1337100288613219
1337101302434056
1337102315499425
1337103325698131
1337104333869073
1337105344709297
1337106356026443
1337107368680266
1337108380704070
1337109393079761
1337110406607037
1337111416489594
1337112429217671
1337113443385695
1337114456610315
1337115469706527
1337116480674428
1337117492702804
1337118506046587
1337119518638501
1337120533072706
1337121546737829
1337122559980135
1337123570947971
1337124583314097
1337125596670192
1337126607700866
1337127621365936
1337128634841670
1337129643792271
1337130656620725
1337131670699015
1337132684308809
1337133696500161
1337134710253399
1337135722742977
1337136734264581
1337137748713626
1337138756816875
1337139766980427
1337140778656387
1337141790977018
1337142801396406
1337143812884493
1337144825248020
1337145838896895
1337146850260289
1337147861375038
1337148872421721
1337149884592299
1337150896666381
1337151908114544
1337152920977000
1337153932245366
1337154941533222
1337155950406039
