1335544383313272
1335545387787926
1335546391547266
1335547395583801
1335548399885526
1335549405158282
1335550409664772
1335551415796235
1335552421052916
1335553426035163
1335554432678247
1335555438365752
1335556443780819
1335557449852759
1335558457691934
1335559466594308
1335560474405740
1335561481703167
1335562490547999
1335563500119053
1335564509979186
1335565521935709
1335566529260360
1335567533591603
1335568546220633
1335569556085202
1335570567490441
1335571579263757
1335572589584198
1335573600460707
1335574613984966
1335575626566757
1335576638733034
1335577649725626
1335578662811078
1335579676599100
1335580690125435
1335581703272557
1335582715757290
1335583726936152
1335584739436179
1335585752536556
1335586765166385
1335587778981925
1335588788907436
1335589799583809
1335590810363628
1335591819863259
1335592826695790
1335593836280141
1335594848641080
1335595860271194
1335596873027312
1335597883809648
1335598895055023
1335599906482659
1335600914785713
1335601919236141
1335602923778000
1335603930743879
1335604936161584
1335605944785081
1335606954599238
1335607964984347
1335608976372321
1335609986247181
1335610997514484
1335612006532510
1335613014844211
1335614019895302
1335615025190089
1335616029023525
1335617039508893
1335618050350151
1335619063349217
1335620075835512
1335621086809521
1335622097091250
1335623106680889
1335624116218923
1335625126180395
1335626136347623
1335627146131694
1335628154663643
1335629162859160
1335630166283597
1335631170882229
1335632175409120
1335633182572037
1335634193827054
1335635205508986
1335636216438960
1335637227212896
1335638240669781
1335639253203448
1335640263796005
1335641276741502
1335642287162667
1335643300578668
1335644312344206
