1339188240435665
1339188243740121
1339188247138757
1339188250364551
1339188253626692
1339188256855876
1339188260004244
1339188263431889
1339188267836782
1339188271172423
1339188274367832
1339188277956927
1339188281381492
1339188284581209
1339188287766707
1339188291817664
1339188295299804
1339188300251832
1339188303707610
1339188306900092
1339188311913228
1339188315464101
1339188318886241
1339188323055732
1339188326392889
1339188329881876
1339188333229035
1339188336543306
1339188339543097
1339188342876932
1339188346945633
1339188351091300
1339188355630199
1339188360250450
1339188364758574
1339188375551881
1339188381891555
1339188385289953
1339188388786877
1339188391998749
1339188395377312
1339188398704160
1339188402114559
1339188406318668
1339188411029893
1339188415668314
1339188421437138
1339188427850971
1339188433869866
1339188438754470
1339188443277822
1339188448284498
1339188453609496
1339188457883289
1339188461418757
1339188464919706
1339188468360510
1339188471885803
1339188475377123
1339188480105255
1339188484882026
1339188489503725
1339188494911862
1339188501622121
1339188506304402
1339188511092591
1339188516270838
1339188520296497
1339188524057752
1339188527753855
1339188531389057
1339188535967248
1339188540555631
1339188544804376
1339188548835009
1339188553053017
1339188557559342
1339188562421451
1339188566627434
1339188570835664
1339188574933817
1339188578892213
1339188583363453
1339188588388580
1339188592994076
1339188597680733
1339188601882796
1339188606315041
1339188610698209
1339188616235580
1339188621886256
1339188627203913
1339188631989751
1339188636461565
1339188641981649
1339188647304142
1339188652156274
1339188657030686
1339188661945001
1339188666419317
