1339188240622686
1339188243915346
1339188247304859
1339188250511654
1339188253753303
1339188257017851
1339188260198407
1339188263608297
1339188268058921
1339188271338405
1339188274530815
1339188278118462
1339188281519628
1339188284715134
1339188288588507
1339188291952041
1339188295456803
1339188300443290
1339188303862078
1339188307058329
1339188312068819
1339188315637983
1339188319081798
1339188323244599
1339188326529215
1339188330040511
1339188333387791
1339188336704767
1339188339689550
1339188343026378
1339188347115873
1339188351308990
1339188355815007
1339188360479195
1339188364960898
1339188375708425
1339188382071895
1339188385491757
1339188388996897
1339188392191056
1339188395538614
1339188398834534
1339188402272302
1339188406601174
1339188411268483
1339188415927780
1339188421694781
1339188428148075
1339188434167867
1339188438970505
1339188443461146
1339188448509091
1339188453834457
1339188458028607
1339188461561508
1339188465071994
1339188468546108
1339188472089476
1339188475521296
1339188480332354
1339188485110806
1339188489756990
1339188495163776
1339188501836474
1339188506502932
1339188511329432
1339188516507629
1339188520441691
1339188524244240
1339188527916121
1339188531602922
1339188536210581
1339188540747439
1339188544972155
1339188549000873
1339188553235147
1339188557746682
1339188562659454
1339188566816337
1339188571035191
1339188575141709
1339188579059150
1339188583652247
1339188588632991
1339188593196438
1339188597870250
1339188602065130
1339188606507643
1339188610934615
1339188616492870
1339188622125084
1339188627395183
1339188632230783
1339188636665326
1339188642220025
1339188647529884
1339188652360097
1339188657285747
1339188662118547
1339188666629736
