1338970458313059
1338971465361536
1338972474742422
1338973483741144
1338974494213684
1338975505701478
1338976515965800
1338977526554360
1338978537606185
1338979545410956
1338980555156516
1338981564323336
1338982570367233
1338983578314848
1338984587144208
1338985598273408
1338986609956311
1338987617808271
1338988626170001
1338989633839846
1338990640733062
1338991648338273
1338992657952515
1338993667129371
1338994675158632
1338995685745154
1338996693870120
1338997704758842
1338998716641589
1338999726872130
1339000734187180
1339001743008844
1339002753461319
1339003762861190
1339004771910509
1339005780389901
1339006787119619
1339007795306941
1339008802398185
1339009810741106
1339010817940079
1339011824272150
1339012828311522
1339013836463696
1339014845976918
1339015858908607
1339016867484610
1339017877447726
1339018886291975
1339019894857334
1339020904530291
1339021913582850
1339022922675933
1339023933148223
1339024942974974
1339025954804762
1339026962997882
1339027974769876
1339028983510368
1339029992960084
1339030999928801
1339032005484488
1339033012834977
1339034022142403
1339035035180863
1339036040615254
1339037047500297
1339038052660306
1339039063790102
1339040072344205
1339041082717665
1339042092785794
1339043099551488
1339044107984325
1339045117675510
1339046125111544
1339047129771847
1339048133839954
1339049138256848
1339050142168702
1339051145612928
1339052149070790
1339053152818120
1339054156160323
1339055159392037
1339056162616994
1339057166592608
1339058170184596
1339059174383787
1339060177822004
1339061181217337
1339062184744480
1339063188506548
1339064191853089
1339065195926228
1339066199706642
1339067203864705
1339068207505238
1339069211495958
1339070215580849
