1335947703717884
1335948709964159
1335949714215755
1335950718697482
1335951726760391
1335952731874853
1335953737547710
1335954746646552
1335955752208319
1335956764021525
1335957772024179
1335958782870375
1335959791726712
1335960796446996
1335961805800853
1335962810519234
1335963820820711
1335964828284629
1335965839288044
1335966844286427
1335967854822127
1335968862578776
1335969867847594
1335970875232324
1335971881490166
1335972887612052
1335973893327286
1335974897257992
1335975902903999
1335976907627178
1335977916246192
1335978922261532
1335979933627739
1335980942383361
1335981949397950
1335982961415815
1335983973430323
1335984986798036
1335985998188386
1335987006996908
1335988012358213
1335989018078624
1335990027747336
1335991037938623
1335992045256703
1335993057471028
1335994069125145
1335995079021849
1335996091492809
1335997103523123
1335998114877115
1335999123167483
1336000126673129
1336001134939034
1336002145931625
1336003153763480
1336004161483050
1336005164852829
1336006169566238
1336007173968576
1336008186690631
1336009195748502
1336010205660045
1336011215924054
1336012221973306
1336013228503756
1336014233415331
1336015240152004
1336016246376475
1336017251754863
1336018260647659
1336019266661368
1336020273148818
1336021279060543
1336022289308105
1336023296410375
1336024307130583
1336025318269758
1336026322913474
1336027329870070
1336028334612783
1336029342953178
1336030352726544
1336031365296309
1336032374312538
1336033377762047
1336034383383050
1336035386812029
1336036390352490
1336037394657138
1336038398407741
1336039404440706
1336040408845077
1336041415376857
1336042420955483
1336043429098536
1336044435104359
1336045444265688
1336046454408850
1336047460209871
