1335645324037718
1335646334808768
1335647345134330
1335648356421855
1335649362868774
1335650369306025
1335651373366400
1335652377772084
1335653382118421
1335654385737813
1335655389973493
1335656393314373
1335657397356091
1335658402718372
1335659406836408
1335660413062018
1335661419979713
1335662426698915
1335663433338369
1335664441282467
1335665447594949
1335666453838415
1335667462492490
1335668472681619
1335669481708627
1335670490778431
1335671498473423
1335672508137658
1335673516714987
1335674527543103
1335675539277492
1335676545603821
1335677557936759
1335678567109193
1335679580554213
1335680590421415
1335681600943524
1335682612955757
1335683624680653
1335684638893659
1335685651516297
1335686663673070
1335687676800271
1335688691537916
1335689705004440
1335690718627828
1335691731296487
1335692744454378
1335693757554464
1335694770761791
1335695783029564
1335696795007396
1335697808352628
1335698819375377
1335699831420692
1335700843345696
1335701855499705
1335702867249734
1335703877884854
1335704890397911
1335705902662027
1335706914866830
1335707928529392
1335708939273807
1335709949773823
1335710963640488
1335711975235754
1335712984938336
1335713994862643
1335715003174351
1335716006953809
1335717011503175
1335718015954667
1335719019961443
1335720028762499
1335721035220156
1335722039605858
1335723045589346
1335724054285720
1335725063688230
1335726070583443
1335727080209002
1335728089197489
1335729095945526
1335730101932543
1335731108055737
1335732113045612
1335733117114796
1335734120691158
1335735129149090
1335736140950972
1335737149979645
1335738162677349
1335739173787448
1335740188270655
1335741199519989
1335742210289094
1335743223783658
1335744234962292
1335745246664433
