1339187311580132
1339187315831516
1339187319738091
1339187323795147
1339187328551304
1339187334974570
1339187340896412
1339187346791850
1339187352391613
1339187356722821
1339187361134712
1339187366276191
1339187377731462
1339187386646885
1339187390413166
1339187393803779
1339187397080417
1339187401107930
1339187405773785
1339187410232242
1339187415313205
1339187420810660
1339187425953949
1339187432069767
1339187436932849
1339187440657128
1339187444412799
1339187448030135
1339187451645020
1339187455234432
1339187458887437
1339187462916531
1339187466839987
1339187471041509
1339187475745891
1339187480126546
1339187484321299
1339187488381338
1339187492420586
1339187496764975
1339187501083960
1339187505759435
1339187510424008
1339187514956183
1339187519998777
1339187527009340
1339187532953734
1339187538633276
1339187544288826
1339187550490270
1339187555665692
1339187561247888
1339187569387901
1339187575966046
1339187584736692
1339187591813715
1339187598248992
1339187603993657
1339187608471490
1339187612763679
1339187617109402
1339187621512573
1339187625357080
1339187629093586
1339187633102783
1339187637208687
1339187640994661
1339187645202931
1339187649405916
1339187653114664
1339187656661928
1339187660127679
1339187663462974
1339187667216322
1339187670856293
1339187676981892
1339187682012469
1339187686517983
1339187690758143
1339187694826785
1339187698858125
1339187702816700
1339187706646873
1339187710429795
1339187714297284
1339187718106420
1339187721915433
1339187726826897
1339187731397976
1339187736084665
1339187740076558
1339187744095397
1339187748617378
1339187752451714
1339187756241029
1339187761653118
1339187766222128
1339187770805710
1339187775799108
1339187781227854
