1339183582430301
1339183586089281
1339183589640974
1339183593017437
1339183597900458
1339183602605624
1339183607715268
1339183612170950
1339183616493183
1339183621162179
1339183625479684
1339183629892048
1339183634275370
1339183638206844
1339183641662792
1339183645411688
1339183649053300
1339183652780063
1339183656498460
1339183660172257
1339183663855369
1339183667556765
1339183671254239
1339183674951406
1339183678649234
1339183683434120
1339183687150222
1339183690954781
1339183695077451
1339183700301355
1339183705316509
1339183710309062
1339183714981986
1339183718977890
1339183722485325
1339183726012544
1339183729394093
1339183732764149
1339183736283762
1339183740082963
1339183743917429
1339183747588132
1339183750990622
1339183754999202
1339183760274197
1339183767434602
1339183770601092
1339183773856370
1339183777109990
1339183780543393
1339183784750370
1339183788692553
1339183793025134
1339183797367309
1339183801544593
1339183805473367
1339183809302002
1339183813074136
1339183817045018
1339183820780574
1339183825372163
1339183829566678
1339183833686665
1339183837515559
1339183841687888
1339183845847964
1339183849356577
1339183852775863
1339183856562547
1339183859711000
1339183862941363
1339183866181969
1339183869415822
1339183872673380
1339183875892063
1339183879118362
1339183882344574
1339183885900524
1339183889201294
1339183892443413
1339183895688971
1339183899168758
1339183902586369
1339183906137784
1339183910477976
1339183915482582
1339183920403252
1339183925167281
1339183930272533
1339183936439085
1339183942255570
1339183948596515
1339183952942438
1339183956662894
1339183960215748
1339183963629231
1339183966956317
1339183970438650
1339183974068139
1339183977762950
