1336853886689138
1336854895975047
1336855905807865
1336856918808378
1336857927492097
1336858939657866
1336859951853804
1336860963102482
1336861975604542
1336862987752247
1336863999722169
1336865009136994
1336866016049506
1336867023398559
1336868030467794
1336869037938007
1336870049914357
1336871059217435
1336872070774871
1336873080876392
1336874095286341
1336875107099083
1336876118721217
1336877131753847
1336878144726840
1336879157141090
1336880170035707
1336881176302803
1336882186212659
1336883198788177
1336884206528129
1336885219251530
1336886232871442
1336887244369758
1336888257774197
1336889265307549
1336890277399639
1336891287621911
1336892297114949
1336893309425010
1336894321620178
1336895335916427
1336896346812171
1336897359909450
1336898367423259
1336899374189297
1336900378725225
1336901383109563
1336902387526796
1336903391846354
1336904396032653
1336905401429562
1336906406535794
1336907411408867
1336908417853156
1336909423433927
1336910429588146
1336911438359314
1336912446645470
1336913451966190
1336914459128797
1336915468192525
1336916477615690
1336917484473620
1336918492665293
1336919501684195
1336920511987275
1336921522571298
1336922530973978
1336923542136686
1336924551255838
1336925564139093
1336926577752944
1336927591489874
1336928600916363
1336929610965290
1336930622840588
1336931634738747
1336932648656827
1336933660873399
1336934674151338
1336935687029348
1336936700990263
1336937711746463
1336938724299482
1336939734105927
1336940743860469
1336941754253177
1336942763345241
1336943770624793
1336944775813142
1336945780707909
1336946786526033
1336947793445132
1336948797463112
1336949800801749
1336950808305596
1336951815319720
1336952826720001
1336953834940313
