1339185261261565
1339185264452740
1339185267473140
1339185270534056
1339185273722077
1339185276992621
1339185280385513
1339185283759281
1339185286922387
1339185290235812
1339185293537420
1339185296913579
1339185300057344
1339185303496519
1339185306867115
1339185310183398
1339185313427309
1339185316634591
1339185319818944
1339185324185225
1339185327655112
1339185330922151
1339185334195897
1339185337625029
1339185340985769
1339185344089412
1339185347696338
1339185351129208
1339185354319115
1339185357886680
1339185361879360
1339185365643079
1339185369417415
1339185373178869
1339185377224168
1339185384704422
1339185388833740
1339185392391763
1339185395418979
1339185398701212
1339185402037028
1339185405957446
1339185410208621
1339185414734214
1339185420301477
1339185425368782
1339185431577903
1339185438545866
1339185444115024
1339185449043050
1339185453822831
1339185457962032
1339185462073921
1339185466007931
1339185469799549
1339185473602891
1339185477455356
1339185481124173
1339185484870666
1339185488548966
1339185492602550
1339185497088883
1339185501284003
1339185505354915
1339185509462770
1339185513675672
1339185517896627
1339185522149790
1339185526104030
1339185529550067
1339185533213087
1339185537243007
1339185541396155
1339185544952921
1339185548494523
1339185551946386
1339185555505985
1339185559015185
1339185562579926
1339185566137219
1339185569672379
1339185573342561
1339185577153823
1339185580835805
1339185584727962
1339185588672717
1339185592319284
1339185595954152
1339185600319516
1339185604584475
1339185608816581
1339185612713575
1339185616377527
1339185620039166
1339185624071810
1339185628269702
1339185632729171
1339185636996415
1339185641080461
1339185645401295
