1335443749898842
1335444754731446
1335445759404783
1335446763930253
1335447769387830
1335448774862287
1335449779937466
1335450783349448
1335451787142760
1335452792537153
1335453799248751
1335454805374269
1335455809533521
1335456814442146
1335457819779171
1335458823577167
1335459829258785
1335460835488037
1335461842147761
1335462848328242
1335463854023852
1335464861932450
1335465868317728
1335466874062551
1335467880455759
1335468887625235
1335469894892828
1335470901014482
1335471906226299
1335472911997278
1335473917880519
1335474924398917
1335475929902979
1335476936342493
1335477942374720
1335478947840087
1335479954996920
1335480961584362
1335481968652462
1335482975656959
1335483981877570
1335484987978595
1335485994348169
1335487001367004
1335488006946814
1335489012883780
1335490020204518
1335491026676940
1335492032403508
1335493037481195
1335494043888539
1335495048903184
1335496055307687
1335497060908699
1335498067283912
1335499073149352
1335500078756207
1335501085056696
1335502090705573
1335503094975990
1335504100884500
1335505106764052
1335506113796417
1335507119377854
1335508124554961
1335509131172255
1335510137779966
1335511143656662
1335512149698674
1335513156586293
1335514163061937
1335515170016873
1335516176695431
1335517181757203
1335518189452052
1335519195722540
1335520201218821
1335521208229983
1335522219319581
1335523229084480
1335524236880532
1335525243577565
1335526253876097
1335527259071282
1335528265480939
1335529272446649
1335530278397582
1335531284650348
1335532289749023
1335533294370242
1335534299878327
1335535309098351
1335536320839607
1335537329803876
1335538340235857
1335539351198772
1335540360273534
1335541369216195
1335542375704751
1335543379050299
