1339186114672931
1339186119572783
1339186124241277
1339186127980615
1339186131080273
1339186134347365
1339186137557980
1339186140829088
1339186144091189
1339186147317749
1339186150473435
1339186154789072
1339186157843990
1339186161131185
1339186164249874
1339186167391175
1339186170610418
1339186173986267
1339186177195006
1339186180485674
1339186183547042
1339186187141043
1339186201214479
1339186204711440
1339186207989974
1339186211683590
1339186214902256
1339186218573278
1339186221995058
1339186225124184
1339186228336171
1339186231528799
1339186234805326
1339186237950001
1339186241097034
1339186244457128
1339186247636724
1339186250799458
1339186254066732
1339186257368562
1339186260506919
1339186263823827
1339186267099839
1339186270366958
1339186273730479
1339186277266741
1339186280776661
1339186284226293
1339186287540988
1339186290668607
1339186293752525
1339186297107062
1339186300387244
1339186303832820
1339186307131926
1339186310474708
1339186314020281
1339186317254109
1339186320576502
1339186324532033
1339186328620860
1339186332445264
1339186336056681
1339186339674477
1339186343231825
1339186346630084
1339186350031541
1339186353459513
1339186357282184
1339186361776558
1339186365565746
1339186369734592
1339186373872926
1339186377847809
1339186381079262
1339186384467356
1339186387736664
1339186391190845
1339186394475658
1339186398116390
1339186401749322
1339186405513292
1339186409452473
1339186413211445
1339186416906401
1339186420939329
1339186424959913
1339186428749811
1339186432665746
1339186436714413
1339186440544259
1339186444396276
1339186448432075
1339186452455128
1339186456322861
1339186460260964
1339186464146689
1339186467766448
1339186471818830
1339186476882237
