1339181482779144
1339181486880136
1339181490873083
1339181494602918
1339181498551321
1339181502897453
1339181507550030
1339181514085283
1339181518375477
1339181522888339
1339181527406789
1339181533342322
1339181537342002
1339181540664778
1339181543814659
1339181547064776
1339181550840420
1339181554693376
1339181558591062
1339181562546924
1339181566576507
1339181571567048
1339181576463880
1339181580783914
1339181584240766
1339181587641610
1339181590996473
1339181594739810
1339181598609025
1339181602230748
1339181605657782
1339181609136028
1339181612543550
1339181615935231
1339181619925719
1339181623680113
1339181627951488
1339181632032173
1339181636222909
1339181640272724
1339181645160049
1339181650631832
1339181654998470
1339181659471303
1339181663800604
1339181668105491
1339181672956632
1339181677427366
1339181681899666
1339181686296619
1339181690452141
1339181694984552
1339181699235162
1339181703041819
1339181706528744
1339181709964487
1339181713410118
1339181717083029
1339181721309423
1339181726255926
1339181730234230
1339181736650947
1339181740381561
1339181743862306
1339181747151357
1339181750481539
1339181753941865
1339181757602144
1339181761601864
1339181766066162
1339181770436174
1339181775271704
1339181779681869
1339181784168425
1339181789129268
1339181794429943
1339181799210379
1339181803945488
1339181808033871
1339181811420363
1339181814479451
1339181821140747
1339181825365379
1339181829250404
1339181833311228
1339181837501852
1339181841841075
1339181845728815
1339181849530376
1339181853358497
1339181857136156
1339181860999484
1339181864580167
1339181868893612
1339181872491465
1339181875679336
1339181879274493
1339181883263333
1339181887285554
1339181891163191
