1336652185838963
1336653195980327
1336654202913447
1336655212717355
1336656220205719
1336657227026031
1336658231749865
1336659235420804
1336660239057980
1336661245164943
1336662254770567
1336663262362356
1336664272983952
1336665281406710
1336666287839793
1336667295467167
1336668303981173
1336669310923908
1336670320145721
1336671327714278
1336672336102234
1336673344462791
1336674355232059
1336675366049222
1336676371925866
1336677375627848
1336678379079550
1336679383144642
1336680386901011
1336681390803343
1336682394720486
1336683399521197
1336684404223170
1336685410249697
1336686417022320
1336687423872179
1336688429063107
1336689437805563
1336690444846153
1336691452765337
1336692462282857
1336693473988517
1336694485699682
1336695493136436
1336696503542999
1336697509582879
1336698518619838
1336699525990743
1336700537922450
1336701545225114
1336702555985158
1336703562984851
1336704574569893
1336705582042214
1336706593708501
1336707604705877
1336708615275260
1336709627572963
1336710639462940
1336711650489524
1336712663606606
1336713673340401
1336714686090846
1336715692983347
1336716701071846
1336717709413592
1336718716468302
1336719722736922
1336720727315980
1336721732685874
1336722739357601
1336723748097819
1336724758040867
1336725770045097
1336726779610209
1336727787758347
1336728800229652
1336729809600517
1336730820273744
1336731832220407
1336732837891319
1336733846040262
1336734856968285
1336735868177401
1336736879575418
1336737891314301
1336738902932737
1336739915549748
1336740925982277
1336741936710084
1336742947626535
1336743956807573
1336744967166629
1336745978748233
1336746990484736
1336748000760577
1336749007561662
1336750013207239
1336751023444151
1336752030564153
