1339185650217031
1339185653819065
1339185657493506
1339185661064537
1339185664676403
1339185668203648
1339185671908474
1339185675448913
1339185678965778
1339185682730226
1339185687058929
1339185691401168
1339185695385672
1339185699343458
1339185703042445
1339185707835617
1339185711444075
1339185715133724
1339185719046436
1339185723510237
1339185727673005
1339185732104333
1339185738180047
1339185742679539
1339185747913773
1339185752411910
1339185756846903
1339185761412944
1339185766907662
1339185772026731
1339185776583142
1339185781238500
1339185789048157
1339185795879815
1339185799675188
1339185802890275
1339185806061032
1339185809363565
1339185812673130
1339185816109378
1339185819805239
1339185823458983
1339185827193245
1339185831654664
1339185837031906
1339185842741764
1339185848782227
1339185856182544
1339185863011560
1339185869275416
1339185874209703
1339185877891883
1339185881964533
1339185886041338
1339185889864711
1339185894121203
1339185898743568
1339185903477434
1339185908331381
1339185913008870
1339185917949770
1339185923226113
1339185929859187
1339185937572700
1339185944630229
1339185950726498
1339185957839130
1339185965085542
1339185972951427
1339185980653921
1339185987729808
1339185993408825
1339185998951295
1339186004305737
1339186009006025
1339186013262442
1339186019987102
1339186025436773
1339186030390017
1339186034640360
1339186037831334
1339186040979916
1339186044271741
1339186048812761
1339186052870977
1339186056854682
1339186060704190
1339186064418798
1339186068030201
1339186071564647
1339186075058017
1339186078785867
1339186082577466
1339186086217422
1339186089769124
1339186093292617
1339186096963777
1339186100630287
1339186105262206
1339186109506860
