1339177651489005
1339177655343973
1339177659525817
1339177673120220
1339177676323215
1339177679840129
1339177683663996
1339177687684304
1339177691901530
1339177695920569
1339177700446933
1339177705364577
1339177710563536
1339177715936599
1339177720418334
1339177724547670
1339177728844955
1339177733189045
1339177737373268
1339177741592932
1339177745991033
1339177749546848
1339177753132504
1339177756831831
1339177760461243
1339177765727338
1339177770152692
1339177774541496
1339177778725472
1339177783047829
1339177788006241
1339177793790273
1339177799252842
1339177804400608
1339177809893154
1339177814265512
1339177818007215
1339177821707898
1339177826486963
1339177831734274
1339177837301738
1339177842390790
1339177847478390
1339177852678639
1339177857930952
1339177862002720
1339177866268035
1339177870722869
1339177875258306
1339177879383823
1339177882961167
1339177886560309
1339177890342832
1339177894875450
1339177899481285
1339177903392422
1339177907218940
1339177910912837
1339177914820535
1339177919041794
1339177923622391
1339177928407474
1339177934024630
1339177939817757
1339177944434272
1339177949457553
1339177953720669
1339177958184943
1339177962992846
1339177967647466
1339177972161330
1339177976300382
1339177980245733
1339177983295438
1339177986407462
1339177989901733
1339177993456279
1339177997526338
1339178003709766
1339178007936013
1339178011263997
1339178014819615
1339178018463776
1339178022960473
1339178027500318
1339178031736158
1339178035899627
1339178040352242
1339178044736360
1339178048905607
1339178053156056
1339178058095585
1339178063521120
1339178069137536
1339178074927260
1339178079462291
1339178084075547
1339178088358155
1339178093820019
1339178098704208
