1339072223002188
1339073227233691
1339074230947621
1339075235456178
1339076240539894
1339077245831628
1339078249426521
1339079253203527
1339080256440927
1339081259645618
1339082263345160
1339083268187838
1339084273864214
1339085279059921
1339086289140488
1339087298428826
1339088308292075
1339089314922151
1339090319157514
1339091325314189
1339092334846141
1339093339554793
1339094349425729
1339095358223415
1339096363950097
1339097369376669
1339098372863201
1339099375737157
1339100379406755
1339101383409525
1339102387637363
1339103392193137
1339104401535510
1339105407614285
1339106415384523
1339107422287933
1339108430100436
1339109437004832
1339110443008460
1339111450945131
1339112458109451
1339113466391732
1339114472119263
1339115481112996
1339116489452652
1339117497703344
1339118503749335
1339119514605694
1339120522205014
1339121530124448
1339122535369346
1339123539764540
1339124543391369
1339125547311762
1339126551290646
1339127555019378
1339128559924819
1339129565109687
1339130570063710
1339131574417803
1339132578292979
1339133582749747
1339134588068898
1339135592131742
1339136597427993
1339137602414084
1339138608262969
1339139613985437
1339140618528739
1339141623122940
1339142627792338
1339143633284668
1339144638958240
1339145651479335
1339146664153722
1339147678112607
1339148688689862
1339149696107180
1339150701683662
1339151707619052
1339152714076968
1339153721535012
1339154727528864
1339155731891102
1339156737953328
1339157744150105
1339158748021329
1339159754431902
1339160760876386
1339161767114763
1339162773688834
1339163780347033
1339164787523741
1339165800030919
1339166813571039
1339167825534663
1339168838035622
1339169844130697
1339170851258942
1339171855711676
