1339173404893848
1339173408723371
1339173412581310
1339173416558014
1339173420695675
1339173424314381
1339173427513673
1339173430622703
1339173434020362
1339173437948330
1339173441942048
1339173446102248
1339173450886025
1339173455968359
1339173460468148
1339173464652006
1339173467781289
1339173471012179
1339173474830426
1339173478082888
1339173481235830
1339173486016562
1339173489721213
1339173493247488
1339173496468340
1339173499864896
1339173503311795
1339173506776140
1339173510724818
1339173514648667
1339173518610979
1339173522948811
1339173527442361
1339173532010748
1339173536043155
1339173540133069
1339173544444811
1339173549664062
1339173554734223
1339173560341198
1339173563659043
1339173566753006
1339173569881185
1339173573450865
1339173577133812
1339173580769739
1339173584352703
1339173587961505
1339173591586743
1339173595129986
1339173605430702
1339173610794154
1339173614547031
1339173617982843
1339173621479123
1339173625065763
1339173628737727
1339173632652136
1339173637343898
1339173641590499
1339173645992950
1339173650950012
1339173655855112
1339173661280870
1339173666231361
1339173670340152
1339173674465344
1339173678602484
1339173683389645
1339173687731949
1339173691637786
1339173695474776
1339173699130100
1339173702689012
1339173706339675
1339173710347143
1339173714540863
1339173718750212
1339173722979951
1339173727297738
1339173731103834
1339173734858627
1339173738511572
1339173742002799
1339173745764444
1339173749401493
1339173752873803
1339173757966486
1339173762762800
1339173767346390
1339173772192329
1339173777346649
1339173782050840
1339173786053086
1339173790269101
1339173794048265
1339173797445523
1339173800779159
1339173804927587
1339173811235192
