1339180210545658
1339180213917111
1339180217300073
1339180220536752
1339180224258872
1339180231599341
1339180236350182
1339180240910843
1339180245522797
1339180250344642
1339180255056487
1339180259067139
1339180262987328
1339180266917443
1339180270974639
1339180274874424
1339180278631940
1339180282502271
1339180286225964
1339180290042526
1339180293820601
1339180297907908
1339180301932819
1339180306258971
1339180310690474
1339180314876909
1339180319274317
1339180324053487
1339180328747699
1339180333470076
1339180338697913
1339180344901805
1339180350307828
1339180355111323
1339180359444307
1339180363538351
1339180373029488
1339180376803962
1339180380756791
1339180384132870
1339180387491130
1339180391077059
1339180394665693
1339180398284798
1339180401841686
1339180405641855
1339180409474457
1339180413073065
1339180416727012
1339180420720690
1339180424256557
1339180427987212
1339180431723770
1339180435538192
1339180439144775
1339180442820072
1339180446303270
1339180449713942
1339180453405572
1339180457406073
1339180461269936
1339180465940913
1339180471056187
1339180475870531
1339180481073847
1339180484994783
1339180491887713
1339180496148992
1339180500315826
1339180504512376
1339180509649994
1339180514391344
1339180519301270
1339180524540496
1339180527888556
1339180531491446
1339180534997655
1339180538511970
1339180542415458
1339180546002299
1339180549444625
1339180552797889
1339180557353105
1339180561611656
1339180566307928
1339180571269476
1339180575991367
1339180580931126
1339180585956753
1339180591220605
1339180596358934
1339180601597922
1339180607479305
1339180614234058
1339180619854451
1339180624630781
1339180629179844
1339180633820061
1339180639669298
1339180645488716
