1339175968055630
1339175972908635
1339175977621193
1339175981801225
1339175985923503
1339175990263150
1339175994764302
1339175999335763
1339176006386690
1339176011282055
1339176024517017
1339176028953955
1339176033479433
1339176037845629
1339176042376915
1339176047038944
1339176051857845
1339176056996222
1339176062372041
1339176069331060
1339176073587009
1339176077809834
1339176082127996
1339176086846912
1339176091365779
1339176095719179
1339176099720654
1339176103920814
1339176111082342
1339176115278034
1339176118927659
1339176122922271
1339176126573321
1339176130031943
1339176133179833
1339176136544977
1339176139717271
1339176142966451
1339176146061751
1339176149442324
1339176153192523
1339176156391608
1339176159703852
1339176166714528
1339176171287353
1339176174463475
1339176181651688
1339176192945634
1339176196795471
1339176199929826
1339176203002764
1339176206148645
1339176209588006
1339176212757974
1339176219661607
1339176223315572
1339176226583961
1339176229944405
1339176233185372
1339176236178695
1339176239105776
1339176242415269
1339176245718804
1339176249017585
1339176252337393
1339176255552480
1339176261944157
1339176265168207
1339176268411669
1339176273265778
1339176276623770
1339176280272447
1339176283690599
1339176290900548
1339176294597323
1339176298153203
1339176301520344
1339176304891917
1339176308299420
1339176311580374
1339176315665186
1339176319708185
1339176323930638
1339176328089120
1339176332430213
1339176337159867
1339176342089169
1339176346084150
1339176349393671
1339176352662861
1339176356119242
1339176360278405
1339176363927180
1339176367706430
1339176370946710
1339176374748916
1339176378107374
1339176381581295
1339176386651307
1339176390236283
