1339178103950232
1339178108592618
1339178112771380
1339178120087740
1339178123870151
1339178127339576
1339178130541403
1339178133945081
1339178137298128
1339178140556102
1339178143707160
1339178150180842
1339178153887309
1339178157049525
1339178160267423
1339178163653066
1339178166821497
1339178170253205
1339178176752330
1339178183196849
1339178194865850
1339178198237341
1339178201561371
1339178204721696
1339178208141082
1339178211503207
1339178214722579
1339178219073134
1339178222171109
1339178225422087
1339178228843972
1339178231889687
1339178235078908
1339178238261193
1339178241671254
1339178245187964
1339178248377487
1339178251551197
1339178258305959
1339178261897967
1339178265142833
1339178268379106
1339178271583726
1339178274924251
1339178278266139
1339178281531149
1339178284822286
1339178288231725
1339178291517687
1339178294782602
1339178298125449
1339178301750850
1339178305257766
1339178308766087
1339178312118377
1339178315589027
1339178319047770
1339178322653605
1339178326106458
1339178329731516
1339178333803339
1339178337833526
1339178342186814
1339178346742204
1339178350947614
1339178355497831
1339178360594842
1339178369173976
1339178372438789
1339178375864949
1339178384066744
1339178387882249
1339178391468854
1339178394569156
1339178397958018
1339178401045442
1339178404216488
1339178407765254
1339178411404952
1339178415664124
1339178420079129
1339178424414995
1339178429113232
1339178433833171
1339178438534002
1339178443214051
1339178446979695
1339178450618817
1339178454211099
1339178457807483
1339178461472402
1339178465193838
1339178469709414
1339178474580690
1339178479307303
1339178483631382
1339178487098126
1339178490470568
1339178493788881
1339178497231377
