1339183582249013
1339183585920970
1339183589464147
1339183592810208
1339183597610948
1339183602396828
1339183607505021
1339183611938216
1339183616278232
1339183620935917
1339183625258728
1339183629693804
1339183634063554
1339183638045653
1339183641502274
1339183645223736
1339183648883172
1339183652607908
1339183656305926
1339183659977056
1339183663683878
1339183667385713
1339183671061524
1339183674779037
1339183678479582
1339183683225200
1339183686967705
1339183690779944
1339183694854554
1339183700049302
1339183705073436
1339183710073372
1339183714771955
1339183718806837
1339183722319306
1339183725843399
1339183729233169
1339183732603482
1339183736118397
1339183739886460
1339183743735455
1339183747420657
1339183750834594
1339183754784193
1339183759854036
1339183767165769
1339183770447393
1339183773699298
1339183776962706
1339183780347490
1339183784545842
1339183788499711
1339183792794766
1339183797168407
1339183801377324
1339183805306634
1339183809135697
1339183812898672
1339183816850687
1339183820599031
1339183825132686
1339183829381967
1339183833499665
1339183837324546
1339183841450493
1339183845683001
1339183849193764
1339183852610721
1339183856411479
1339183859560330
1339183862787826
1339183866027898
1339183869260930
1339183872522172
1339183875740398
1339183878964865
1339183882193243
1339183885739538
1339183889042960
1339183892288962
1339183895536320
1339183899009754
1339183902394189
1339183905964137
1339183910256614
1339183915234260
1339183920179611
1339183924938912
1339183929989796
1339183936163285
1339183941978184
1339183948296706
1339183952755623
1339183956484592
1339183960038723
1339183963465624
1339183966805139
1339183970262720
1339183973868393
1339183977584697
