1337863303927998
1337864310414398
1337865321901386
1337866333374507
1337867344987616
1337868350875309
1337869362506052
1337870370230210
1337871374340536
1337872378270491
1337873382661283
1337874387726526
1337875391462397
1337876395800437
1337877400458984
1337878405084037
1337879409047266
1337880415461849
1337881421042723
1337882427231999
1337883432966860
1337884437392582
1337885442408339
1337886449573562
1337887458523063
1337888466124876
1337889475939791
1337890489705338
1337891499240197
1337892511444136
1337893523079481
1337894534851674
1337895540934324
1337896546883744
1337897552550960
1337898562851491
1337899576347076
1337900587296362
1337901597108985
1337902606306424
1337903619425032
1337904631173115
1337905642255782
1337906652830833
1337907660085830
1337908671441322
1337909683175394
1337910695157857
1337911707378009
1337912718527059
1337913732699081
1337914742821440
1337915755772072
1337916766477036
1337917778338777
1337918789325624
1337919799527087
1337920810579937
1337921815972849
1337922826173202
1337923833755002
1337924846068587
1337925854604841
1337926860253711
1337927868476518
1337928881167697
1337929889184989
1337930901304186
1337931911716274
1337932919708973
1337933929617315
1337934942098833
1337935950283409
1337936961913155
1337937973881835
1337938983623534
1337939993865336
1337941002807143
1337942010025257
1337943014252637
1337944019220981
1337945025868298
1337946037067140
1337947050404303
1337948061748296
1337949067777316
1337950077383914
1337951089199752
1337952100620910
1337953110280197
1337954120237500
1337955125237005
1337956129137906
1337957133946249
1337958137376661
1337959141522625
1337960145032485
1337961148646660
1337962151847960
1337963156249562
