1339173818355838
1339173822583166
1339173827059063
1339173831809624
1339173837154077
1339173843317781
1339173847394511
1339173856555650
1339173861863276
1339173866365292
1339173870736435
1339173875228075
1339173879636477
1339173884612142
1339173890184950
1339173895665318
1339173901272021
1339173905490777
1339173908805673
1339173912153561
1339173915567338
1339173919282364
1339173923051460
1339173927310418
1339173931453618
1339173935702044
1339173940411362
1339173944940952
1339173949310562
1339173953682391
1339173958075738
1339173962375045
1339173966688237
1339173970766411
1339173975054157
1339173979067607
1339173983151310
1339173986971117
1339173990862942
1339173995409637
1339173999826968
1339174006025389
1339174010117807
1339174014374228
1339174020291869
1339174024850481
1339174034444379
1339174039761332
1339174050483302
1339174054505126
1339174062399549
1339174066388342
1339174069704616
1339174078569242
1339174083588100
1339174087446644
1339174091279475
1339174095772001
1339174100308482
1339174103851292
1339174107727831
1339174111488007
1339174118093141
1339174122763276
1339174126312935
1339174133189896
1339174136515846
1339174139748399
1339174144017998
1339174147260757
1339174150390705
1339174153606885
1339174157038385
1339174160873044
1339174164195682
1339174167415982
1339174170639667
1339174174216001
1339174178131421
1339174189266031
1339174192644625
1339174199619264
1339174203170382
1339174206421802
1339174209672020
1339174215260916
1339174218672095
1339174221837164
1339174228892802
1339174231991004
1339174235091447
1339174242045369
1339174245397955
1339174248618523
1339174255753068
1339174259732791
1339174263078180
1339174266273038
1339174269589450
1339174272869332
