1336349651813945
1336350659377537
1336351664510458
1336352671737250
1336353681053808
1336354687472687
1336355692130028
1336356696645059
1336357708817084
1336358717500734
1336359728952251
1336360734905342
1336361743975218
1336362754709274
1336363762021326
1336364773945793
1336365780159121
1336366788827997
1336367796684790
1336368806106342
1336369812660704
1336370817388984
1336371821173099
1336372827001142
1336373834858047
1336374842537780
1336375851338354
1336376860156234
1336377873408787
1336378881343885
1336379892871879
1336380900343722
1336381912535185
1336382918897180
1336383922761192
1336384933310160
1336385945661080
1336386955867732
1336387963578203
1336388975737011
1336389988585479
1336390998443808
1336392007130696
1336393015468162
1336394022356344
1336395030118765
1336396035860498
1336397043079851
1336398055410622
1336399062288524
1336400072221454
1336401079199464
1336402090692596
1336403100192744
1336404109391513
1336405120247143
1336406128559872
1336407138255615
1336408149212944
1336409153402823
1336410157862206
1336411166538321
1336412174183458
1336413186053358
1336414194290021
1336415202175740
1336416212272962
1336417217709923
1336418228106891
1336419234565026
1336420242091340
1336421247793634
1336422252325303
1336423261039057
1336424270640046
1336425278745496
1336426288019902
1336427297871721
1336428307177680
1336429317573727
1336430327972019
1336431338408151
1336432351502274
1336433362348118
1336434367551356
1336435373941441
1336436378613351
1336437382864481
1336438386939675
1336439390797993
1336440394441673
1336441398431107
1336442403341225
1336443408947574
1336444414404940
1336445419301010
1336446425542783
1336447433091247
1336448440896995
1336449448675674
