1336853886682162
1336854895957703
1336855905793713
1336856918796122
1336857927483926
1336858939643297
1336859951844931
1336860963093299
1336861975589486
1336862987736907
1336863999709126
1336865009126948
1336866016043372
1336867023388611
1336868030452702
1336869037928104
1336870049906287
1336871059196698
1336872070759655
1336873080866432
1336874095267523
1336875107087211
1336876118707558
1336877131739686
1336878144721728
1336879157127014
1336880170027021
1336881176295671
1336882186203064
1336883198774329
1336884206516443
1336885219238448
1336886232853090
1336887244358461
1336888257747781
1336889265302172
1336890277389814
1336891287608063
1336892297106281
1336893309406256
1336894321609809
1336895335898360
1336896346791870
1336897359900470
1336898367413823
1336899374180326
1336900378710963
1336901383102765
1336902387520815
1336903391840678
1336904396019301
1336905401424058
1336906406528913
1336907411402161
1336908417836216
1336909423427879
1336910429579587
1336911438351476
1336912446637595
1336913451961860
1336914459120040
1336915468182376
1336916477606383
1336917484465714
1336918492653479
1336919501675099
1336920511979171
1336921522559466
1336922530962913
1336923542124538
1336924551245125
1336925564121493
1336926577740191
1336927591477485
1336928600905595
1336929610954004
1336930622833895
1336931634723437
1336932648642897
1336933660861419
1336934674136576
1336935687013315
1336936700977514
1336937711733517
1336938724288270
1336939734094150
1336940743850429
1336941754240519
1336942763333959
1336943770618869
1336944775806920
1336945780703295
1336946786514843
1336947793429171
1336948797455291
1336949800784036
1336950808293585
1336951815300730
1336952826710472
1336953834932892
