1339183179829199
1339183183017965
1339183186332209
1339183189821605
1339183193014515
1339183196292370
1339183199531103
1339183202788772
1339183206063093
1339183209245586
1339183212725987
1339183216168976
1339183219433619
1339183222735660
1339183226012883
1339183229544320
1339183233112748
1339183236215029
1339183239447899
1339183242936747
1339183246388255
1339183249974340
1339183253552062
1339183257284678
1339183261291294
1339183265426120
1339183269502408
1339183274639130
1339183279998856
1339183286016846
1339183290888349
1339183295970711
1339183302067174
1339183308706191
1339183314464969
1339183319912399
1339183325610101
1339183331613874
1339183337512770
1339183341748256
1339183345896497
1339183351074129
1339183356457362
1339183360945381
1339183364941489
1339183369230158
1339183373638748
1339183378037873
1339183381666115
1339183384884406
1339183388097331
1339183391403122
1339183394660454
1339183398030709
1339183401506635
1339183405796526
1339183409727909
1339183413663445
1339183417570197
1339183421143475
1339183424482189
1339183427800739
1339183431908876
1339183435643976
1339183438972537
1339183442285117
1339183445689412
1339183449121366
1339183452560479
1339183455976538
1339183459395886
1339183462791039
1339183466180390
1339183469894893
1339183473476319
1339183477392834
1339183481383172
1339183485640852
1339183489624939
1339183494057641
1339183498780630
1339183503613223
1339183508565054
1339183513561372
1339183518560217
1339183522351810
1339183526290134
1339183529950690
1339183533660745
1339183537414713
1339183541431794
1339183546595330
1339183551363106
1339183555210581
1339183558826693
1339183563831406
1339183568460777
1339183571985324
1339183575600592
1339183579306617
