1339176816046716
1339176821384602
1339176826307062
1339176830075114
1339176833923913
1339176837713382
1339176841665216
1339176845696148
1339176849913386
1339176854485912
1339176858357865
1339176862637450
1339176867233856
1339176871556520
1339176876266358
1339176881044376
1339176885808832
1339176889843200
1339176893558502
1339176897276975
1339176901069888
1339176905522088
1339176914678231
1339176918564937
1339176922545439
1339176926927379
1339176931589493
1339176935536855
1339176939508092
1339176943229289
1339176947253234
1339176951626885
1339176956047250
1339176960949947
1339176965848417
1339176969789077
1339176973790888
1339176977736371
1339176981263672
1339176985797913
1339176989561336
1339176994356406
1339176998168781
1339177002777580
1339177006080158
1339177009747292
1339177014201100
1339177018751525
1339177023524551
1339177027917778
1339177031994690
1339177036344604
1339177041793854
1339177045976234
1339177050066685
1339177054056875
1339177058103211
1339177062098102
1339177066014048
1339177070190680
1339177075001441
1339177079394834
1339177084452694
1339177089528559
1339177093882989
1339177097931181
1339177102050762
1339177106898586
1339177117248201
1339177121656269
1339177126087683
1339177129718901
1339177132965001
1339177136180717
1339177139575295
1339177142904147
1339177146185013
1339177149411479
1339177152678250
1339177155978184
1339177159203082
1339177162385536
1339177165685961
1339177168867940
1339177172070808
1339177175271855
1339177178648288
1339177185210536
1339177188431017
1339177192014899
1339177196100258
1339177199593356
1339177202765999
1339177205988066
1339177209325934
1339177212771961
1339177216056716
1339177220146192
1339177223503824
1339177226880849
