1337460692947803
1337461700617781
1337462714302103
1337463725788570
1337464737827440
1337465748812714
1337466754441500
1337467762462807
1337468770857344
1337469781718877
1337470791811590
1337471797692700
1337472802218042
1337473806695989
1337474810609361
1337475814357365
1337476822916174
1337477834997075
1337478845497681
1337479851925753
1337480860709292
1337481870077539
1337482876300567
1337483884912321
1337484893089825
1337485904681808
1337486915858977
1337487926510601
1337488938290573
1337489942211080
1337490953469864
1337491966031441
1337492977861015
1337493989637599
1337494999553789
1337496004025572
1337497008110567
1337498012356494
1337499017299460
1337500024479322
1337501028332015
1337502035303644
1337503046424834
1337504050220283
1337505054853145
1337506063109314
1337507072530898
1337508080354982
1337509090565841
1337510098437790
1337511109930518
1337512119766611
1337513129823678
1337514133387096
1337515136416477
1337516140714783
1337517146923031
1337518150846858
1337519154299617
1337520157372068
1337521160491847
1337522164283295
1337523168408394
1337524171973378
1337525175776667
1337526179886682
1337527183596019
1337528186820126
1337529189931415
1337530193729232
1337531197791646
1337532201596285
1337533205210534
1337534208808805
1337535212415801
1337536215765398
1337537220051266
1337538223685562
1337539229428201
1337540233055142
1337541237083128
1337542240388222
1337543243611774
1337544247542024
1337545251895236
1337546256227035
1337547260160769
1337548267619976
1337549272655512
1337550276850884
1337551286498847
1337552290911278
1337553298682881
1337554302748736
1337555307266507
1337556311745671
1337557315199538
1337558319129122
1337559327108761
1337560333134537
