1337055803971003
1337056815359510
1337057828236943
1337058840125788
1337059852888520
1337060865585945
1337061877702248
1337062892611111
1337063905006898
1337064918574424
1337065931592217
1337066944627541
1337067958122193
1337068971888079
1337069983015970
1337070996057569
1337072006246506
1337073012275896
1337074017150110
1337075022271350
1337076027398821
1337077034942621
1337078041093765
1337079048687331
1337080056168433
1337081063226737
1337082070466973
1337083078404024
1337084087258666
1337085097389943
1337086109408507
1337087121799765
1337088134454340
1337089148209431
1337090161357936
1337091174266324
1337092186701716
1337093199125387
1337094209774000
1337095221591416
1337096235302889
1337097248916853
1337098262145840
1337099274177721
1337100287611105
1337101301832269
1337102314844250
1337103325166054
1337104333680932
1337105344259460
1337106355327899
1337107368231092
1337108380026806
1337109392319609
1337110406084974
1337111415900829
1337112428548883
1337113442613725
1337114455824948
1337115469253154
1337116480015805
1337117492018175
1337118505567007
1337119517697114
1337120532164315
1337121546111731
1337122558819392
1337123570298698
1337124582537956
1337125596068206
1337126607085602
1337127620419210
1337128634192990
1337129643268774
1337130655777599
1337131670227103
1337132683649779
1337133695732260
1337134709642131
1337135722354365
1337136733643376
1337137747695990
1337138756290392
1337139766310155
1337140778162393
1337141790152218
1337142800772966
1337143812156804
1337144824731333
1337145838342043
1337146849842611
1337147860642089
1337148871718327
1337149884191641
1337150895791982
1337151907414992
1337152920142527
1337153931435050
1337154940970994
1337155949889702
