1339172258407395
1339172261609588
1339172265588416
1339172268680409
1339172271741803
1339172275119314
1339172278984272
1339172282036552
1339172285264079
1339172291919518
1339172295363395
1339172298681052
1339172302019465
1339172305419620
1339172308652400
1339172311770709
1339172315399034
1339172318816735
1339172322102950
1339172325252439
1339172328642372
1339172332046822
1339172335371524
1339172338945237
1339172343677520
1339172347911121
1339172352256997
1339172356827546
1339172366406132
1339172369773924
1339172373217366
1339172376617135
1339172379892481
1339172383091959
1339172389939706
1339172393608732
1339172397052726
1339172400492689
1339172404930914
1339172409350316
1339172413765219
1339172418603047
1339172423749253
1339172428699641
1339172434073787
1339172440134466
1339172450234503
1339172455765166
1339172460811856
1339172465731660
1339172470551435
1339172475401576
1339172480331150
1339172485686217
1339172490777792
1339172494760485
1339172498221339
1339172501714263
1339172506044319
1339172510430951
1339172514026332
1339172517723970
1339172521371941
1339172524983417
1339172528477985
1339172531912746
1339172535652025
1339172539550485
1339172543384412
1339172547872768
1339172552584320
1339172557096686
1339172560240907
1339172563547219
1339172567213342
1339172571555631
1339172576118687
1339172580027270
1339172585163497
1339172594270308
1339172597671561
1339172600971149
1339172604388777
1339172607702892
1339172610834008
1339172614394039
1339172618083723
1339172622403334
1339172626501195
1339172630661952
1339172635130246
1339172640006453
1339172645390861
1339172648995260
1339172652519577
1339172655908992
1339172659267250
1339172662689818
1339172666048442
1339172669637154
