1335645323058392
1335646333785363
1335647344278540
1335648356086267
1335649361888151
1335650369067149
1335651373004789
1335652377336979
1335653381822014
1335654385379030
1335655389690045
1335656393014517
1335657396949509
1335658402337229
1335659406421856
1335660412641806
1335661419543327
1335662426322045
1335663432937217
1335664440967152
1335665447182671
1335666453242619
1335667461120482
1335668471998464
1335669481103208
1335670490181902
1335671497837060
1335672507689813
1335673516023006
1335674526887913
1335675538531747
1335676544767133
1335677557328424
1335678566367802
1335679579612151
1335680589833401
1335681599887379
1335682611898279
1335683623616049
1335684637863794
1335685650805051
1335686662852600
1335687675737891
1335688690513896
1335689703952152
1335690717599920
1335691730277109
1335692743387872
1335693756576349
1335694769726942
1335695782223614
1335696794065611
1335697806176729
1335698818538506
1335699830398787
1335700842335879
1335701854507493
1335702866232184
1335703876851112
1335704889372042
1335705901647464
1335706913848714
1335707927467456
1335708938703647
1335709948855768
1335710962608219
1335711974537948
1335712984240248
1335713994434988
1335715001034733
1335716006571678
1335717011154277
1335718015631091
1335719019485751
1335720028318197
1335721034840155
1335722038996627
1335723045027755
1335724053794145
1335725063256720
1335726070024762
1335727079638425
1335728088072797
1335729095536602
1335730101475234
1335731107675629
1335732112646998
1335733116886472
1335734120172666
1335735128328878
1335736140035015
1335737149183010
1335738161668023
1335739172782657
1335740187234307
1335741198887459
1335742209363695
1335743222788660
1335744234148013
1335745245643616
