1337561339003740
1337562346805195
1337563350571060
1337564357202933
1337565361421310
1337566369285521
1337567375038183
1337568379220602
1337569382616043
1337570386366521
1337571390101128
1337572394633954
1337573399969606
1337574406486245
1337575411145467
1337576417333467
1337577420749721
1337578426322267
1337579430835103
1337580439489814
1337581443438122
1337582452443735
1337583458589154
1337584465089373
1337585471751049
1337586475828157
1337587483133090
1337588493887617
1337589502361864
1337590513429215
1337591517223096
1337592528935149
1337593538730818
1337594550802909
1337595563081574
1337596574887415
1337597586562043
1337598598118744
1337599607704227
1337600617476747
1337601626750307
1337602633432387
1337603642869953
1337604650480229
1337605658427520
1337606662178671
1337607665587450
1337608670454617
1337609682425742
1337610691959088
1337611695706200
1337612702075222
1337613705445671
1337614711977342
1337615721494477
1337616727046542
1337617731290850
1337618735704111
1337619740149085
1337620744308686
1337621753811829
1337622757047445
1337623760560767
1337624764811682
1337625768693319
1337626778429872
1337627790299369
1337628802277189
1337629814155297
1337630822496800
1337631830523343
1337632839802202
1337633843703547
1337634848782794
1337635857688852
1337636865991305
1337637874113332
1337638878059456
1337639882185239
1337640890350958
1337641893948344
1337642902844558
1337643913586987
1337644917477521
1337645923260556
1337646933522060
1337647943880121
1337648950613262
1337649954111649
1337650957999147
1337651961638548
1337652967315051
1337653970827125
1337654974978079
1337655979760357
1337656991843561
1337658000859143
1337659009483791
1337660016341821
1337661020121574
