1339187311576463
1339187315827892
1339187319734386
1339187323791540
1339187328547101
1339187334970021
1339187340890558
1339187346785748
1339187352387842
1339187356718954
1339187361130257
1339187366267391
1339187377726811
1339187386642080
1339187390409250
1339187393800016
1339187397076728
1339187401103379
1339187405768862
1339187410228254
1339187415307780
1339187420805421
1339187425948908
1339187432063673
1339187436929521
1339187440653562
1339187444409246
1339187448026664
1339187451641615
1339187455231202
1339187458883938
1339187462913163
1339187466836906
1339187471037593
1339187475741732
1339187480122339
1339187484317415
1339187488377668
1339187492416846
1339187496761065
1339187501079568
1339187505755648
1339187510419336
1339187514951993
1339187519993263
1339187527004413
1339187532948622
1339187538628309
1339187544283649
1339187550485878
1339187555661095
1339187561240157
1339187569381826
1339187575960374
1339187584729315
1339187591807391
1339187598241997
1339187603988631
1339187608467554
1339187612759481
1339187617104991
1339187621508638
1339187625352997
1339187629089834
1339187633098575
1339187637204935
1339187640990495
1339187645198912
1339187649402650
1339187653110835
1339187656658236
1339187660124363
1339187663459385
1339187667212796
1339187670852489
1339187676974342
1339187682006668
1339187686512673
1339187690754022
1339187694821564
1339187698854525
1339187702813307
1339187706643602
1339187710426387
1339187714293909
1339187718102954
1339187721909370
1339187726822564
1339187731392911
1339187736080135
1339187740072777
1339187744091313
1339187748613476
1339187752447348
1339187756236753
1339187761645459
1339187766216437
1339187770800243
1339187775793673
1339187781222316
