1338567706327484
1338568718300744
1338569730587426
1338570740420626
1338571744024282
1338572749971513
1338573761634261
1338574772473658
1338575784033570
1338576793101593
1338577804234128
1338578816529953
1338579828522309
1338580839777571
1338581850158278
1338582863107912
1338583873239027
1338584880884566
1338585891129151
1338586898691763
1338587904722467
1338588911866421
1338589924333671
1338590936022213
1338591947619917
1338592959408045
1338593971116020
1338594982396626
1338595989687188
1338597002252911
1338598010663757
1338599018823927
1338600027216449
1338601036402499
1338602044434617
1338603052355804
1338604058270613
1338605064898299
1338606071577041
1338607079314029
1338608084498133
1338609091143482
1338610100740446
1338611109916110
1338612120320195
1338613126171489
1338614129951299
1338615133881710
1338616137482757
1338617141459713
1338618145131650
1338619148756066
1338620152600212
1338621156094639
1338622160233119
1338623163792295
1338624167735063
1338625171567525
1338626176181853
1338627180293583
1338628184399751
1338629188392343
1338630192379536
1338631196547979
1338632199809248
1338633203838184
1338634207809550
1338635212152792
1338636215910162
1338637219643234
1338638223116027
1338639227065191
1338640231116869
1338641235474643
1338642239087548
1338643243616819
1338644247243217
1338645250734023
1338646254090285
1338647258512934
1338648261657740
1338649265253583
1338650271127068
1338651278328302
1338652284937372
1338653292434306
1338654299714235
1338655303933605
1338656313162752
1338657322823250
1338658331577305
1338659338301092
1338660342985267
1338661351487467
1338662361698094
1338663366437240
1338664369298066
1338665375300670
1338666382045501
1338667386579263
