1339187786719030
1339187791842417
1339187798058575
1339187805083829
1339187810613379
1339187818601774
1339187829218076
1339187833130625
1339187836454086
1339187839719061
1339187842997503
1339187846618000
1339187850221470
1339187854228771
1339187857968397
1339187861649661
1339187865640051
1339187870882594
1339187876316298
1339187881134987
1339187885726397
1339187890422957
1339187895175133
1339187900178426
1339187906806851
1339187912670230
1339187917486110
1339187922150076
1339187927600446
1339187931922285
1339187935996203
1339187940526077
1339187945092431
1339187949802013
1339187955174189
1339187961031159
1339187967061354
1339187973446761
1339187980475088
1339187987611155
1339187993918182
1339187999306546
1339188007180360
1339188015067824
1339188018773466
1339188022492470
1339188026162284
1339188029641025
1339188033033908
1339188036710960
1339188040433966
1339188044239034
1339188047787861
1339188051463604
1339188054936811
1339188058529566
1339188062030323
1339188065387192
1339188069122526
1339188072716724
1339188076385815
1339188080172581
1339188084787779
1339188089563892
1339188094430056
1339188099363253
1339188104340966
1339188110738023
1339188115990589
1339188120884906
1339188124421607
1339188127559142
1339188130835656
1339188134338838
1339188137668395
1339188141318633
1339188144637678
1339188147886940
1339188151320579
1339188154568082
1339188157906939
1339188161030482
1339188164494916
1339188167860255
1339188171245143
1339188174470791
1339188177847632
1339188181145604
1339188184312614
1339188187622752
1339188203217263
1339188208709985
1339188212212198
1339188215422170
1339188218693971
1339188221994260
1339188225512104
1339188228838820
1339188231998350
1339188235576290
