1339184858749883
1339184862839156
1339184866985044
1339184872471387
1339184878576641
1339184884596927
1339184890188498
1339184895315610
1339184899458441
1339184903623242
1339184907561936
1339184911471742
1339184915326025
1339184919200221
1339184923736670
1339184929946376
1339184935388553
1339184941264325
1339184946633793
1339184951158062
1339184955224301
1339184959259492
1339184962930136
1339184966562777
1339184970184421
1339184973822494
1339184977466678
1339184981086087
1339184984832344
1339184988651489
1339184992786078
1339184996632332
1339185001530181
1339185005532707
1339185009600168
1339185013861033
1339185019104603
1339185024268587
1339185029262480
1339185033654651
1339185038319706
1339185042888365
1339185048269326
1339185054166865
1339185058291677
1339185062310549
1339185066464928
1339185070278773
1339185074316393
1339185078264460
1339185082340748
1339185086420918
1339185092035265
1339185095930728
1339185100030955
1339185103910156
1339185109365335
1339185114301065
1339185119192787
1339185124258463
1339185128870237
1339185132183369
1339185135360205
1339185138704641
1339185142069514
1339185145595327
1339185148838978
1339185152424572
1339185155615193
1339185158917491
1339185162159375
1339185165405669
1339185168910714
1339185172223313
1339185175436341
1339185178835018
1339185182330309
1339185185708809
1339185188867465
1339185192098935
1339185195218430
1339185198540237
1339185201783609
1339185204966065
1339185208253177
1339185211534086
1339185214856006
1339185218318599
1339185222477286
1339185225779354
1339185229000497
1339185232381076
1339185235754840
1339185239004735
1339185242407320
1339185245732639
1339185249170659
1339185252392059
1339185255579933
1339185258777109
