1338468047229314
1338469057458218
1338470068557301
1338471079932249
1338472092646275
1338473106282289
1338474116418941
1338475120729259
1338476125353387
1338477132127078
1338478135577240
1338479139362964
1338480142949397
1338481145944099
1338482149817457
1338483153329776
1338484156859809
1338485160589102
1338486164738072
1338487168724880
1338488173019697
1338489177032068
1338490181262882
1338491185113950
1338492189203369
1338493193432802
1338494197135243
1338495200632653
1338496204816787
1338497211283077
1338498214708452
1338499218397353
1338500222778292
1338501226594799
1338502230761229
1338503235381095
1338504239364672
1338505243682953
1338506247926101
1338507251011081
1338508254503167
1338509258428236
1338510263232078
1338511275697769
1338512282370755
1338513286749349
1338514294811160
1338515306518724
1338516317969214
1338517330150349
1338518342648230
1338519354809850
1338520362674947
1338521370680848
1338522374444165
1338523378812055
1338524383151027
1338525387424710
1338526391511140
1338527395580091
1338528400251703
1338529405373305
1338530410760262
1338531417034985
1338532424199155
1338533429576809
1338534435765048
1338535442056333
1338536448925392
1338537458407968
1338538464826054
1338539471810355
1338540476875515
1338541487396176
1338542493260841
1338543501030304
1338544509339229
1338545519282074
1338546529268143
1338547540519417
1338548549288295
1338549557584083
1338550563704725
1338551568325308
1338552572719922
1338553579756511
1338554586689772
1338555591706930
1338556602121827
1338557607525542
1338558615619676
1338559622392618
1338560630319500
1338561637266230
1338562648091274
1338563657035125
1338564667753680
1338565678391514
1338566689965227
1338567697639155
