1339185651443069
1339185655083863
1339185658739766
1339185662330673
1339185665891311
1339185669440161
1339185673186204
1339185676661320
1339185680343633
1339185684243570
1339185688630283
1339185692924718
1339185696784957
1339185700706923
1339185704789194
1339185709106256
1339185712717519
1339185716498289
1339185720554367
1339185724979162
1339185729141077
1339185733606332
1339185739872278
1339185744180113
1339185749571838
1339185754029299
1339185758271615
1339185763448860
1339185768729204
1339185773668055
1339185778156914
1339185782965970
1339185792382322
1339185797266816
1339185800889842
1339185803995411
1339185807174294
1339185810453933
1339185813863982
1339185817475701
1339185821130574
1339185824760522
1339185828651237
1339185833444480
1339185838851890
1339185844702651
1339185851163256
1339185858610303
1339185865155313
1339185871387244
1339185875482999
1339185879247919
1339185883379508
1339185887376050
1339185891080498
1339185895787690
1339185900287131
1339185905219937
1339185909916192
1339185914593951
1339185919516849
1339185925782461
1339185932996788
1339185940452759
1339185946774023
1339185953426015
1339185960144638
1339185967817603
1339185975518606
1339185983238207
1339185989746836
1339185995378286
1339186000954695
1339186006005882
1339186010424487
1339186016694150
1339186021870934
1339186027106038
1339186032151369
1339186035745676
1339186038958693
1339186042057185
1339186046108330
1339186050197455
1339186054180375
1339186058161440
1339186061923652
1339186065688765
1339186069273235
1339186072829439
1339186076304267
1339186080211759
1339186083866689
1339186087493484
1339186090981997
1339186094509725
1339186098232844
1339186102373269
1339186106841622
1339186110877437
