1339178499890152
1339178503521978
1339178507279779
1339178510985120
1339178515162660
1339178519486279
1339178523942825
1339178529279111
1339178533272080
1339178538240199
1339178543259397
1339178547533301
1339178551542570
1339178555717795
1339178559327072
1339178562737950
1339178566366928
1339178570164207
1339178574001284
1339178578065088
1339178581729091
1339178585300422
1339178588715057
1339178592143621
1339178595790865
1339178599547886
1339178603193675
1339178606840570
1339178610904201
1339178614912749
1339178619099077
1339178623914174
1339178629144226
1339178632852867
1339178636169978
1339178639411568
1339178642447758
1339178645497503
1339178648872262
1339178653050940
1339178657225403
1339178661084378
1339178665360954
1339178669660559
1339178676245721
1339178684410837
1339178689958735
1339178693168042
1339178696631634
1339178700152331
1339178704145796
1339178708019711
1339178712417028
1339178716985963
1339178721930654
1339178727207774
1339178732462485
1339178735789185
1339178738939447
1339178742550702
1339178745834770
1339178750134856
1339178754473764
1339178758953197
1339178763667583
1339178768596129
1339178773285117
1339178777332719
1339178781382563
1339178785762883
1339178791076114
1339178797664891
1339178802357952
1339178806768582
1339178811380849
1339178815795953
1339178820660206
1339178825578432
1339178830780902
1339178835729561
1339178840670454
1339178845796145
1339178849644980
1339178853200777
1339178856546845
1339178861308348
1339178866391905
1339178870678341
1339178875306399
1339178879804263
1339178884135064
1339178887757966
1339178891494359
1339178895387831
1339178899001987
1339178903327795
1339178907439792
1339178910650378
1339178913692457
1339178916747888
