1335342144210053
1335343150984393
1335344155508474
1335345160686028
1335346167150728
1335347175136077
1335348182024692
1335349187940790
1335350194118207
1335351200294395
1335352207071995
1335353213021136
1335354219178585
1335355225593535
1335356231629327
1335357238867902
1335358244289624
1335359249655330
1335360255792691
1335361262962518
1335362269112633
1335363276663791
1335364283002778
1335365289001339
1335366296280709
1335367303487836
1335368309473773
1335369314812313
1335370318142301
1335371324238161
1335372331617372
1335373338292517
1335374343964343
1335375350304107
1335376356227943
1335377362108153
1335378367089885
1335379372534403
1335380376591052
1335381380476552
1335382384558717
1335383390141594
1335384394610071
1335385398667904
1335386402932978
1335387408503143
1335388412627989
1335389419282088
1335390424597259
1335391431195964
1335392438030291
1335393444270742
1335394449778886
1335395456925496
1335396462200056
1335397468586630
1335398474521330
1335399480917052
1335400487607525
1335401493599685
1335402500096696
1335403506588432
1335404511827181
1335405515975946
1335406522520200
1335407529542487
1335408535456944
1335409541403898
1335410549273979
1335411554876144
1335412560142956
1335413566231401
1335414572172320
1335415577453500
1335416583194624
1335417588268200
1335418593693446
1335419600354833
1335420607364874
1335421613921129
1335422620019640
1335423627352700
1335424633042380
1335425638431511
1335426644739584
1335427651396549
1335428658185457
1335429665280884
1335430672365017
1335431678612972
1335432685213327
1335433691286572
1335434697054697
1335435703996323
1335436709743469
1335437715390316
1335438721269792
1335439728166256
1335440735953294
1335441742347802
