1336753042762683
1336754053631181
1336755061429288
1336756071073117
1336757080244981
1336758086791713
1336759093214963
1336760097764950
1336761101582809
1336762111805753
1336763123416711
1336764131443431
1336765142405380
1336766155131502
1336767166710179
1336768178797151
1336769184568819
1336770191960792
1336771201986669
1336772209073002
1336773218847490
1336774231432101
1336775244906003
1336776258148245
1336777269280716
1336778281451556
1336779293144387
1336780300208881
1336781310392847
1336782318599438
1336783326403053
1336784335849348
1336785341024498
1336786347710274
1336787353349416
1336788362211047
1336789367555626
1336790371838133
1336791376190332
1336792380617904
1336793384778015
1336794388304540
1336795392435488
1336796396565945
1336797401017376
1336798406892181
1336799413518301
1336800418438586
1336801423278486
1336802427564034
1336803435239699
1336804442725206
1336805448903614
1336806453660440
1336807461678608
1336808471239022
1336809482914109
1336810490410640
1336811501515170
1336812512072270
1336813518572167
1336814529894651
1336815541467307
1336816553723103
1336817566598262
1336818578260241
1336819589552015
1336820600588868
1336821605388441
1336822614365006
1336823625646279
1336824637528131
1336825642200641
1336826648970793
1336827653666601
1336828665161472
1336829670045731
1336830679967548
1336831687442992
1336832699164871
1336833708057325
1336834721366925
1336835731519588
1336836745569494
1336837755654611
1336838762973874
1336839770213704
1336840779506491
1336841791457374
1336842802323542
1336843809233180
1336844816052234
1336845824417709
1336846834188586
1336847843838208
1336848853696238
1336849862687436
1336850868596656
1336851874544358
1336852879359424
