1335846949072120
1335847958625912
1335848964820917
1335849975152613
1335850981733105
1335851991184174
1335853000663220
1335854007706218
1335855013878835
1335856020824708
1335857024688535
1335858029332107
1335859039635106
1335860049224905
1335861060996079
1335862072884085
1335863083269829
1335864095093284
1335865103825926
1335866112495205
1335867118429038
1335868122422137
1335869126763032
1335870131937003
1335871138492624
1335872143467067
1335873150246264
1335874157017163
1335875163257195
1335876170955491
1335877180707367
1335878191995719
1335879203970228
1335880214676549
1335881226402309
1335882237151944
1335883247688949
1335884258552318
1335885269162410
1335886282828694
1335887292177108
1335888300087189
1335889307885119
1335890313276303
1335891321794741
1335892328893981
1335893341057147
1335894350184389
1335895358614143
1335896365780561
1335897371584069
1335898376223241
1335899381300501
1335900385150854
1335901390102282
1335902395579780
1335903400534473
1335904406091974
1335905411241993
1335906417289546
1335907423812920
1335908430191193
1335909436196889
1335910442422126
1335911451419210
1335912457485167
1335913461093641
1335914465339539
1335915469817375
1335916475845988
1335917480961284
1335918486963365
1335919497455509
1335920505168162
1335921513860391
1335922520689259
1335923524842166
1335924529502388
1335925540518195
1335926549791005
1335927557972780
1335928564921159
1335929571008998
1335930581176953
1335931585859966
1335932595534622
1335933603324765
1335934614253146
1335935623130114
1335936630701043
1335937640331212
1335938647037200
1335939651893974
1335940657820086
1335941666754786
1335942673728446
1335943679076947
1335944687813896
1335945692229286
1335946698703915
