1336652185509051
1336653195209600
1336654202640239
1336655212026116
1336656219824394
1336657226587265
1336658231496428
1336659235166140
1336660238862506
1336661244709026
1336662254262451
1336663261972595
1336664271842208
1336665280711276
1336666287378545
1336667295017748
1336668303527896
1336669310520441
1336670319470263
1336671327321601
1336672335487831
1336673343980942
1336674354864078
1336675365298223
1336676371617990
1336677375414386
1336678378880878
1336679382882100
1336680386660638
1336681390543085
1336682394489262
1336683399193223
1336684403829206
1336685409872671
1336686416584664
1336687423416928
1336688428620841
1336689437276073
1336690444456175
1336691452252471
1336692461684058
1336693473413943
1336694484951834
1336695492764402
1336696502756813
1336697509413943
1336698517929657
1336699525614493
1336700537296423
1336701544238874
1336702555450338
1336703562603786
1336704573927269
1336705581581786
1336706593002468
1336707604120363
1336708614839007
1336709627022546
1336710638839855
1336711649781567
1336712662791977
1336713672702946
1336714685458957
1336715692651670
1336716700539587
1336717709147445
1336718715962702
1336719722421295
1336720727061417
1336721732400799
1336722738929663
1336723747545252
1336724757368634
1336725769281645
1336726778932672
1336727787269473
1336728799490065
1336729808971731
1336730819728821
1336731831489981
1336732837616543
1336733845440554
1336734856231223
1336735867693004
1336736878759257
1336737889549556
1336738902266325
1336739914655968
1336740925347729
1336741936392770
1336742947058780
1336743956375098
1336744966692898
1336745978120384
1336746989724409
1336748000456615
1336749007103713
1336750012870695
1336751022714884
1336752030181466
