1336754048991499
1336755056817692
1336756065809869
1336757075536066
1336758083832143
1336759090093418
1336760095622331
1336761099996742
1336762105155768
1336763116332699
1336764128104312
1336765135925239
1336766147832490
1336767160205191
1336768172874545
1336769182741904
1336770187568154
1336771196975202
1336772205297053
1336773213570784
1336774224200757
1336775237046898
1336776250754166
1336777263591566
1336778273861474
1336779286990566
1336780297395867
1336781303891884
1336782315361159
1336783321861437
1336784330907201
1336785338670861
1336786343514859
1336787350707934
1336788356724337
1336789365566153
1336790369576750
1336791373915401
1336792378684438
1336793382659318
1336794386707709
1336795390221450
1336796394235937
1336797398872183
1336798403614525
1336799409826907
1336800416247906
1336801420711889
1336802425685528
1336803430878152
1336804438969014
1336805446689907
1336806451075669
1336807456490730
1336808466111391
1336809475775049
1336810486990670
1336811494411244
1336812506344917
1336813516755283
1336814522722329
1336815535599161
1336816546748007
1336817558953957
1336818570643446
1336819582263231
1336820595133914
1336821603511078
1336822608470352
1336823619423863
1336824631666461
1336825640423910
1336826644983200
1336827651867827
1336828657529770
1336829668140271
1336830674181452
1336831683611862
1336832691953870
1336833703345592
1336834715268384
1336835725462656
1336836737182351
1336837749970876
1336838759201679
1336839766559854
1336840774466842
1336841784171530
1336842797118944
1336843805822983
1336844812841293
1336845819673228
1336846828701294
1336847838821549
1336848848468033
1336849857898643
1336850866319844
1336851871216718
1336852877690799
1336853882066279
