1339071220837056
1339072225283902
1339073228821551
1339074233128724
1339075237891077
1339076243383413
1339077247389734
1339078251158144
1339079254806198
1339080257760510
1339081261322433
1339082265128130
1339083271373015
1339084275782239
1339085284513616
1339086294336591
1339087304223687
1339088312009661
1339089316907641
1339090322270829
1339091330789121
1339092336812598
1339093344906068
1339094354651361
1339095361227519
1339096366867556
1339097370991409
1339098374276201
1339099377261144
1339100381306396
1339101385556814
1339102389382406
1339103397559660
1339104404702981
1339105411810410
1339106418681298
1339107426427999
1339108433869930
1339109440475570
1339110447047405
1339111454850306
1339112463112214
1339113468709691
1339114477188419
1339115486028468
1339116493696627
1339117500440989
1339118509888069
1339119519361933
1339120526546035
1339121532717385
1339122537977495
1339123541391889
1339124545566864
1339125549383309
1339126553117569
1339127557567505
1339128562588368
1339129567749947
1339130571961005
1339131576201111
1339132580785074
1339133585076073
1339134590056643
1339135594889280
1339136600258911
1339137605612460
1339138611089273
1339139616223110
1339140621142317
1339141625616462
1339142630722427
1339143635149558
1339144647416680
1339145658161697
1339146672147110
1339147684532891
1339148692641856
1339149698937338
1339150704854618
1339151710925237
1339152718077309
1339153725044449
1339154729640668
1339155735078472
1339156741265167
1339157745819191
1339158751481481
1339159757855258
1339160763896766
1339161770735320
1339162777292474
1339163783627205
1339164793781560
1339165808554658
1339166820892528
1339167833447859
1339168841317992
1339169848353483
1339170853419198
