1336653188433680
1336654200071039
1336655205322412
1336656216041133
1336657222272987
1336658229104348
1336659233107468
1336660236780400
1336661240801499
1336662247721098
1336663257394035
1336664265126606
1336665275309491
1336666283805959
1336667290488361
1336668298153237
1336669306450329
1336670313392871
1336671323541287
1336672330120087
1336673339224827
1336674348046173
1336675358268766
1336676368977549
1336677373491898
1336678376809080
1336679380557139
1336680384773025
1336681388190953
1336682392296080
1336683396234690
1336684400876914
1336685406420482
1336686412194964
1336687419222228
1336688426248413
1336689431566288
1336690440584342
1336691447158190
1336692455590882
1336693466098956
1336694477084970
1336695489294715
1336696495585379
1336697507399290
1336698511303920
1336699521836289
1336700529127130
1336701540778706
1336702548665673
1336703558740638
1336704565972351
1336705577170506
1336706585440014
1336707597687389
1336708608447319
1336709618694332
1336710631120424
1336711643622470
1336712653790627
1336713666544117
1336714677121762
1336715688602806
1336716695155692
1336717703920272
1336718711371377
1336719718743563
1336720724609990
1336721728909053
1336722735060160
1336723741716378
1336724751193874
1336725761988433
1336726773085228
1336727783007258
1336728791197360
1336729802859989
1336730813283521
1336731823610804
1336732835290042
1336733839952367
1336734849233900
1336735861133045
1336736871587033
1336737882902420
1336738894812487
1336739906652620
1336740918923326
1336741929607080
1336742939700361
1336743951356687
1336744959828880
1336745970610481
1336746982490661
1336747993849466
1336749003062887
1336750009923117
1336751015740781
1336752026470466
1336753033512798
