1339172674173038
1339172678753698
1339172683365599
1339172687656794
1339172691921770
1339172696049695
1339172700472984
1339172704577690
1339172708847748
1339172713563299
1339172718444191
1339172723167167
1339172728330601
1339172732375461
1339172735639822
1339172739037083
1339172742351192
1339172746287318
1339172750611759
1339172755122884
1339172759740188
1339172764413333
1339172769142509
1339172773799161
1339172778541011
1339172783007230
1339172787462476
1339172791942671
1339172797130695
1339172800547485
1339172803907078
1339172807377140
1339172814343877
1339172817559372
1339172820854735
1339172824439917
1339172827572857
1339172830793711
1339172834206748
1339172840859531
1339172844255744
1339172847491020
1339172850832447
1339172854089045
1339172857557210
1339172860799465
1339172864034017
1339172867276746
1339172870569472
1339172873847307
1339172877168895
1339172880502901
1339172883696953
1339172887029567
1339172890338432
1339172893719779
1339172896691629
1339172899684975
1339172902652648
1339172905953369
1339172909596944
1339172913007074
1339172916645310
1339172920141010
1339172923281777
1339172926611533
1339172929987850
1339172933132849
1339172936464823
1339172939965732
1339172943342630
1339172946836013
1339172950097662
1339172953516429
1339172956718489
1339172960048986
1339172963575905
1339172967167123
1339172970457968
1339172973768329
1339172977247057
1339172980509661
1339172983994356
1339172987433128
1339172990640365
1339172994089962
1339172997407643
1339173002755540
1339173006400476
1339173009712725
1339173013383412
1339173018873547
1339173022221792
1339173025540979
1339173029170762
1339173032398456
1339173035817446
1339173039409124
1339173042697613
1339173046041698
