1339175134985527
1339175138334846
1339175141573563
1339175144896830
1339175147989183
1339175151240182
1339175154358772
1339175157728269
1339175161090636
1339175164505229
1339175167824901
1339175171032771
1339175174295035
1339175177557503
1339175181107985
1339175184263165
1339175187537109
1339175190812417
1339175194063392
1339175197395206
1339175200617589
1339175203873225
1339175207138383
1339175210264447
1339175213467979
1339175220165107
1339175223809137
1339175227047032
1339175233322709
1339175236479217
1339175239684053
1339175246231241
1339175249647505
1339175252968933
1339175256413367
1339175259849610
1339175262847645
1339175266355143
1339175269747995
1339175273388162
1339175277753545
1339175282424532
1339175287180326
1339175292112171
1339175296350931
1339175300348459
1339175304294087
1339175307924428
1339175311678324
1339175315399955
1339175319389934
1339175323742141
1339175328454523
1339175333471378
1339175337962735
1339175342597976
1339175345948952
1339175349576458
1339175353044104
1339175356668214
1339175361367332
1339175365621488
1339175369913446
1339175374062447
1339175377871557
1339175381187164
1339175384355902
1339175387773879
1339175391191939
1339175394566253
1339175397839564
1339175401140126
1339175404791853
1339175408584906
1339175412784358
1339175418081138
1339175423348276
1339175428321853
1339175432963558
1339175437557103
1339175442401534
1339175446933043
1339175450634591
1339175454546753
1339175458838301
1339175463169553
1339175467367681
1339175470790933
1339175474353197
1339175477761601
1339175480871148
1339175484063442
1339175487350590
1339175490531171
1339175494038918
1339175497924604
1339175501991726
1339175506211317
1339175510324504
1339175514396581
