1335544383639060
1335545388095958
1335546391944899
1335547395943698
1335548400257998
1335549405557588
1335550410083268
1335551416125400
1335552421439053
1335553426461538
1335554433158855
1335555438764901
1335556444294831
1335557450342389
1335558458386612
1335559467126897
1335560474887865
1335561482269750
1335562491161868
1335563501053031
1335564510903729
1335565522507239
1335566529700012
1335567534265579
1335568547031224
1335569557108542
1335570568037621
1335571580095103
1335572590499960
1335573601493187
1335574616535944
1335575627253335
1335576639440645
1335577650766451
1335578663603545
1335579677625687
1335580691131866
1335581704309603
1335582716768452
1335583727912429
1335584740478508
1335585753473308
1335586766171283
1335587780038120
1335588789857108
1335589800613223
1335590811393217
1335591820313756
1335592827736600
1335593837316976
1335594849654282
1335595861319206
1335596873828423
1335597884862976
1335598896113839
1335599907257881
1335600915521201
1335601919514570
1335602924499416
1335603931124662
1335604936617198
1335605946194966
1335606955286660
1335607965630218
1335608976925023
1335609987047621
1335610998349762
1335612007182785
1335613015237756
1335614020326799
1335615025438104
1335616029775332
1335617040289538
1335618051190174
1335619064139288
1335620076568651
1335621087460584
1335622097705733
1335623107288766
1335624116960468
1335625126789720
1335626136949494
1335627146632942
1335628155254775
1335629163152076
1335630166626477
1335631171219396
1335632175789604
1335633183568811
1335634194624708
1335635206641020
1335636218728768
1335637228275030
1335638241570869
1335639254235408
1335640264834590
1335641277750093
1335642288184965
1335643301495446
1335644312774194
