1335242542457645
1335243549259039
1335244555968285
1335245561602830
1335246566678179
1335247573158042
1335248579882931
1335249586028907
1335250590639211
1335251596408217
1335252602354837
1335253608583302
1335254612837730
1335255619156494
1335256626845453
1335257633145469
1335258639167401
1335259646805739
1335260651991919
1335261657076319
1335262661658845
1335263666625279
1335264672192773
1335265678524924
1335266684272735
1335267690223716
1335268695831069
1335269702798825
1335270708283348
1335271715593446
1335272722553615
1335273729090382
1335274735538121
1335275741863916
1335276748917701
1335277755681224
1335278761520061
1335279767425523
1335280773717332
1335281779693946
1335282785733040
1335283791897759
1335284797344650
1335285803058555
1335286808994125
1335287813731193
1335288817881194
1335289823003491
1335290828172750
1335291834608411
1335292840835700
1335293846759076
1335294852047922
1335295858363441
1335296865009688
1335297870821395
1335298875938696
1335299881612087
1335300887276646
1335301893078946
1335302899220005
1335303906140508
1335304912381371
1335305918380825
1335306923440694
1335307930283338
1335308937247211
1335309943551663
1335310950861863
1335311957412184
1335312963493118
1335313969488916
1335314975121860
1335315980533477
1335316985510063
1335317991270019
1335318996256222
1335320004558147
1335321009407519
1335322014642880
1335323019232353
1335324025636200
1335325031432035
1335326038807021
1335327045025329
1335328051020319
1335329056613934
1335330063094671
1335331070126978
1335332077540831
1335333083151024
1335334089209008
1335335094713780
1335336099746186
1335337105806157
1335338113204274
1335339119359633
1335340124620869
1335341132054122
1335342138799251
