1336248929993914
1336249937102936
1336250941930400
1336251950185260
1336252955647894
1336253963896298
1336254975661816
1336255982606148
1336256992752206
1336257999859783
1336259005315802
1336260011611205
1336261017979402
1336262025729025
1336263033662007
1336264043261011
1336265049016342
1336266056927727
1336267062075324
1336268069944383
1336269076418230
1336270085263634
1336271092699122
1336272100581313
1336273107493633
1336274113517157
1336275121771131
1336276127662093
1336277134749616
1336278141152769
1336279146809328
1336280153754799
1336281157799002
1336282161046804
1336283167334456
1336284174636183
1336285182893646
1336286190627058
1336287199671344
1336288209411884
1336289215931717
1336290225496077
1336291232690606
1336292243297784
1336293250307854
1336294256361019
1336295264513174
1336296272727545
1336297279095176
1336298287452680
1336299293752636
1336300301590421
1336301307258962
1336302316476336
1336303324088017
1336304332079406
1336305340133080
1336306345884266
1336307353776359
1336308359437794
1336309366393736
1336310371206539
1336311375136564
1336312379441230
1336313384140142
1336314387435661
1336315391338209
1336316395169786
1336317400580541
1336318404210088
1336319409466962
1336320415973052
1336321420248754
1336322424187537
1336323427924264
1336324432849005
1336325438282433
1336326444818355
1336327451516361
1336328460193606
1336329466843262
1336330475828918
1336331484756767
1336332495137249
1336333503651831
1336334514032778
1336335525094174
1336336537048108
1336337546133024
1336338551571434
1336339560770357
1336340571826397
1336341582998562
1336342590539518
1336343596520329
1336344602479770
1336345610943066
1336346620749853
1336347626508407
1336348638730415
