1336148183126964
1336149191384311
1336150199442536
1336151205705024
1336152215767354
1336153226811538
1336154233172352
1336155244599078
1336156257893356
1336157268218888
1336158273282158
1336159277911448
1336160287189322
1336161295298079
1336162306565286
1336163312136483
1336164317525851
1336165326225605
1336166334374170
1336167342117580
1336168349181243
1336169354031851
1336170361574239
1336171367888084
1336172372119158
1336173375613853
1336174379689767
1336175384173378
1336176388337843
1336177392969678
1336178398129445
1336179401684363
1336180406014376
1336181410983468
1336182417342093
1336183425734466
1336184433462000
1336185440084094
1336186446088005
1336187450317558
1336188454099796
1336189463238436
1336190473572196
1336191483080951
1336192493369408
1336193505145835
1336194515491816
1336195522859898
1336196534225286
1336197541012578
1336198546444779
1336199551370258
1336200558887937
1336201563169703
1336202573273897
1336203579781917
1336204588648311
1336205595803381
1336206604862484
1336207613948647
1336208621199972
1336209628165636
1336210633282036
1336211642981449
1336212649326315
1336213658747826
1336214665848024
1336215673338657
1336216682513515
1336217688135911
1336218697681600
1336219702877580
1336220711262380
1336221722256665
1336222727684581
1336223732658384
1336224737580430
1336225746314433
1336226753374553
1336227759471577
1336228766219913
1336229775477543
1336230781315687
1336231789581049
1336232797890208
1336233803866336
1336234814295520
1336235823741591
1336236833120450
1336237843914543
1336238852306181
1336239857435503
1336240867204403
1336241874895692
1336242885021023
1336243891069130
1336244899420960
1336245909362351
1336246914948787
1336247919925905
