1339173048605666
1339173051813463
1339173054998219
1339173058326085
1339173061911940
1339173065317165
1339173068877081
1339173072145905
1339173075405739
1339173078605392
1339173081763824
1339173086310755
1339173089605797
1339173093075062
1339173096535294
1339173100045208
1339173103579046
1339173107160320
1339173110597835
1339173114291139
1339173117589633
1339173120980369
1339173124545266
1339173128093075
1339173131416461
1339173134789791
1339173141773325
1339173145241324
1339173148602947
1339173152467152
1339173156317605
1339173159747113
1339173163214092
1339173166624264
1339173169978582
1339173173377345
1339173176682267
1339173180721805
1339173184297578
1339173187713339
1339173191340239
1339173197591596
1339173201060461
1339173204423776
1339173208092443
1339173211419502
1339173214775353
1339173218583960
1339173222386350
1339173226004653
1339173229404257
1339173232611699
1339173236111209
1339173239261296
1339173242480813
1339173245820881
1339173249358378
1339173252634392
1339173256034058
1339173259427025
1339173262812196
1339173266076439
1339173269340029
1339173272861162
1339173276218703
1339173279872264
1339173283270471
1339173286425264
1339173289861601
1339173293285912
1339173296558572
1339173299868700
1339173303213364
1339173306383803
1339173309555398
1339173312612526
1339173315839108
1339173318975155
1339173322047207
1339173325370565
1339173328752114
1339173332921976
1339173337219689
1339173340821824
1339173343973595
1339173347112860
1339173350102424
1339173353406133
1339173356882004
1339173361152706
1339173364965104
1339173368885921
1339173372590561
1339173376021381
1339173379518426
1339173382894265
1339173390138821
1339173393622374
1339173396808982
1339173400232150
