1338063912747719
1338064924649174
1338065937695852
1338066951292732
1338067960572596
1338068966330392
1338069977939092
1338070985075844
1338071992017501
1338072999755536
1338074008299904
1338075015187708
1338076024472625
1338077035074614
1338078047443514
1338079056282186
1338080063917554
1338081070567871
1338082077407963
1338083082881223
1338084086624808
1338085095473853
1338086106445587
1338087114020273
1338088118711494
1338089125503246
1338090131349757
1338091135116693
1338092138564838
1338093142513310
1338094146195941
1338095149898257
1338096153554496
1338097157994443
1338098161576505
1338099165709575
1338100169621198
1338101173055491
1338102177049103
1338103181211998
1338104184822445
1338105188657611
1338106192120922
1338107197406763
1338108201497393
1338109204922684
1338110208941558
1338111212707762
1338112216943821
1338113220666885
1338114224960541
1338115231059624
1338116237551168
1338117245269223
1338118251704517
1338119255272081
1338120258876407
1338121262665084
1338122271034929
1338123277933971
1338124285080477
1338125290370960
1338126296464156
1338127301843845
1338128311171522
1338129320545655
1338130329984980
1338131338734859
1338132347148490
1338133356845114
1338134365543134
1338135370696019
1338136374858996
1338137379116858
1338138382512382
1338139389023357
1338140393696358
1338141399496751
1338142406212224
1338143412880313
1338144420680840
1338145426744361
1338146433183018
1338147440754678
1338148448946632
1338149454294734
1338150461837760
1338151471509014
1338152482156965
1338153492294962
1338154500093717
1338155508789609
1338156519704975
1338157531237561
1338158541590772
1338159553769206
1338160567756237
1338161580331069
1338162587794668
1338163597231455
