1339181484547191
1339181488451451
1339181492421684
1339181496114902
1339181500143300
1339181504709027
1339181509666322
1339181515726403
1339181520240451
1339181524696942
1339181529771399
1339181535330329
1339181538622983
1339181541917795
1339181545017239
1339181548561603
1339181552400076
1339181556208472
1339181560155997
1339181564130685
1339181568520918
1339181573628265
1339181578486556
1339181582199337
1339181585597225
1339181588911645
1339181592558571
1339181596364288
1339181600075976
1339181603587818
1339181606985320
1339181610490234
1339181613858296
1339181617710036
1339181621446498
1339181625459460
1339181629572826
1339181633729921
1339181637744239
1339181642129729
1339181647081997
1339181652339053
1339181656817870
1339181661199423
1339181665542083
1339181670070610
1339181674663476
1339181679200283
1339181683526786
1339181687978676
1339181692049813
1339181696874020
1339181700718465
1339181704434345
1339181707903687
1339181711296562
1339181714821195
1339181718818988
1339181723870706
1339181727727965
1339181734498400
1339181738228167
1339181741755359
1339181745200194
1339181748563009
1339181751815139
1339181755336897
1339181759083531
1339181763279327
1339181767813357
1339181772416460
1339181777145806
1339181781426076
1339181786045421
1339181791108604
1339181796296825
1339181801070312
1339181805843691
1339181809498712
1339181812666672
1339181815677231
1339181822880655
1339181826866388
1339181830724053
1339181834835474
1339181839234477
1339181843395669
1339181847239605
1339181851033801
1339181854853448
1339181858741426
1339181862417755
1339181866060338
1339181870479979
1339181873835732
1339181877223011
1339181880754753
1339181884881416
1339181888920364
1339181892987436
