1339179784311000
1339179788887986
1339179793618514
1339179798394227
1339179803339679
1339179807383809
1339179811770926
1339179816392604
1339179821338205
1339179826300791
1339179831102486
1339179835481424
1339179839390823
1339179843204644
1339179847197974
1339179851793350
1339179856668592
1339179862167845
1339179866348411
1339179870646608
1339179874532315
1339179879285890
1339179884136667
1339179889036827
1339179894526421
1339179900296604
1339179904443002
1339179908482717
1339179912653458
1339179917136125
1339179921721539
1339179925926037
1339179930584819
1339179935158218
1339179939646147
1339179943167988
1339179946851374
1339179950522641
1339179953949406
1339179957598925
1339179960703767
1339179963801448
1339179967396347
1339179970997279
1339179975344997
1339179979636940
1339179983939714
1339179988456959
1339179992751186
1339179997005709
1339180003316402
1339180007632477
1339180011491999
1339180015325667
1339180019090859
1339180022985247
1339180027074167
1339180031019014
1339180035012741
1339180039417462
1339180044077261
1339180048403822
1339180052094154
1339180055802614
1339180059705703
1339180063198357
1339180067123541
1339180070952970
1339180075584387
1339180080139476
1339180084706327
1339180089885726
1339180095108643
1339180098667784
1339180102482281
1339180106380280
1339180110907409
1339180118719564
1339180122884668
1339180126409439
1339180129704632
1339180133321218
1339180136707186
1339180139751355
1339180143041170
1339180146410376
1339180149477096
1339180152758712
1339180157994059
1339180161264600
1339180164614260
1339180167917913
1339180173126583
1339180176339324
1339180179389540
1339180182748240
1339180194424913
1339180198043562
1339180201729391
1339180205242738
