1337662031308227
1337663035101265
1337664038131152
1337665042529657
1337666047207864
1337667056865307
1337668067245749
1337669074551384
1337670078096198
1337671085687699
1337672090240409
1337673098344733
1337674107965167
1337675116146066
1337676119250236
1337677122664944
1337678126858927
1337679130197592
1337680133858788
1337681138293275
1337682142376935
1337683146030274
1337684149461846
1337685152737668
1337686155992142
1337687159202802
1337688162509388
1337689166170267
1337690169094106
1337691172508872
1337692176099805
1337693179639246
1337694183719907
1337695187475526
1337696191299312
1337697194874399
1337698198027504
1337699202188537
1337700205635242
1337701209993568
1337702218679694
1337703224625033
1337704228040847
1337705231848856
1337706234598367
1337707237937778
1337708241652690
1337709249447632
1337710252801863
1337711256095913
1337712259763577
1337713263049909
1337714267592396
1337715272338494
1337716276867462
1337717283326152
1337718288428282
1337719292659550
1337720296968976
1337721300296150
1337722304381873
1337723313400818
1337724316614745
1337725320913733
1337726326261325
1337727334183881
1337728338169788
1337729343909134
1337730352294063
1337731357220902
1337732365991209
1337733371240002
1337734374625047
1337735378454294
1337736382565054
1337737385674787
1337738389512395
1337739393747679
1337740398295599
1337741403098416
1337742407331064
1337743412276542
1337744416921726
1337745420158775
1337746426710508
1337747432326668
1337748438409152
1337749447552114
1337750453644241
1337751457995669
1337752463284244
1337753467259935
1337754470976937
1337755474035975
1337756478033913
1337757481192046
1337758485441153
1337759491241688
1337760495428960
1337761500685364
