1336148182787391
1336149190814110
1336150198960353
1336151205333298
1336152215152641
1336153226452367
1336154232562913
1336155244031590
1336156255912808
1336157267643702
1336158273072812
1336159277663071
1336160286710178
1336161294741614
1336162305910321
1336163311862229
1336164317118999
1336165325811958
1336166333779788
1336167341851239
1336168348678872
1336169353756014
1336170361058331
1336171367527951
1336172371892343
1336173375397704
1336174379435380
1336175383862855
1336176388096630
1336177392724856
1336178397775379
1336179401485091
1336180405749418
1336181410584060
1336182416849099
1336183424255249
1336184432965898
1336185439737611
1336186445709568
1336187450090820
1336188453825032
1336189462556449
1336190473248241
1336191482420968
1336192492691697
1336193504334262
1336194514907793
1336195522652774
1336196533522451
1336197540715191
1336198546218998
1336199551037534
1336200558430900
1336201562948359
1336202572812635
1336203579396149
1336204588094714
1336205595352635
1336206604227576
1336207613411020
1336208620906163
1336209627619349
1336210633047782
1336211642294320
1336212648858561
1336213658314791
1336214665442545
1336215673064937
1336216681833203
1336217687540868
1336218697010508
1336219702682561
1336220710550648
1336221721620683
1336222727400591
1336223732198577
1336224737398725
1336225745564988
1336226752905828
1336227759083483
1336228765745849
1336229774690464
1336230780984419
1336231789339408
1336232797252219
1336233803592105
1336234813811533
1336235823021951
1336236832647266
1336237843265845
1336238851774135
1336239857187901
1336240866450055
1336241874452260
1336242884536454
1336243890722336
1336244898865390
1336245908664566
1336246914678784
1336247919673886
