1339184415067960
1339184418933753
1339184423384189
1339184428334519
1339184433565225
1339184438138370
1339184442920023
1339184446686089
1339184450487465
1339184454244359
1339184457866223
1339184461471345
1339184465012218
1339184468485008
1339184471920305
1339184475907221
1339184479422305
1339184483653362
1339184488375398
1339184493463906
1339184498315310
1339184502818410
1339184507917662
1339184513684051
1339184519089724
1339184523178074
1339184527272384
1339184531954707
1339184536594180
1339184540770290
1339184544570718
1339184548153325
1339184551828723
1339184555715272
1339184560413221
1339184564989092
1339184569480509
1339184573371904
1339184577148948
1339184580876369
1339184584540536
1339184588147042
1339184591728302
1339184595381693
1339184598927657
1339184602495001
1339184606067269
1339184609707059
1339184613564188
1339184617454092
1339184622042486
1339184626399584
1339184630785272
1339184634635844
1339184638559758
1339184642378164
1339184646276178
1339184649940756
1339184653830492
1339184658374814
1339184662502066
1339184666852232
1339184671463700
1339184676966112
1339184681890304
1339184686803067
1339184691757815
1339184696336587
1339184702113773
1339184706883295
1339184711438256
1339184715704092
1339184720008577
1339184724467536
1339184729965222
1339184735243705
1339184741373763
1339184747339219
1339184751462282
1339184755417737
1339184759369567
1339184762849832
1339184766356833
1339184773921565
1339184781698128
1339184786196967
1339184789619056
1339184792837523
1339184796462396
1339184799969784
1339184804059912
1339184808101561
1339184812689008
1339184818059565
1339184823730975
1339184829139903
1339184834360527
1339184840162851
1339184845778320
1339184852610243
