1339179321754547
1339179328426174
1339179331837626
1339179335102987
1339179342226465
1339179345608985
1339179349139368
1339179352658505
1339179355885602
1339179359882336
1339179363850719
1339179375444722
1339179390477865
1339179397371565
1339179400713445
1339179403931824
1339179410699725
1339179414007535
1339179417832915
1339179421464443
1339179424928041
1339179428068302
1339179431255570
1339179434694557
1339179438199652
1339179441471845
1339179444708877
1339179448025028
1339179451499766
1339179455391892
1339179459471194
1339179463421793
1339179467336610
1339179470947423
1339179474654253
1339179478471845
1339179482503410
1339179486535796
1339179493265927
1339179497415868
1339179501716480
1339179506094148
1339179511246869
1339179516259039
1339179521011381
1339179525616088
1339179530230123
1339179535156851
1339179539465189
1339179543388668
1339179548028459
1339179552263701
1339179556569927
1339179561060582
1339179566454620
1339179572551869
1339179577632381
1339179582397822
1339179587389697
1339179592373473
1339179597410719
1339179602331374
1339179607389019
1339179612102790
1339179616547756
1339179621323068
1339179625926498
1339179630925244
1339179635151096
1339179639348614
1339179643506075
1339179647502652
1339179651252850
1339179655277748
1339179659521443
1339179667309023
1339179672188957
1339179677525925
1339179682760524
1339179688840695
1339179698855384
1339179702644900
1339179706161637
1339179709572496
1339179712807247
1339179715771017
1339179719580311
1339179723370543
1339179726981395
1339179730828661
1339179735441238
1339179740153848
1339179744210590
1339179748220147
1339179752385446
1339179757454999
1339179762592605
1339179767764417
1339179773448313
1339179779312570
