1337360044033620
1337361052568841
1337362057974641
1337363070745669
1337364079974491
1337365091575509
1337366104435590
1337367115631707
1337368124483884
1337369135547987
1337370139457899
1337371143138719
1337372146675886
1337373150629154
1337374154398173
1337375157371155
1337376160234040
1337377163718908
1337378167125254
1337379170576161
1337380174068620
1337381177289493
1337382180362779
1337383183543495
1337384187109466
1337385190638078
1337386194184266
1337387198328802
1337388202406952
1337389208922764
1337390212605977
1337391216549484
1337392220661684
1337393224220066
1337394227907089
1337395231146693
1337396234846416
1337397238291131
1337398241978421
1337399247903073
1337400251385017
1337401254443488
1337402259337242
1337403265893924
1337404271465163
1337405276413133
1337406287058850
1337407290877380
1337408299158339
1337409305522909
1337410315598062
1337411323310458
1337412327089323
1337413331438719
1337414340490302
1337415351418145
1337416361612095
1337417366817792
1337418370887450
1337419376558839
1337420380610307
1337421384098864
1337422387060025
1337423391778198
1337424401867077
1337425406919647
1337426412332587
1337427419394243
1337428428855827
1337429435426268
1337430442362255
1337431451290739
1337432461607687
1337433471503593
1337434479599312
1337435485850633
1337436491723912
1337437496627965
1337438507035299
1337439514500361
1337440524090352
1337441527821856
1337442533172202
1337443544962154
1337444558161405
1337445567140159
1337446575485361
1337447582864379
1337448591271829
1337449597387213
1337450601900877
1337451607473332
1337452611718656
1337453617498003
1337454628089504
1337455638290459
1337456645257982
1337457656638247
1337458667777119
1337459679131194
