1339171861651409
1339171865719394
1339171869693249
1339171873776365
1339171877901738
1339171881855145
1339171885913075
1339171890512285
1339171894764219
1339171899213496
1339171903582590
1339171907881478
1339171912328383
1339171916795346
1339171921321718
1339171925605280
1339171929983933
1339171934003055
1339171937913111
1339171941861045
1339171945223416
1339171948670107
1339171952098718
1339171957359358
1339171961072634
1339171964781322
1339171968546170
1339171972406928
1339171976879489
1339171981611394
1339171985524811
1339171989567604
1339171993729452
1339171997427991
1339172002258650
1339172005853623
1339172009427264
1339172013593947
1339172017854202
1339172022529935
1339172027304069
1339172032100776
1339172036741502
1339172041182843
1339172044478166
1339172047656811
1339172050912824
1339172055666065
1339172059822655
1339172063899836
1339172068930175
1339172074253924
1339172079182207
1339172083592736
1339172088384366
1339172093805609
1339172098710863
1339172102849885
1339172106746606
1339172110538319
1339172114661262
1339172118799993
1339172122886207
1339172126395491
1339172129633422
1339172132848186
1339172135995176
1339172139469298
1339172142876097
1339172146056932
1339172149374003
1339172152706101
1339172155988484
1339172159759305
1339172163336687
1339172170278488
1339172173811597
1339172177203358
1339172184393922
1339172187755003
1339172190861853
1339172193895979
1339172197248363
1339172200206127
1339172203144613
1339172206479846
1339172209675896
1339172212708693
1339172215796437
1339172219143079
1339172222450837
1339172225748398
1339172228794792
1339172231801548
1339172235100458
1339172238298977
1339172241495067
1339172244650205
1339172251272887
1339172254689553
