1339187786723344
1339187791846797
1339187798065321
1339187805103014
1339187810618576
1339187818609442
1339187829224409
1339187833135675
1339187836457084
1339187839722028
1339187843000736
1339187846621198
1339187850224833
1339187854232351
1339187857972294
1339187861653274
1339187865645296
1339187870887447
1339187876321328
1339187881139648
1339187885730853
1339187890427211
1339187895179914
1339187900182576
1339187906812699
1339187912674694
1339187917490474
1339187922154903
1339187927604926
1339187931925894
1339187935999611
1339187940530839
1339187945096920
1339187949806596
1339187955179688
1339187961037971
1339187967067752
1339187973452916
1339187980480815
1339187987618371
1339187993923208
1339187999311955
1339188007188287
1339188015075988
1339188018777928
1339188022496174
1339188026165231
1339188029643688
1339188033036978
1339188036714330
1339188040437243
1339188044242538
1339188047791153
1339188051467165
1339188054939871
1339188058532323
1339188062033160
1339188065390184
1339188069125790
1339188072719855
1339188076389621
1339188080176534
1339188084791489
1339188089568322
1339188094433966
1339188099367899
1339188104346197
1339188110743064
1339188115995971
1339188120888301
1339188124424871
1339188127562166
1339188130838983
1339188134341881
1339188137671497
1339188141322011
1339188144640861
1339188147889949
1339188151323910
1339188154570874
1339188157910485
1339188161033700
1339188164498016
1339188167863412
1339188171248341
1339188174474253
1339188177850999
1339188181148923
1339188184315970
1339188187626086
1339188203233256
1339188208714379
1339188212215589
1339188215425176
1339188218697328
1339188221997551
1339188225515477
1339188228842010
1339188232009792
1339188235579343
