1339188239250472
1339188242591862
1339188246033698
1339188249306307
1339188252498649
1339188255646815
1339188258854166
1339188262298943
1339188266411545
1339188270101889
1339188273312875
1339188276568046
1339188280171784
1339188283487139
1339188286561456
1339188290670792
1339188293989258
1339188297398778
1339188302466331
1339188305810712
1339188309073588
1339188314238589
1339188317820124
1339188321419279
1339188325320961
1339188328708960
1339188332080780
1339188335377630
1339188338490826
1339188341575590
1339188345499287
1339188349677573
1339188354096550
1339188358617342
1339188363160359
1339188374282416
1339188377909782
1339188384175515
1339188387519354
1339188390889037
1339188394212445
1339188397618381
1339188400955279
1339188404694898
1339188409513328
1339188414011573
1339188419065988
1339188425832634
1339188431701980
1339188437157588
1339188441831241
1339188446385433
1339188451756239
1339188456642367
1339188460171208
1339188463659711
1339188467132060
1339188470616352
1339188474221473
1339188478264826
1339188483021540
1339188487798147
1339188493003248
1339188499887204
1339188504732108
1339188509350236
1339188514445131
1339188518974213
1339188522726713
1339188526449764
1339188530105381
1339188534428601
1339188538888082
1339188543434878
1339188547394084
1339188551552147
1339188555968444
1339188560682940
1339188565268325
1339188569426637
1339188573618033
1339188577516341
1339188581369076
1339188586711556
1339188591347801
1339188596143572
1339188600425575
1339188604633200
1339188609184899
1339188614372448
1339188619946797
1339188625381056
1339188630363748
1339188634875464
1339188639843450
1339188645514059
1339188650451256
1339188655224991
1339188660398174
1339188664744319
