1339188240622918
1339188243915560
1339188247305080
1339188250511850
1339188253753527
1339188257018069
1339188260198615
1339188263608497
1339188268059185
1339188271338638
1339188274531051
1339188278118705
1339188281519870
1339188284715359
1339188288588743
1339188291952248
1339188295457035
1339188300443887
1339188303862307
1339188307058574
1339188312069049
1339188315638202
1339188319082009
1339188323244826
1339188326529441
1339188330040744
1339188333388019
1339188336704982
1339188339689749
1339188343026618
1339188347116150
1339188351309264
1339188355815348
1339188360479513
1339188364961364
1339188375708670
1339188382072275
1339188385491976
1339188388997158
1339188392191315
1339188395538874
1339188398834732
1339188402272520
1339188406601479
1339188411268845
1339188415928154
1339188421695209
1339188428148481
1339188434168207
1339188438970800
1339188443461414
1339188448509450
1339188453834828
1339188458028856
1339188461561729
1339188465072234
1339188468546372
1339188472089764
1339188475521527
1339188480332779
1339188485111116
1339188489757349
1339188495164206
1339188501836796
1339188506503261
1339188511329793
1339188516507854
1339188520441942
1339188524244447
1339188527916368
1339188531603231
1339188536210883
1339188540747774
1339188544972430
1339188549001151
1339188553235515
1339188557747018
1339188562659809
1339188566816620
1339188571035529
1339188575142004
1339188579059425
1339188583652710
1339188588633381
1339188593196775
1339188597870580
1339188602065432
1339188606507958
1339188610934974
1339188616493322
1339188622125460
1339188627395455
1339188632231098
1339188636665613
1339188642220438
1339188647530232
1339188652360444
1339188657286050
1339188662118829
1339188666630061
