1338266370073027
1338267373878778
1338268376883222
1338269380561642
1338270385326561
1338271389706673
1338272393890459
1338273399427873
1338274405417190
1338275411093354
1338276417589718
1338277424754841
1338278431958707
1338279441518081
1338280448756942
1338281455717109
1338282465278218
1338283477306129
1338284489003719
1338285499194501
1338286512158546
1338287525103252
1338288532624292
1338289544204672
1338290553215794
1338291565699196
1338292578123394
1338293591987383
1338294605274825
1338295619626728
1338296631261762
1338297645068494
1338298657705448
1338299669451597
1338300680444797
1338301693359220
1338302707093535
1338303719890084
1338304731763801
1338305744633309
1338306756269834
1338307770045137
1338308784197331
1338309798027767
1338310810814820
1338311821425238
1338312832777460
1338313840652408
1338314849374008
1338315853797706
1338316861642304
1338317867438889
1338318875539262
1338319884854858
1338320895605240
1338321903156106
1338322913329911
1338323923249161
1338324935990873
1338325944915394
1338326951526904
1338327959395326
1338328967873316
1338329974643878
1338330981755894
1338331990158455
1338333001474316
1338334009293427
1338335015438331
1338336022156250
1338337032376559
1338338044207679
1338339055830089
1338340067952912
1338341080455191
1338342091317159
1338343103940465
1338344115138549
1338345122874925
1338346129958768
1338347134359785
1338348137651200
1338349141471602
1338350145808939
1338351149913621
1338352153973292
1338353158152085
1338354162409381
1338355166889952
1338356171240027
1338357174913821
1338358178926422
1338359183037858
1338360186889211
1338361190596322
1338362194258385
1338363198111424
1338364201954355
1338365205354493
1338366209163094
