1339181896417358
1339181900395047
1339181904391157
1339181908547622
1339181912599841
1339181916707330
1339181920826483
1339181924592372
1339181928294231
1339181932023161
1339181936438780
1339181939777391
1339181943108032
1339181946456842
1339181950541319
1339181954309293
1339181958534193
1339181963781979
1339181969158710
1339181973890924
1339181977645271
1339181981184181
1339181984845963
1339181988636160
1339181992644357
1339181997014870
1339182002955446
1339182006212509
1339182009963304
1339182013489374
1339182017612611
1339182021829609
1339182025681937
1339182029365437
1339182032902499
1339182036554756
1339182041090808
1339182046170102
1339182051162394
1339182056016117
1339182060682842
1339182065070887
1339182069408345
1339182073905414
1339182078343370
1339182082359832
1339182086322440
1339182090922453
1339182095499198
1339182100262015
1339182105706292
1339182110352909
1339182114187485
1339182117561816
1339182120711300
1339182123945386
1339182127422631
1339182130731672
1339182134009260
1339182141022315
1339182144640777
1339182147898044
1339182154677326
1339182158764445
1339182162106285
1339182169263671
1339182172628975
1339182175882293
1339182183393038
1339182196629104
1339182200385075
1339182203709235
1339182206835433
1339182210001262
1339182213240865
1339182216646002
1339182220112893
1339182223360207
1339182226853138
1339182230727025
1339182234527834
1339182238127851
1339182241751046
1339182245185469
1339182249441355
1339182253896590
1339182258264849
1339182262659200
1339182266569288
1339182270177269
1339182273821145
1339182277296060
1339182281566706
1339182285254835
1339182288932254
1339182293023099
1339182297697372
1339182302391337
1339182307329808
1339182312234914
