1339172672352657
1339172677006309
1339172681571256
1339172685950386
1339172690235227
1339172694324299
1339172698718129
1339172702810477
1339172707085227
1339172711520322
1339172716408077
1339172721274312
1339172726343456
1339172731069330
1339172734299829
1339172737620084
1339172740991305
1339172744492894
1339172748961476
1339172753384448
1339172757930935
1339172762546589
1339172767193724
1339172771990295
1339172776627762
1339172781243099
1339172785811054
1339172790213485
1339172795269124
1339172799181851
1339172802618449
1339172805978311
1339172812808176
1339172816185844
1339172819483466
1339172822984214
1339172826233680
1339172829524398
1339172832855732
1339172839317887
1339172842886850
1339172846120329
1339172849471725
1339172852828890
1339172856140653
1339172859479696
1339172862707277
1339172866016375
1339172869344409
1339172872640343
1339172875862905
1339172879160119
1339172882390597
1339172885740785
1339172889033655
1339172892458698
1339172895522579
1339172898450071
1339172901453307
1339172904628443
1339172907979288
1339172911624628
1339172915095830
1339172918805408
1339172922022422
1339172925377413
1339172928734266
1339172931854707
1339172934988462
1339172938489788
1339172942011062
1339172945512911
1339172948891018
1339172952066994
1339172955435514
1339172958636890
1339172962135572
1339172965940861
1339172969199269
1339172972473631
1339172975833263
1339172979149882
1339172982531879
1339172986038471
1339172989421767
1339172992762125
1339172996142514
1339172999285168
1339173004972863
1339173008385311
1339173011791177
1339173017432416
1339173020861076
1339173024116999
1339173027781265
1339173031139689
1339173034390890
1339173038044321
1339173041261834
1339173044734449
