1336954847330967
1336955855484193
1336956867972761
1336957877299491
1336958886629908
1336959894157417
1336960900315741
1336961905483473
1336962910020253
1336963914082383
1336964918286993
1336965922276207
1336966926853229
1336967931492893
1336968937295377
1336969941793158
1336970946092256
1336971958282109
1336972970846273
1336973985750932
1336975000079332
1336976007830805
1336977011140989
1336978015411843
1336979019691251
1336980023330271
1336981026572695
1336982032324983
1336983039326525
1336984047382532
1336985056096785
1336986062838989
1336987068139185
1336988075655185
1336989083557408
1336990089172196
1336991097956149
1336992107801516
1336993117958037
1336994129255450
1336995139966346
1336996150296077
1336997159964957
1336998172668836
1336999184332281
1337000196612073
1337001204311828
1337002214744179
1337003228017657
1337004240839911
1337005252820011
1337006264769180
1337007276221016
1337008290237997
1337009296679018
1337010308649686
1337011319236086
1337012332904748
1337013346381869
1337014359899482
1337015372020081
1337016383505046
1337017397279125
1337018407952764
1337019419835393
1337020430823744
1337021443721171
1337022453914758
1337023467313204
1337024481676854
1337025495635262
1337026506527522
1337027518859428
1337028530200753
1337029541398705
1337030551465820
1337031562671863
1337032575045442
1337033585195083
1337034593843147
1337035602211598
1337036610758792
1337037621366230
1337038630868426
1337039639104394
1337040645628633
1337041652993993
1337042657848074
1337043661658854
1337044670233357
1337045681705934
1337046693394495
1337047707432519
1337048718271263
1337049729518717
1337050741743747
1337051755675711
1337052769124228
1337053782768865
1337054795832339
