1339181064619692
1339181068447808
1339181072802291
1339181077345393
1339181081579784
1339181085972399
1339181090214873
1339181094634127
1339181099351198
1339181102861416
1339181106278632
1339181109681780
1339181113121263
1339181116654104
1339181120490554
1339181128571952
1339181131845246
1339181135096911
1339181138409716
1339181141624785
1339181144804354
1339181147915367
1339181155196668
1339181158501788
1339181161708486
1339181168975910
1339181172459493
1339181175561033
1339181182741091
1339181185996069
1339181189191069
1339181192388699
1339181195748547
1339181198943669
1339181202165773
1339181210020819
1339181213180036
1339181216586071
1339181220018317
1339181223535532
1339181226726398
1339181230083681
1339181237027037
1339181240688957
1339181243865481
1339181247329959
1339181250612151
1339181253848749
1339181257202710
1339181260477167
1339181263864439
1339181267619363
1339181270947621
1339181278260106
1339181282081902
1339181285603508
1339181291812695
1339181295812821
1339181300760375
1339181306304674
1339181310008901
1339181313731281
1339181317375527
1339181320956139
1339181324967490
1339181328998064
1339181333089539
1339181337403300
1339181342581295
1339181347196567
1339181351853551
1339181356616390
1339181361883161
1339181366894940
1339181370726960
1339181374002314
1339181377329330
1339181383668513
1339181387493799
1339181391564968
1339181395624281
1339181399727690
1339181403578573
1339181407407816
1339181413645746
1339181418398628
1339181422172436
1339181426187704
1339181430066330
1339181434528237
1339181438684460
1339181443087789
1339181447240021
1339181451558324
1339181455784693
1339181460359839
1339181464664041
1339181468552528
1339181472269936
1339181476682006
