1336451459757027
1336452471753242
1336453483023247
1336454493607443
1336455505769411
1336456518716620
1336457528683782
1336458535772087
1336459541753412
1336460548846324
1336461556061138
1336462561792594
1336463566145994
1336464571121586
1336465574885025
1336466579498202
1336467585708315
1336468594404475
1336469602926582
1336470611486158
1336471624254223
1336472637401252
1336473648485221
1336474658333173
1336475668741663
1336476677818790
1336477689776131
1336478700847255
1336479707044316
1336480717656626
1336481727531569
1336482733323603
1336483743717273
1336484749237804
1336485761737600
1336486773175997
1336487782103503
1336488790068365
1336489799463791
1336490811612786
1336491820526746
1336492830301155
1336493839236088
1336494851894167
1336495861958266
1336496867915343
1336497878342674
1336498889418596
1336499899638252
1336500911779542
1336501922568732
1336502929468026
1336503941098143
1336504950403568
1336505956648990
1336506968045851
1336507977881555
1336508987046570
1336509994533498
1336511002279781
1336512011946240
1336513019058197
1336514029296694
1336515037196426
1336516043930534
1336517053172249
1336518066331970
1336519078291155
1336520089689748
1336521100836571
1336522111290464
1336523122496036
1336524133726666
1336525146486464
1336526158061237
1336527167749436
1336528177486153
1336529187893821
1336530193408555
1336531203029633
1336532211005853
1336533219756824
1336534229824899
1336535238847646
1336536250268969
1336537261178410
1336538269890108
1336539280331785
1336540289158222
1336541301064206
1336542307404274
1336543312411847
1336544318090838
1336545327942721
1336546337908691
1336547348987842
1336548357444216
1336549368349198
1336550371789180
1336551375469917
