1336047468383421
1336048473627728
1336049482673543
1336050489134561
1336051494499728
1336052498392685
1336053502830875
1336054509808805
1336055514443344
1336056520772013
1336057526367836
1336058535156145
1336059541592968
1336060552355130
1336061559950747
1336062569034963
1336063574928529
1336064579476056
1336065584862642
1336066590016669
1336067596850556
1336068603279380
1336069610249411
1336070617211877
1336071627543968
1336072635043104
1336073640205049
1336074647834735
1336075654687500
1336076662054916
1336077668132173
1336078673129676
1336079678497417
1336080688068365
1336081698335382
1336082703612097
1336083706690003
1336084711909560
1336085721502659
1336086728773159
1336087737893488
1336088745916231
1336089751853996
1336090759271915
1336091765070047
1336092770804193
1336093776231841
1336094779856317
1336095783770268
1336096788298027
1336097792164609
1336098799512500
1336099806890033
1336100811896731
1336101818514606
1336102824470676
1336103835268914
1336104843263438
1336105852299976
1336106858370354
1336107868280006
1336108873243916
1336109876973039
1336110881431419
1336111886101043
1336112889979057
1336113895624459
1336114901245430
1336115908459686
1336116916481561
1336117928525811
1336118935038228
1336119940482984
1336120946563510
1336121956975221
1336122966574494
1336123978790801
1336124989390604
1336125995966291
1336127000622752
1336128005628474
1336129013345971
1336130018676218
1336131027210719
1336132034224102
1336133042129404
1336134054766372
1336135064996261
1336136070294261
1336137079949621
1336138086986136
1336139095352129
1336140104530115
1336141114225158
1336142123041393
1336143129613292
1336144136371886
1336145148481349
1336146158625527
1336147169791119
