1335947704569122
1335948710361792
1335949714560638
1335950719280293
1335951727169488
1335952732253493
1335953738160154
1335954746946271
1335955753068706
1335956764430903
1335957772836210
1335958783501488
1335959792019109
1335960797033230
1335961806250609
1335962811206407
1335963821285843
1335964829221531
1335965839674566
1335966845039981
1335967855395550
1335968863006937
1335969868293758
1335970875627989
1335971881969784
1335972887983271
1335973893673202
1335974897668807
1335975903248611
1335976908243131
1335977916699110
1335978923011497
1335979934778911
1335980942839729
1335981950268031
1335982962246430
1335983974431839
1335984987686049
1335985999095958
1335987007387324
1335988012801485
1335989018592724
1335990028410609
1335991038386164
1335992046137902
1335993058400254
1335994070155146
1335995079812396
1335996092330666
1335997104368307
1335998115705294
1335999123432190
1336000127225309
1336001135667673
1336002146497197
1336003154201056
1336004161795196
1336005165272586
1336006169771818
1336007174952532
1336008187677965
1336009196298588
1336010206572075
1336011216860958
1336012222544328
1336013229230241
1336014233916732
1336015240617805
1336016246734223
1336017252331607
1336018261096726
1336019267146805
1336020273510499
1336021279705800
1336022289722130
1336023297181579
1336024307914221
1336025318587834
1336026323492360
1336027330246147
1336028335141274
1336029343659684
1336030353581257
1336031365930686
1336032374614552
1336033378206464
1336034383778664
1336035387144760
1336036390743790
1336037394966907
1336038398847584
1336039404813638
1336040409204338
1336041415759310
1336042421458922
1336043429465628
1336044435641622
1336045445738835
1336046454928419
1336047460844402
