1336551378177502
1336552383286960
1336553388096847
1336554392161538
1336555396567710
1336556400278741
1336557404791335
1336558409498657
1336559414168557
1336560418808262
1336561423375671
1336562426799609
1336563432620624
1336564439856886
1336565447017801
1336566456942366
1336567466696651
1336568475390869
1336569484356683
1336570495500617
1336571506070481
1336572517857590
1336573523099779
1336574530082959
1336575536465098
1336576541087420
1336577549465912
1336578554796642
1336579557908059
1336580569343744
1336581574829400
1336582586079483
1336583594987447
1336584605301947
1336585616589330
1336586622226340
1336587628869434
1336588635637032
1336589643313582
1336590653057701
1336591657585741
1336592665738338
1336593672928297
1336594681625795
1336595691969174
1336596702346541
1336597714898415
1336598725364555
1336599731012778
1336600740993913
1336601746718571
1336602756183849
1336603764032162
1336604770212100
1336605780526915
1336606788735505
1336607798790022
1336608809240465
1336609817282558
1336610822680893
1336611832929017
1336612840866196
1336613851323008
1336614860407746
1336615866553625
1336616873687696
1336617883806394
1336618894846019
1336619906326288
1336620911625133
1336621920622468
1336622926939561
1336623936341721
1336624946366614
1336625956568409
1336626967368862
1336627973455015
1336628982111773
1336629995322126
1336631003067001
1336632009998794
1336633017204295
1336634026724417
1336635036508460
1336636042773757
1336637052248388
1336638059853014
1336639069787888
1336640076080190
1336641085458784
1336642093837166
1336643102111249
1336644114267059
1336645120384631
1336646130959672
1336647140320380
1336648147843036
1336649155321707
1336650160843853
1336651170853792
