1339186899276224
1339186903125311
1339186907606927
1339186911519226
1339186915422256
1339186919278963
1339186923018295
1339186926849478
1339186930841765
1339186934934865
1339186939245421
1339186943365782
1339186947372074
1339186951396254
1339186955235233
1339186959167771
1339186962952736
1339186967213816
1339186972065937
1339186975852636
1339186979373243
1339186983250904
1339186987335055
1339186991228994
1339186995654067
1339186999861261
1339187005946259
1339187011090390
1339187016193776
1339187021976067
1339187028245639
1339187035094000
1339187041487055
1339187046169503
1339187050861118
1339187056020682
1339187064627935
1339187071799947
1339187077992031
1339187082940980
1339187088049962
1339187094060073
1339187100735882
1339187106326978
1339187111081595
1339187115753879
1339187120777656
1339187125505173
1339187128842105
1339187132311676
1339187135845034
1339187138990734
1339187142442944
1339187145774862
1339187149041706
1339187152251247
1339187155488015
1339187158658490
1339187161831666
1339187165132873
1339187168453210
1339187171779791
1339187175300729
1339187178796933
1339187182042711
1339187185343551
1339187188683649
1339187191901741
1339187195135398
1339187198511107
1339187201670207
1339187204836917
1339187208160787
1339187211339044
1339187214679196
1339187218108227
1339187221270396
1339187224570483
1339187227851720
1339187231004544
1339187234291099
1339187237737827
1339187241108814
1339187244340694
1339187247523563
1339187250689195
1339187254047834
1339187257358995
1339187260732969
1339187264325970
1339187267838287
1339187271793109
1339187275632673
1339187280383865
1339187285272778
1339187290323232
1339187295354315
1339187300271529
1339187304353403
1339187308457529
