1339185651597547
1339185655236380
1339185658885595
1339185662476118
1339185666037361
1339185669585236
1339185673334056
1339185676808591
1339185680537121
1339185684465666
1339185688824900
1339185693087410
1339185696946795
1339185700860503
1339185704994593
1339185709256017
1339185712870457
1339185716694146
1339185720747595
1339185725152767
1339185729314393
1339185733822503
1339185740123960
1339185744475601
1339185749740551
1339185754207372
1339185758446477
1339185763741159
1339185768970538
1339185773871364
1339185778376191
1339185783198093
1339185792797349
1339185797602794
1339185801025447
1339185804174227
1339185807336545
1339185810597569
1339185814007179
1339185817658557
1339185821287182
1339185824944814
1339185828873587
1339185833651273
1339185839078215
1339185844956619
1339185851461583
1339185858914990
1339185865424189
1339185871671980
1339185875645408
1339185879476714
1339185883577516
1339185887544062
1339185891283802
1339185896009625
1339185900497970
1339185905433539
1339185910124241
1339185914799716
1339185919732387
1339185926078259
1339185933272749
1339185940791500
1339185947031161
1339185953757392
1339185960552339
1339185968240851
1339185975845077
1339185983559926
1339185989965408
1339185995599574
1339186001193569
1339186006255736
1339186010590736
1339186016941049
1339186022106351
1339186027340180
1339186032376368
1339186035872705
1339186039117931
1339186042193582
1339186046320147
1339186050364337
1339186054345982
1339186058329183
1339186062078421
1339186065837176
1339186069414887
1339186072971804
1339186076460213
1339186080401439
1339186084039507
1339186087645663
1339186091154341
1339186094661613
1339186098417197
1339186102586677
1339186107050731
1339186111049445
