1339175135129605
1339175138476968
1339175141751717
1339175145029380
1339175148147126
1339175151410172
1339175154506263
1339175157876084
1339175161310857
1339175164746216
1339175167982547
1339175171259773
1339175174480084
1339175177716885
1339175181269000
1339175184511410
1339175187683053
1339175191012006
1339175194224446
1339175197600275
1339175200765468
1339175204022167
1339175207299911
1339175210431246
1339175213601448
1339175220395422
1339175223949198
1339175227283473
1339175233470255
1339175236647396
1339175239816580
1339175246382175
1339175249821438
1339175253164695
1339175256607674
1339175259983723
1339175262977528
1339175266523132
1339175269882378
1339175273563119
1339175277943300
1339175282612258
1339175287462124
1339175292366445
1339175296513822
1339175300553627
1339175304473563
1339175308103422
1339175311826986
1339175315556587
1339175319581256
1339175323919111
1339175328715636
1339175333675675
1339175338220729
1339175342744640
1339175346096656
1339175349729286
1339175353220454
1339175356870082
1339175361600547
1339175365840874
1339175370141199
1339175374321124
1339175378022622
1339175381349089
1339175384552629
1339175387931050
1339175391345615
1339175394704400
1339175397971955
1339175401303635
1339175404989281
1339175408811863
1339175413014386
1339175418313931
1339175423578312
1339175428557491
1339175433161535
1339175437783179
1339175442605306
1339175447086547
1339175450875340
1339175454724401
1339175459016635
1339175463374393
1339175467540076
1339175470928503
1339175474516531
1339175477902711
1339175480997289
1339175484213508
1339175487484768
1339175490671256
1339175494202835
1339175498087432
1339175502208877
1339175506382473
1339175510494774
1339175514566098
