1335846949071166
1335847958625457
1335848964819835
1335849975152137
1335850981732059
1335851991183346
1335853000661476
1335854007705655
1335855013878124
1335856020824239
1335857024687880
1335858029331343
1335859039634284
1335860049223939
1335861060994969
1335862072882696
1335863083268529
1335864095092425
1335865103825122
1335866112493602
1335867118428594
1335868122421579
1335869126762349
1335870131936204
1335871138492108
1335872143466367
1335873150245574
1335874157016603
1335875163256462
1335876170954685
1335877180706040
1335878191994516
1335879203969297
1335880214675174
1335881226401323
1335882237151016
1335883247687688
1335884258551195
1335885269161167
1335886282827240
1335887292176290
1335888300086525
1335889307884336
1335890313275440
1335891321793892
1335892328892787
1335893341056438
1335894350183066
1335895358613517
1335896365779719
1335897371583502
1335898376222627
1335899381300015
1335900385150154
1335901390101735
1335902395579305
1335903400533824
1335904406091403
1335905411241375
1335906417288891
1335907423812335
1335908430190575
1335909436196155
1335910442421264
1335911451418673
1335912457484703
1335913461093185
1335914465338945
1335915469816467
1335916475845298
1335917480960720
1335918486962206
1335919497454785
1335920505166699
1335921513859602
1335922520688756
1335923524841702
1335924529501342
1335925540517538
1335926549790123
1335927557972009
1335928564920523
1335929571007831
1335930581176513
1335931585858913
1335932595533955
1335933603323709
1335934614252420
1335935623128755
1335936630700176
1335937640330287
1335938647036459
1335939651893437
1335940657818780
1335941666754171
1335942673727672
1335943679076073
1335944687813208
1335945692228494
1335946698703396
