1339186114906870
1339186119812509
1339186124470548
1339186128149737
1339186131229818
1339186134490351
1339186137708043
1339186140979702
1339186144249962
1339186147476375
1339186151720372
1339186154931640
1339186157982594
1339186161283059
1339186164399085
1339186167536254
1339186170776317
1339186174134286
1339186177395821
1339186180636678
1339186183688217
1339186187300429
1339186201479982
1339186204870333
1339186208185330
1339186211859381
1339186215080753
1339186218743528
1339186222146116
1339186225279354
1339186228479310
1339186231670189
1339186234947736
1339186238093307
1339186241241101
1339186244598987
1339186247780758
1339186250957227
1339186254219781
1339186257510878
1339186260656111
1339186263966329
1339186267325140
1339186270505737
1339186273886876
1339186277467881
1339186280981733
1339186284409319
1339186287694691
1339186290804499
1339186293896440
1339186297289643
1339186300543343
1339186303992331
1339186307333027
1339186310624553
1339186314171205
1339186317400872
1339186320756192
1339186324722733
1339186328797141
1339186332613604
1339186336245721
1339186339842211
1339186343387224
1339186346785143
1339186350188988
1339186353614835
1339186358215916
1339186361984049
1339186365797538
1339186369947242
1339186374064633
1339186378022132
1339186381296436
1339186384632078
1339186387889325
1339186391342603
1339186394635618
1339186398296079
1339186401927163
1339186405695664
1339186409620799
1339186413373502
1339186417147781
1339186421146272
1339186425139289
1339186428927088
1339186432853315
1339186436890889
1339186440731595
1339186444583911
1339186448643550
1339186452627750
1339186456496582
1339186460471289
1339186464307857
1339186467924929
1339186472056943
1339186477136899
