1336148182793563
1336149190825072
1336150198967924
1336151205347426
1336152215164267
1336153226458895
1336154232571800
1336155244042274
1336156255925044
1336157267653773
1336158273077051
1336159277667484
1336160286717688
1336161294763661
1336162305923224
1336163311869100
1336164317128182
1336165325820533
1336166333790463
1336167341857189
1336168348688072
1336169353760400
1336170361069762
1336171367535713
1336172371897420
1336173375403547
1336174379440481
1336175383869955
1336176388102035
1336177392730610
1336178397791587
1336179401489599
1336180405754786
1336181410591951
1336182416856498
1336183424264523
1336184432984318
1336185439744280
1336186445715594
1336187450095858
1336188453833057
1336189462567514
1336190473253842
1336191482433035
1336192492702450
1336193504347868
1336194514919005
1336195522657835
1336196533535312
1336197540720587
1336198546224704
1336199551042825
1336200558440608
1336201562953596
1336202572821085
1336203579413640
1336204588111890
1336205595359968
1336206604237719
1336207613420803
1336208620911811
1336209627628704
1336210633053834
1336211642306785
1336212648872467
1336213658326011
1336214665450997
1336215673073233
1336216681843178
1336217687545980
1336218697023170
1336219702687332
1336220710564884
1336221721631454
1336222727407889
1336223732204777
1336224737402855
1336225745576160
1336226752913025
1336227759090597
1336228765775392
1336229774705403
1336230780990286
1336231789346955
1336232797261538
1336233803599766
1336234813818868
1336235823034777
1336236832655438
1336237843279229
1336238851781334
1336239857194768
1336240866461827
1336241874471821
1336242884544889
1336243890729027
1336244898880058
1336245908675141
1336246914685119
1336247919679620
