1339175517305634
1339175521051984
1339175524680186
1339175528797360
1339175532903286
1339175537263859
1339175541638268
1339175545691074
1339175549301994
1339175553035972
1339175557194980
1339175561533799
1339175566027066
1339175570071575
1339175574599197
1339175578659089
1339175583048317
1339175587310679
1339175591820773
1339175596389877
1339175600873102
1339175605633419
1339175610003033
1339175614158712
1339175618631012
1339175622808842
1339175638538994
1339175642246021
1339175645513036
1339175648990446
1339175652160043
1339175656087805
1339175659888251
1339175663651521
1339175668310979
1339175673042983
1339175677556574
1339175682307781
1339175687355808
1339175692907951
1339175698983126
1339175703162770
1339175707237557
1339175711586337
1339175716122564
1339175720315900
1339175724590714
1339175729788565
1339175735313280
1339175740549336
1339175745907078
1339175749977575
1339175753885568
1339175757791351
1339175762163444
1339175766945404
1339175771764353
1339175776648593
1339175780978891
1339175785575051
1339175790541272
1339175795957434
1339175800749017
1339175805195327
1339175809681941
1339175814310615
1339175820281394
1339175826427402
1339175830861779
1339175834736838
1339175838620329
1339175843211067
1339175848235133
1339175853117185
1339175857629354
1339175862363563
1339175866655728
1339175870919944
1339175875250323
1339175879488007
1339175884163978
1339175888817615
1339175893789697
1339175898707482
1339175904687544
1339175910333429
1339175913622115
1339175916929387
1339175920350456
1339175924062434
1339175928280721
1339175932639892
1339175936152317
1339175939386521
1339175942577816
1339175945929872
1339175949740056
1339175953470046
1339175957211653
1339175962262673
