1335543381775310
1335544385918104
1335545389812827
1335546394090744
1335547398226354
1335548403028319
1335549407633327
1335550413138452
1335551418750214
1335552424160408
1335553429781465
1335554435819175
1335555441327183
1335556447159497
1335557454158843
1335558463171650
1335559470982213
1335560478832449
1335561487231075
1335562495746912
1335563506287372
1335564517625447
1335565527159127
1335566531487057
1335567540983046
1335568552264177
1335569563777045
1335570574201050
1335571585735026
1335572596410403
1335573609769340
1335574623116516
1335575633589245
1335576645279235
1335577658013011
1335578671194899
1335579685651704
1335580697903418
1335581712344328
1335582723356323
1335583735199965
1335584747253454
1335585760403719
1335586774442096
1335587785109378
1335588796036495
1335589807074735
1335590817555031
1335591823169300
1335592832471890
1335593844594582
1335594856846126
1335595868509208
1335596879982142
1335597891184052
1335598902493987
1335599911324357
1335600917703989
1335601921643755
1335602928812362
1335603934114523
1335604941249632
1335605951278706
1335606961227194
1335607972359256
1335608981923075
1335609993341344
1335611003673402
1335612012091655
1335613017812589
1335614023153934
1335615026995268
1335616035374235
1335617046295858
1335618058357292
1335619071804935
1335620082786806
1335621092885748
1335622103031109
1335623112284605
1335624121891194
1335625132591870
1335626141904483
1335627151086603
1335628159702941
1335629164701976
1335630169001713
1335631173447995
1335632178958635
1335633189998302
1335634200711598
1335635212901365
1335636223227497
1335637236028521
1335638248879351
1335639260327275
1335640271696739
1335641282815150
1335642295537659
1335643308778114
