1339187788719670
1339187794256744
1339187800726897
1339187807654914
1339187812682200
1339187825546430
1339187830656054
1339187834347296
1339187837837863
1339187841037497
1339187844491508
1339187848018218
1339187851736215
1339187855661849
1339187859526045
1339187862977939
1339187867634794
1339187872981126
1339187878358889
1339187882911167
1339187887556773
1339187892238764
1339187897321111
1339187902045227
1339187909330296
1339187914610098
1339187919293179
1339187924453061
1339187929404212
1339187933590560
1339187937782708
1339187942282364
1339187946915423
1339187951719185
1339187957466896
1339187963499821
1339187969586831
1339187976439036
1339187983211554
1339187990380340
1339187996012876
1339188002549276
1339188012554163
1339188016616953
1339188020292848
1339188023913425
1339188027502233
1339188030906318
1339188034383847
1339188038172286
1339188041908281
1339188045659601
1339188049298680
1339188052871203
1339188056382178
1339188059866928
1339188063338399
1339188066800145
1339188070506625
1339188074071492
1339188077794552
1339188082182853
1339188086523423
1339188091622061
1339188096332173
1339188101464538
1339188107009960
1339188112954382
1339188118121099
1339188122182641
1339188125653500
1339188128974452
1339188132244301
1339188135632401
1339188138858061
1339188142581557
1339188145867545
1339188149323332
1339188152690811
1339188156045376
1339188159133387
1339188162338789
1339188165802525
1339188169187343
1339188172581241
1339188175800652
1339188179205086
1339188182377523
1339188185665316
1339188190123305
1339188205247132
1339188210233832
1339188213422607
1339188216762657
1339188220009625
1339188223434031
1339188226719102
1339188230036802
1339188233656714
1339188236909638
