1339178920602112
1339178924309761
1339178928023548
1339178931956576
1339178936439427
1339178941308721
1339178946188478
1339178951100804
1339178955797790
1339178959916212
1339178964030439
1339178968027146
1339178972538148
1339178979971858
1339178984825839
1339178990505949
1339178995956896
1339179003448162
1339179008402031
1339179012717848
1339179016131899
1339179019732550
1339179023489869
1339179027588950
1339179031620115
1339179035738307
1339179040044609
1339179044309602
1339179049463493
1339179053997896
1339179058095436
1339179062218801
1339179067386635
1339179071690455
1339179075834616
1339179080048815
1339179084708848
1339179089447658
1339179094321510
1339179098852877
1339179103187260
1339179107522436
1339179111549727
1339179115308698
1339179118760829
1339179122279603
1339179125815578
1339179129168315
1339179132475105
1339179135779493
1339179139087823
1339179143575493
1339179146888285
1339179150207023
1339179153631645
1339179156949096
1339179160255045
1339179163667845
1339179167364296
1339179170645969
1339179173891219
1339179177241090
1339179180598709
1339179183695371
1339179186981196
1339179193615705
1339179197490326
1339179200730219
1339179207559688
1339179210824817
1339179214032318
1339179217553555
1339179220992359
1339179224272463
1339179227633979
1339179231066007
1339179234294657
1339179237653927
1339179240897823
1339179244191815
1339179249532385
1339179252670259
1339179255783043
1339179259141991
1339179262451348
1339179265844751
1339179269141467
1339179272769843
1339179276367919
1339179279922004
1339179283132373
1339179286743397
1339179289992458
1339179293254154
1339179296445409
1339179301310671
1339179304730694
1339179308007760
1339179314539854
1339179318074523
