1339181483020137
1339181487053596
1339181491066567
1339181494788200
1339181498751119
1339181503121520
1339181507800165
1339181514289919
1339181518553278
1339181523093414
1339181527609704
1339181533601631
1339181537500815
1339181540853110
1339181543959196
1339181547252188
1339181551038600
1339181554870695
1339181558779223
1339181562734053
1339181566782364
1339181571796156
1339181576761392
1339181580971073
1339181584417658
1339181587792841
1339181591187168
1339181594902932
1339181598796147
1339181602399347
1339181605823124
1339181609297454
1339181612703129
1339181616148749
1339181620121251
1339181623880186
1339181628159882
1339181632249113
1339181636428830
1339181640507079
1339181645406684
1339181650829521
1339181655211995
1339181659678231
1339181663998964
1339181668367560
1339181673196832
1339181677648809
1339181682109604
1339181686495493
1339181690646512
1339181695205389
1339181699419263
1339181703235258
1339181706693343
1339181710124904
1339181713579316
1339181717274564
1339181721526213
1339181726491684
1339181730463997
1339181736849324
1339181740591559
1339181744021773
1339181747341293
1339181750647714
1339181754123509
1339181757781897
1339181761818445
1339181766298796
1339181770653994
1339181775511859
1339181779890022
1339181784397240
1339181789369879
1339181794667659
1339181799453169
1339181804178136
1339181808198183
1339181811565820
1339181814621221
1339181821390170
1339181825548794
1339181829424544
1339181833498447
1339181837708090
1339181842053075
1339181845919226
1339181849724497
1339181853545875
1339181857330452
1339181861180173
1339181864751387
1339181869114986
1339181872686613
1339181875859164
1339181879480390
1339181883459146
1339181887488964
1339181891376526
