1335443750328942
1335444755117612
1335445759857550
1335446764377935
1335447769782435
1335448775364366
1335449780197858
1335450783828682
1335451787687946
1335452792995940
1335453799545859
1335454805714975
1335455809904027
1335456814809618
1335457820111677
1335458824106854
1335459829759548
1335460835935166
1335461842547330
1335462848865411
1335463854633663
1335464862491814
1335465868786416
1335466874740662
1335467880923075
1335468888134184
1335469895971304
1335470901474730
1335471906654801
1335472912575993
1335473918325566
1335474924795207
1335475930536169
1335476936754997
1335477942808910
1335478948271607
1335479955585987
1335480962054823
1335481969118219
1335482976086790
1335483982248947
1335484988598112
1335485994973295
1335487001867714
1335488007452928
1335489013425996
1335490020587962
1335491027146014
1335492032848519
1335493038024982
1335494044264911
1335495049361346
1335496055729973
1335497061379527
1335498067747172
1335499073563043
1335500079221279
1335501085564052
1335502091095204
1335503095586302
1335504101290848
1335505107884837
1335506114301685
1335507119810987
1335508125041727
1335509131697386
1335510138178802
1335511144302975
1335512150298277
1335513157037370
1335514163512185
1335515170433113
1335516177063793
1335517182290404
1335518189893899
1335519196175446
1335520201743903
1335521208774793
1335522220137395
1335523229650252
1335524237344715
1335525244272390
1335526254385411
1335527259464405
1335528265983670
1335529272873850
1335530278848062
1335531284960321
1335532290027017
1335533295150217
1335534300385229
1335535310128406
1335536321312520
1335537330817629
1335538341051458
1335539351964974
1335540361623961
1335541370207030
1335542375998636
1335543379319777
