1336653189037497
1336654200395621
1336655206133607
1336656217003694
1336657222735890
1336658229479361
1336659233429170
1336660237136785
1336661241288348
1336662248542018
1336663257952843
1336664265935245
1336665275983999
1336666284181987
1336667291052670
1336668298704314
1336669306905710
1336670314036678
1336671324061395
1336672330695937
1336673339706429
1336674349067281
1336675359255627
1336676369350391
1336677373777522
1336678377208203
1336679380856085
1336680385067238
1336681388493224
1336682392646062
1336683396660102
1336684401209209
1336685406844621
1336686412682299
1336687419645440
1336688426587758
1336689432124895
1336690441035137
1336691447622346
1336692456092664
1336693467001085
1336694477883558
1336695489959377
1336696496177761
1336697507732859
1336698511979490
1336699522171797
1336700530049750
1336701541209058
1336702549433234
1336703559170115
1336704567011524
1336705578165616
1336706586433220
1336707598395229
1336708609259196
1336709619593920
1336710632037465
1336711644737041
1336712654716914
1336713667202638
1336714677969868
1336715689067996
1336716695654361
1336717704560551
1336718711922442
1336719719230561
1336720724960520
1336721729297380
1336722735552419
1336723742301880
1336724751671711
1336725762897250
1336726773762131
1336727783588120
1336728792102744
1336729803521356
1336730814116558
1336731824482684
1336732835595139
1336733840588233
1336734849853389
1336735862045351
1336736872380716
1336737883573482
1336738895821412
1336739907561786
1336740919631904
1336741930414338
1336742940730962
1336743952398492
1336744960772259
1336745971507093
1336746983329121
1336747994736867
1336749003510859
1336750010322125
1336751016523373
1336752026892335
1336753034360475
