1338467043572046
1338468053576602
1338469064270935
1338470075430617
1338471088175639
1338472101355466
1338473113564192
1338474118875516
1338475123302805
1338476129637004
1338477134063803
1338478137689745
1338479141228389
1338480144499034
1338481148148794
1338482151904400
1338483155353087
1338484158949200
1338485162978761
1338486167082457
1338487171259335
1338488175190468
1338489179479105
1338490183704093
1338491187534734
1338492191676454
1338493195481665
1338494199153996
1338495202868280
1338496208858139
1338497213195348
1338498216809406
1338499220944736
1338500225170685
1338501228982944
1338502233488295
1338503237705134
1338504242047675
1338505246207173
1338506249664623
1338507252975864
1338508256816173
1338509260617163
1338510271679284
1338511279664823
1338512284881217
1338513291189483
1338514302451009
1338515314127939
1338516325127368
1338517338497487
1338518349962139
1338519358786773
1338520367728847
1338521372826664
1338522377223243
1338523381159775
1338524385733891
1338525389797853
1338526393836234
1338527398532816
1338528403083022
1338529408502601
1338530414261150
1338531421326647
1338532427306839
1338533433213310
1338534439534495
1338535446017183
1338536454651989
1338537462245968
1338538469042050
1338539474584662
1338540483472224
1338541490601936
1338542498205927
1338543505980585
1338544515287460
1338545525209348
1338546536522654
1338547546005926
1338548554388180
1338549560959652
1338550566640855
1338551570802181
1338552577554222
1338553583318331
1338554589661922
1338555598045601
1338556604934180
1338557613378072
1338558619145883
1338559627550905
1338560634172716
1338561644024737
1338562652914909
1338563663586259
1338564674741479
1338565686981395
1338566693865965
