1336047468393017
1336048473632707
1336049482680774
1336050489142076
1336051494508252
1336052498400231
1336053502852646
1336054509817073
1336055514448839
1336056520776395
1336057526374537
1336058535166703
1336059541599034
1336060552369034
1336061559959573
1336062569045429
1336063574937577
1336064579490362
1336065584868944
1336066590034267
1336067596859573
1336068603284721
1336069610259304
1336070617218248
1336071627557409
1336072635053223
1336073640209608
1336074647845773
1336075654692682
1336076662065120
1336077668137240
1336078673143808
1336079678503649
1336080688083122
1336081698346458
1336082703618108
1336083706694854
1336084711914169
1336085721514349
1336086728792468
1336087737905372
1336088745925985
1336089751860208
1336090759282508
1336091765074594
1336092770810615
1336093776236882
1336094779860594
1336095783774491
1336096788304556
1336097792171891
1336098799519605
1336099806900296
1336100811910564
1336101818523499
1336102824476344
1336103835282172
1336104843270728
1336105852310536
1336106858377182
1336107868294546
1336108873248014
1336109876980296
1336110881445541
1336111886106032
1336112889984133
1336113895631984
1336114901254509
1336115908467479
1336116916494984
1336117928536786
1336118935042650
1336119940489902
1336120946571590
1336121956988721
1336122966584425
1336123978799518
1336124989405238
1336125995973242
1336127000629147
1336128005635633
1336129013355187
1336130018684107
1336131027221603
1336132034230279
1336133042139459
1336134054781794
1336135065004598
1336136070315866
1336137079963974
1336138086992659
1336139095363789
1336140104539002
1336141114235853
1336142123051630
1336143129618079
1336144136381011
1336145148490578
1336146158638907
1336147169799031
