1337561339572739
1337562347087460
1337563351048383
1337564357530816
1337565361989193
1337566369733821
1337567375334097
1337568379473469
1337569382921280
1337570386668793
1337571390393189
1337572395120751
1337573400433109
1337574406850990
1337575411559865
1337576417610412
1337577421168202
1337578426640711
1337579431277697
1337580439744488
1337581444054298
1337582452823293
1337583459107947
1337584465595972
1337585472042271
1337586476301181
1337587483935937
1337588494774654
1337589503280581
1337590513705663
1337591517974798
1337592529511507
1337593539570465
1337594551579804
1337595563939932
1337596575673889
1337597587327415
1337598598689797
1337599608366012
1337600618110663
1337601627196128
1337602634041325
1337603643367094
1337604651106372
1337605658699025
1337606662497889
1337607666055786
1337608671100504
1337609683279351
1337610692297550
1337611696128706
1337612702297600
1337613705918533
1337614712875584
1337615721929626
1337616727762685
1337617731654945
1337618736040174
1337619740418239
1337620745040659
1337621754045192
1337622757391487
1337623760897652
1337624765073784
1337625769339102
1337626779348772
1337627791229002
1337628803196078
1337629814777347
1337630823074206
1337631831199034
1337632840135999
1337633844080736
1337634849434747
1337635858184529
1337636866421566
1337637874498032
1337638878408369
1337639882781409
1337640890683083
1337641894529618
1337642903877318
1337643913871512
1337644918619135
1337645923981948
1337646934339688
1337647944410794
1337648951021722
1337649954417428
1337650958251714
1337651962303113
1337652967601939
1337653971113280
1337654975367623
1337655980705873
1337656992482534
1337658001508063
1337659010225270
1337660016670593
1337661020580357
