1335241539731767
1335242546081485
1335243552874534
1335244558848336
1335245564223655
1335246569675185
1335247577216843
1335248583049168
1335249588339605
1335250593308078
1335251599191537
1335252605894961
1335253610557532
1335254616165915
1335255623457290
1335256630257143
1335257635730991
1335258643580156
1335259649341535
1335260654427619
1335261659505237
1335262663874473
1335263669470424
1335264675091114
1335265681569747
1335266687395083
1335267693209568
1335268699270674
1335269705417310
1335270712347133
1335271719596923
1335272725927103
1335273732129731
1335274738676331
1335275745426175
1335276752427349
1335277758600360
1335278764304690
1335279770843325
1335280776944974
1335281782905691
1335282788941179
1335283794316240
1335284800597909
1335285806129554
1335286811387723
1335287815398179
1335288820321529
1335289825458639
1335290831717546
1335291837678928
1335292843785964
1335293849423293
1335294855393305
1335295860727308
1335296867690350
1335297873326327
1335298879043827
1335299884386739
1335300889797959
1335301896213581
1335302903043253
1335303909486810
1335304915756093
1335305920857068
1335306927037758
1335307934309832
1335308940585099
1335309947383589
1335310954517734
1335311960692830
1335312966592508
1335313972225289
1335314978063633
1335315982826675
1335316988637189
1335317993835061
1335318998872089
1335320006921311
1335321011848694
1335322016681085
1335323022195461
1335324028382652
1335325034717322
1335326042049235
1335327047791424
1335328054104443
1335329059699713
1335330065923395
1335331074382459
1335332080322480
1335333086236233
1335334092094093
1335335096961114
1335336102676508
1335337109484252
1335338116449036
1335339121927873
1335340128506237
1335341135905715
