1339173816525825
1339173820916722
1339173825296132
1339173829932285
1339173834920323
1339173840916370
1339173845781300
1339173854164539
1339173859856021
1339173864647054
1339173869008485
1339173873482695
1339173877934101
1339173882448337
1339173887804649
1339173893588585
1339173899017413
1339173903975047
1339173907401657
1339173910804293
1339173914069041
1339173917826162
1339173921497408
1339173925666272
1339173929821130
1339173934022678
1339173938309404
1339173943103994
1339173947541162
1339173951883833
1339173956409615
1339173960696811
1339173964967167
1339173969217197
1339173973512359
1339173977609844
1339173981510000
1339173985500921
1339173989294197
1339173993629205
1339173998064404
1339174004094714
1339174008593586
1339174012608562
1339174018099066
1339174023018885
1339174032318479
1339174037719185
1339174048714531
1339174052889760
1339174056969829
1339174064949994
1339174068389742
1339174075879597
1339174081942081
1339174085963861
1339174089730085
1339174093966700
1339174098648926
1339174102506875
1339174106280178
1339174109996383
1339174116278663
1339174120627442
1339174125053385
1339174131789579
1339174135076221
1339174138487695
1339174142652373
1339174145984771
1339174149180966
1339174152272215
1339174155677260
1339174159483930
1339174162828851
1339174166078851
1339174169364609
1339174172700072
1339174176683941
1339174187360273
1339174191372881
1339174194604645
1339174201855920
1339174205151559
1339174208363721
1339174213987876
1339174217399516
1339174220601710
1339174227302887
1339174230784419
1339174233832022
1339174237088732
1339174244164806
1339174247290431
1339174250439577
1339174258288242
1339174261772974
1339174265029881
1339174268353545
1339174271518686
