1339181897768586
1339181901761575
1339181905881146
1339181909971569
1339181914029391
1339181918153921
1339181922034131
1339181925896725
1339181929568941
1339181933636995
1339181937619428
1339181940930447
1339181944274271
1339181947906349
1339181951827137
1339181955723063
1339181960427853
1339181965660508
1339181970999253
1339181975153838
1339181978821617
1339181982424072
1339181986091132
1339181989799174
1339181994048346
1339181998483859
1339182004273954
1339182007527374
1339182011146320
1339182014813841
1339182018969420
1339182023227992
1339182026941841
1339182030645543
1339182034131154
1339182038079387
1339182042736761
1339182047793867
1339182053042471
1339182057767868
1339182062185051
1339182066666542
1339182070791977
1339182075467598
1339182079770758
1339182083746271
1339182087812721
1339182092470131
1339182097205462
1339182102236535
1339182107414558
1339182111853037
1339182115437324
1339182118601902
1339182121781773
1339182125136998
1339182128611035
1339182131913613
1339182135085750
1339182142284650
1339182145809744
1339182149041035
1339182156442844
1339182159920916
1339182163348610
1339182170410509
1339182173796438
1339182177010882
1339182187232237
1339182198130839
1339182201620510
1339182204774882
1339182207935155
1339182211091386
1339182214426255
1339182217896123
1339182221304394
1339182224562297
1339182228130671
1339182232094230
1339182235740323
1339182239405923
1339182242864596
1339182246453957
1339182250935239
1339182255394801
1339182259764655
1339182264150876
1339182267890917
1339182271385650
1339182274974064
1339182279049929
1339182282808228
1339182286551828
1339182290263779
1339182294652930
1339182299347619
1339182304032327
1339182309002952
1339182314244760
