1336350655750488
1336351661709192
1336352667015559
1336353675372918
1336354684685316
1336355689572656
1336356693998995
1336357699881603
1336358712724943
1336359720977349
1336360733019971
1336361737554695
1336362747385519
1336363758085904
1336364765404925
1336365777220903
1336366782506710
1336367792605126
1336368800024068
1336369809979638
1336370814736527
1336371819431416
1336372823676920
1336373829134175
1336374838943026
1336375845217947
1336376855205233
1336377864215150
1336378877325926
1336379884829015
1336380895871797
1336381904236623
1336382916917106
1336383920715138
1336384925770584
1336385937874390
1336386949351875
1336387959567445
1336388967647155
1336389980335920
1336390991662056
1336392002516167
1336393009778494
1336394018712680
1336395025060414
1336396032987942
1336397038328337
1336398046818138
1336399059524911
1336400064998128
1336401075023024
1336402082686762
1336403094459276
1336404104367539
1336405112841305
1336406124279809
1336407131926049
1336408142757980
1336409151131659
1336410155116894
1336411160598751
1336412169915692
1336413177658574
1336414189468275
1336415198157934
1336416205648124
1336417215071330
1336418220392872
1336419231368778
1336420238204426
1336421244155255
1336422250015944
1336423254802282
1336424265050831
1336425273700997
1336426282252795
1336427291530680
1336428300990113
1336429311148937
1336430321898066
1336431331272826
1336432343420731
1336433356526611
1336434365396767
1336435370158065
1336436375800763
1336437380355155
1336438384516869
1336439388724876
1336440392286587
1336441396377636
1336442400079028
1336443405610067
1336444410930145
1336445416581413
1336446421556139
1336447428579850
1336448436723247
1336449443855153
1336450451778871
