1339182758481443
1339182761958507
1339182765392579
1339182768676252
1339182772633196
1339182776765635
1339182781285221
1339182785558443
1339182789975951
1339182794982721
1339182799758625
1339182804269888
1339182809076927
1339182812868804
1339182816213099
1339182819446168
1339182822634423
1339182826632107
1339182831441710
1339182835981583
1339182840602465
1339182845130342
1339182848754992
1339182852404446
1339182856011580
1339182859615013
1339182863272638
1339182867186549
1339182871269253
1339182875310753
1339182879036805
1339182883052010
1339182886729904
1339182890433964
1339182894461991
1339182898878091
1339182903593528
1339182907965465
1339182912386289
1339182916694347
1339182921492205
1339182925614512
1339182929767784
1339182933756645
1339182937754647
1339182942144633
1339182946775521
1339182951235006
1339182956532855
1339182962003872
1339182966945839
1339182971954674
1339182977619531
1339182982835102
1339182987449822
1339182991315970
1339182995217858
1339182999173106
1339183006185833
1339183010317907
1339183013961708
1339183017586262
1339183021599966
1339183025885046
1339183030015266
1339183034224644
1339183038586739
1339183043132875
1339183047076519
1339183051087471
1339183055828674
1339183060573851
1339183064566327
1339183068783364
1339183072504922
1339183075968846
1339183079698242
1339183083321262
1339183087303352
1339183091567700
1339183095561380
1339183099220033
1339183103287290
1339183107598479
1339183111318311
1339183120337922
1339183124367313
1339183131312708
1339183134475912
1339183137664861
1339183145010315
1339183148474003
1339183151643407
1339183154859051
1339183158322824
1339183162930670
1339183166317626
1339183169576783
1339183172886121
1339183176011870
