1339176392809307
1339176395955034
1339176399295751
1339176402741395
1339176406373807
1339176410322760
1339176414005049
1339176417846072
1339176421469676
1339176425225795
1339176429089394
1339176433773306
1339176438306335
1339176442859070
1339176447746216
1339176453555265
1339176458279778
1339176463143521
1339176466875039
1339176470624624
1339176474527133
1339176479291666
1339176483995063
1339176492716066
1339176497575737
1339176501490627
1339176505322332
1339176508999638
1339176513377459
1339176518493085
1339176523588512
1339176528570223
1339176533346859
1339176538279241
1339176542790811
1339176547132998
1339176551307917
1339176555364811
1339176559235648
1339176562897310
1339176566622411
1339176570804135
1339176575149787
1339176580204124
1339176584637328
1339176588659857
1339176592656950
1339176596695214
1339176601369911
1339176606120052
1339176610861841
1339176615448906
1339176620441688
1339176625840652
1339176629980432
1339176633351686
1339176636583109
1339176639796346
1339176643739171
1339176654327073
1339176658015592
1339176661622703
1339176665285849
1339176668461764
1339176671734651
1339176675288413
1339176679294538
1339176683161432
1339176687468849
1339176691921995
1339176696329500
1339176699836816
1339176703298040
1339176706950512
1339176710274121
1339176713908139
1339176718304580
1339176722962201
1339176727274602
1339176730895322
1339176734578352
1339176738417418
1339176742328059
1339176746606924
1339176750774803
1339176754965176
1339176759377270
1339176764017337
1339176767180827
1339176770539802
1339176773944507
1339176777212938
1339176780989373
1339176784685364
1339176788296439
1339176792142828
1339176796404544
1339176800985381
1339176805528295
1339176810057792
