1339186116653346
1339186121476271
1339186125746234
1339186129225753
1339186132385498
1339186135540880
1339186138843214
1339186142084592
1339186145365068
1339186148595886
1339186152985391
1339186156014925
1339186159072983
1339186162350228
1339186165473812
1339186168671048
1339186171944183
1339186175266427
1339186178478595
1339186181676585
1339186184824733
1339186191345288
1339186202831850
1339186206015888
1339186209567918
1339186213063401
1339186216305549
1339186219893390
1339186223232845
1339186226335720
1339186229527144
1339186232776157
1339186236084536
1339186239148594
1339186242505007
1339186245768462
1339186248908503
1339186252138006
1339186255417593
1339186258545083
1339186261694813
1339186265156208
1339186268543109
1339186271676796
1339186275059893
1339186278585929
1339186282153200
1339186285594726
1339186288866116
1339186291808244
1339186295092669
1339186298383845
1339186301655792
1339186305259915
1339186308501992
1339186311775897
1339186315342985
1339186318457367
1339186322064147
1339186326170589
1339186330107022
1339186333838708
1339186337487106
1339186341124838
1339186344585940
1339186347955133
1339186351369042
1339186354774285
1339186359493433
1339186363243309
1339186367259547
1339186371367279
1339186375432703
1339186379117921
1339186382410685
1339186385773438
1339186389076859
1339186392452811
1339186395837933
1339186399575983
1339186403108602
1339186407040618
1339186410885164
1339186414596925
1339186418514028
1339186422501328
1339186426396402
1339186430240698
1339186434286189
1339186438194048
1339186442067831
1339186445887684
1339186450066624
1339186453955792
1339186457851017
1339186461966148
1339186465556469
1339186469296294
1339186473773867
1339186478902889
