1339179784307316
1339179788883667
1339179793613861
1339179798389789
1339179803335808
1339179807379656
1339179811766602
1339179816387883
1339179821333882
1339179826296693
1339179831098311
1339179835477200
1339179839387109
1339179843200845
1339179847193760
1339179851789145
1339179856663616
1339179862163679
1339179866344115
1339179870642494
1339179874528078
1339179879281121
1339179884131666
1339179889032264
1339179894521938
1339179900292797
1339179904438850
1339179908478891
1339179912649587
1339179917132111
1339179921717448
1339179925922179
1339179930580200
1339179935153865
1339179939642703
1339179943164617
1339179946847318
1339179950519451
1339179953945977
1339179957595804
1339179960700790
1339179963798320
1339179967392703
1339179970993108
1339179975340832
1339179979632863
1339179983935578
1339179988452607
1339179992747369
1339179997001997
1339180003309464
1339180007628593
1339180011488701
1339180015321587
1339180019087021
1339180022980970
1339180027070632
1339180031015332
1339180035008395
1339180039413029
1339180044073077
1339180048400364
1339180052090510
1339180055798792
1339180059702074
1339180063194918
1339180067119498
1339180070948444
1339180075579975
1339180080135276
1339180084701469
1339180089880517
1339180095105123
1339180098664483
1339180102478621
1339180106376530
1339180110902415
1339180118715634
1339180122880401
1339180126406509
1339180129701580
1339180133317941
1339180136704023
1339180139748430
1339180143037646
1339180146407063
1339180149473688
1339180152755411
1339180157990881
1339180161261260
1339180164611113
1339180167914651
1339180173123466
1339180176335858
1339180179386444
1339180182744361
1339180194420598
1339180198039959
1339180201725390
1339180205239370
