1335241540076749
1335242546454378
1335243553369611
1335244559165035
1335245564566228
1335246570113130
1335247577617726
1335248583479253
1335249588635028
1335250593736459
1335251599596438
1335252606439414
1335253610783304
1335254616493855
1335255623936395
1335256630653680
1335257636594793
1335258644037044
1335259649676148
1335260654817975
1335261659778314
1335262664199217
1335263669803142
1335264675594484
1335265681920891
1335266687788125
1335267693562886
1335268699705423
1335269705735004
1335270712862413
1335271720023789
1335272726424117
1335273732583535
1335274739084406
1335275745900019
1335276752811567
1335277758979407
1335278764668433
1335279771140251
1335280777306035
1335281783247468
1335282789424538
1335283794662706
1335284800936018
1335285806510801
1335286811681877
1335287815682794
1335288820669401
1335289825856918
1335290832132194
1335291838097479
1335292844194529
1335293849771984
1335294855840113
1335295861960159
1335296868084607
1335297873597672
1335298879421641
1335299884775216
1335300890208046
1335301896522478
1335302903434732
1335303909813822
1335304916131901
1335305921185096
1335306927476522
1335307934750839
1335308941058699
1335309947870735
1335310954960457
1335311961075974
1335312966989172
1335313972616385
1335314978432966
1335315983185722
1335316989066873
1335317994050055
1335318999282852
1335320007288394
1335321012213771
1335322017003843
1335323022671620
1335324028797449
1335325035909490
1335326042388569
1335327048206481
1335328054439818
1335329060123347
1335330066366416
1335331074846571
1335332080688089
1335333086648841
1335334092505427
1335335097318047
1335336103060805
1335337109977315
1335338116762808
1335339122237490
1335340128971220
1335341136401927
