1337560336901746
1337561344561647
1337562348963901
1337563355179336
1337564359579268
1337565366752624
1337566373206425
1337567377631217
1337568381248897
1337569385073047
1337570388733191
1337571392918495
1337572398445481
1337573404222278
1337574409549451
1337575415375568
1337576419327003
1337577424413818
1337578429016934
1337579437067343
1337580441525303
1337581450075345
1337582456311931
1337583463026548
1337584469746757
1337585474103983
1337586480062717
1337587490997235
1337588499200532
1337589511376258
1337590515408321
1337591525424657
1337592534983657
1337593546971123
1337594558923878
1337595570931018
1337596582793242
1337597594588617
1337598604278727
1337599614295500
1337600624046814
1337601630774549
1337602640042537
1337603648054461
1337604656068136
1337605660785321
1337606664466479
1337607668431621
1337608678467093
1337609689312611
1337610694110678
1337611700025800
1337612703947271
1337613709141369
1337614719182491
1337615725383409
1337616729873848
1337617733812693
1337618738749076
1337619742040470
1337620751630662
1337621755806198
1337622759135010
1337623763407950
1337624766733438
1337625775400858
1337626787558495
1337627798374475
1337628810998746
1337629819722358
1337630827900017
1337631836931293
1337632842134411
1337633846789398
1337634854618916
1337635863452677
1337636871523555
1337637876515506
1337638880492807
1337639888026210
1337640892214638
1337641898985135
1337642911808121
1337643915812792
1337644921132964
1337645930452011
1337646941110284
1337647948338103
1337648952788993
1337649956623814
1337650959742223
1337651965863335
1337652969608712
1337653973378492
1337654977523230
1337655988756162
1337656998103685
1337658005883895
1337659014339937
1337660018527088
