1336552379898214
1336553385762521
1336554389924697
1336555393972679
1336556398262750
1336557402158400
1336558406638108
1336559411501097
1336560416052946
1336561421045470
1336562425153066
1336563428692082
1336564435667916
1336565443125359
1336566450538453
1336567460230678
1336568470528389
1336569478467003
1336570488707076
1336571499442205
1336572511439965
1336573521078181
1336574526205540
1336575532018985
1336576539066654
1336577543236190
1336578552773164
1336579556287316
1336580560426728
1336581571911122
1336582578235107
1336583590352886
1336584599064128
1336585608929677
1336586618758570
1336587624784387
1336588631316315
1336589638222355
1336590646830514
1336591655600303
1336592659791441
1336593669529236
1336594675431408
1336595685689516
1336596696474454
1336597706264126
1336598718936056
1336599728701897
1336600734142327
1336601743928479
1336602749592863
1336603759582580
1336604767607972
1336605773136781
1336606784238464
1336607792229751
1336608802888103
1336609812350366
1336610820376347
1336611825511157
1336612836423597
1336613844106247
1336614855718575
1336615863667426
1336616870224963
1336617876664245
1336618887460019
1336619898841348
1336620909161731
1336621913871271
1336622924628612
1336623929205752
1336624940146987
1336625950937731
1336626959952057
1336627970191580
1336628976660217
1336629986752947
1336630998759343
1336632006136139
1336633012356328
1336634020637342
1336635030730556
1336636040148882
1336637045381448
1336638054404208
1336639064297488
1336640072740956
1336641078984709
1336642089606296
1336643097239026
1336644106380042
1336645117512468
1336646123276356
1336647135247438
1336648143833881
1336649151505599
1336650157112277
1336651164078192
1336652175566689
