1336854890337910
1336855899821666
1336856912584245
1336857923505223
1336858932766377
1336859945001436
1336860957464543
1336861967807003
1336862981326998
1336863993818064
1336865004342769
1336866012390716
1336867019226880
1336868027038735
1336869033502807
1336870043052303
1336871053924434
1336872064171294
1336873075531418
1336874086731530
1336875101308105
1336876111670051
1336877123808208
1336878136676723
1336879149088339
1336880163038179
1336881173146686
1336882180857063
1336883191645190
1336884202853288
1336885212055624
1336886225710029
1336887237405343
1336888249966659
1336889262312102
1336890269582032
1336891281680877
1336892292585665
1336893301836351
1336894314464145
1336895327146919
1336896342746959
1336897351746911
1336898364299310
1336899370639116
1336900376875435
1336901380946621
1336902385169334
1336903389736100
1336904394076435
1336905398482112
1336906403719262
1336907409390611
1336908414156032
1336909421104190
1336910426183290
1336911433947369
1336912442151741
1336913450214871
1336914454546544
1336915463495254
1336916472454823
1336917481491688
1336918487812823
1336919497034069
1336920506367995
1336921516461011
1336922526343814
1336923536118619
1336924546915960
1336925556066133
1336926570876019
1336927583652237
1336928595947707
1336929605528258
1336930616955819
1336931627537907
1336932640965493
1336933654466664
1336934666378729
1336935679534570
1336936693240407
1336937705743242
1336938717443119
1336939728140645
1336940738919241
1336941747945550
1336942759069208
1336943768536872
1336944773122894
1336945778276372
1336946782785638
1336947790096234
1336948795769819
1336949799195903
1336950803521337
1336951811796273
1336952820213176
1336953830837407
1336954839915916
