1339182320999956
1339182326273556
1339182331670758
1339182337122056
1339182340484868
1339182343631786
1339182347020254
1339182351461260
1339182355126064
1339182359048611
1339182362894268
1339182366407149
1339182373451775
1339182376562896
1339182380116426
1339182388538098
1339182392049247
1339182395662771
1339182399235524
1339182402553760
1339182406334455
1339182410041890
1339182414010056
1339182418117316
1339182422463004
1339182426832166
1339182432178996
1339182437057893
1339182441823411
1339182446440304
1339182451905348
1339182456995468
1339182461961236
1339182467056191
1339182470418992
1339182473880750
1339182477293026
1339182481209990
1339182484654511
1339182488136762
1339182493992785
1339182497433077
1339182501045298
1339182505665890
1339182510311751
1339182515287201
1339182519856826
1339182523867240
1339182528347331
1339182532093924
1339182535700361
1339182539187022
1339182542512518
1339182545992087
1339182550874103
1339182555489293
1339182559839479
1339182563937977
1339182567979736
1339182573449741
1339182578179650
1339182582941027
1339182587676378
1339182592421762
1339182597994341
1339182604007842
1339182609273349
1339182613610687
1339182617300703
1339182620776024
1339182624247459
1339182628387425
1339182633537767
1339182638116312
1339182642617691
1339182647122736
1339182652073339
1339182656976700
1339182662215356
1339182667661329
1339182672309162
1339182677245112
1339182682044929
1339182686395056
1339182690592742
1339182695080435
1339182699653031
1339182704137449
1339182707767446
1339182711160688
1339182714162109
1339182717610613
1339182720918946
1339182724563579
1339182728419767
1339182732222456
1339182736128828
1339182741673137
1339182749160025
1339182754524829
