1337561339573576
1337562347087920
1337563351049167
1337564357531364
1337565361990178
1337566369734509
1337567375334910
1337568379473891
1337569382921769
1337570386669324
1337571390393703
1337572395121687
1337573400433719
1337574406851620
1337575411560427
1337576417610973
1337577421168728
1337578426641305
1337579431278370
1337580439744953
1337581444055232
1337582452823838
1337583459108583
1337584465596794
1337585472042782
1337586476301751
1337587483937151
1337588494775280
1337589503281882
1337590513706082
1337591517975891
1337592529512281
1337593539571680
1337594551580996
1337595563940988
1337596575674994
1337597587328484
1337598598690533
1337599608366902
1337600618111565
1337601627196734
1337602634042202
1337603643367822
1337604651107236
1337605658699675
1337606662498361
1337607666056657
1337608671101449
1337609683280486
1337610692298058
1337611696129438
1337612702298111
1337613705919159
1337614712876903
1337615721930441
1337616727763209
1337617731655401
1337618736040862
1337619740418760
1337620745041735
1337621754045836
1337622757392230
1337623760898263
1337624765074265
1337625769340185
1337626779350113
1337627791230321
1337628803197392
1337629814778275
1337630823074949
1337631831200113
1337632840136574
1337633844081328
1337634849435663
1337635858185274
1337636866422264
1337637874498656
1337638878408878
1337639882782269
1337640890683919
1337641894530389
1337642903878802
1337643913872070
1337644918619862
1337645923983031
1337646934341092
1337647944411552
1337648951022232
1337649954418300
1337650958252318
1337651962304112
1337652967602541
1337653971113711
1337654975368284
1337655980707201
1337656992483411
1337658001509210
1337659010225930
1337660016671073
1337661020581068
