1339175518740710
1339175522549545
1339175526329963
1339175530425591
1339175534677216
1339175538956093
1339175543230493
1339175547121248
1339175550718627
1339175554679649
1339175558947964
1339175563246356
1339175567604734
1339175571756574
1339175576253586
1339175580479575
1339175584732144
1339175589206099
1339175593782872
1339175598221909
1339175602801975
1339175607416691
1339175611640364
1339175615826620
1339175620327679
1339175635724899
1339175640329945
1339175643578539
1339175646752152
1339175650240622
1339175653684097
1339175657622409
1339175661476182
1339175665480987
1339175670304408
1339175674805844
1339175679291617
1339175684219366
1339175689665194
1339175695042290
1339175700700804
1339175704822295
1339175708984400
1339175713406689
1339175717828540
1339175721963065
1339175726415004
1339175732199151
1339175737425241
1339175742635166
1339175747546043
1339175751469067
1339175755435860
1339175759351205
1339175764074223
1339175768875354
1339175773879396
1339175778395019
1339175782803760
1339175787395652
1339175792824695
1339175798071566
1339175802540075
1339175806921067
1339175811319953
1339175816710907
1339175822550551
1339175828584278
1339175832393046
1339175836304491
1339175840290154
1339175845190548
1339175850195326
1339175854842421
1339175859380989
1339175864067105
1339175868314218
1339175872698731
1339175877105116
1339175881162349
1339175885997219
1339175890767043
1339175895786986
1339175901092085
1339175906815033
1339175911649053
1339175914880821
1339175918224155
1339175921754367
1339175925790149
1339175930146721
1339175934175325
1339175937443363
1339175940692894
1339175943894262
1339175947422435
1339175951214920
1339175954935948
1339175958710535
1339175963823320
