1339183981627946
1339183985427545
1339183989021983
1339183992698742
1339183996559696
1339184000796926
1339184005460711
1339184009422813
1339184013125492
1339184016792943
1339184020263077
1339184023969245
1339184027851152
1339184031762912
1339184035358687
1339184038616244
1339184041924371
1339184045228321
1339184048543740
1339184051880255
1339184055318706
1339184058604003
1339184061818961
1339184065021979
1339184068459462
1339184072405613
1339184076175647
1339184080045192
1339184083854983
1339184088097290
1339184093397413
1339184098994959
1339184105808032
1339184111567591
1339184117224727
1339184123053205
1339184126781696
1339184129901739
1339184133105857
1339184136195176
1339184139346824
1339184142502775
1339184152532384
1339184157241563
1339184168740527
1339184172477942
1339184176130022
1339184187604252
1339184200441921
1339184204939902
1339184208104793
1339184211622542
1339184215286314
1339184218955049
1339184222325896
1339184226059339
1339184230075611
1339184234008381
1339184237998701
1339184242181445
1339184246241773
1339184249883908
1339184253454646
1339184257358431
1339184260913678
1339184264575101
1339184269111930
1339184273728698
1339184279430787
1339184285590345
1339184291133212
1339184297190337
1339184302930239
1339184307535766
1339184311800638
1339184315823227
1339184319700355
1339184323323815
1339184327097506
1339184330900802
1339184334513672
1339184338098285
1339184341990021
1339184345614948
1339184349379374
1339184353674334
1339184357269227
1339184361366566
1339184365000260
1339184369169779
1339184373456840
1339184377522773
1339184381683010
1339184385691967
1339184389555183
1339184393431486
1339184397347924
1339184401222457
1339184405133566
1339184409456018
