1336249932617284
1336250940104472
1336251946854214
1336252953443701
1336253958416672
1336254969001574
1336255979894012
1336256986853172
1336257996047262
1336259002921440
1336260007941827
1336261014681802
1336262021161171
1336263029592882
1336264037448700
1336265046579496
1336266052017207
1336267060453859
1336268065109184
1336269073772887
1336270079649685
1336271088909559
1336272097577891
1336273103271747
1336274111099304
1336275116591941
1336276125783946
1336277130461239
1336278138554708
1336279144040463
1336280149869509
1336281156434994
1336282159458441
1336283163353092
1336284171354764
1336285177673518
1336286186518162
1336287195665133
1336288203350955
1336289214107312
1336290219437913
1336291229632384
1336292236810484
1336293247339995
1336294253467229
1336295259146891
1336296269309260
1336297276692390
1336298282221088
1336299291139325
1336300296900132
1336301304840061
1336302310228526
1336303320122465
1336304327717178
1336305336249513
1336306344224908
1336307348748557
1336308357492427
1336309362428895
1336310369228893
1336311373283415
1336312377159646
1336313381652123
1336314385853056
1336315389443470
1336316393475067
1336317397447558
1336318402468816
1336319406943410
1336320412410596
1336321418346385
1336322422500033
1336323426213426
1336324430210370
1336325435540135
1336326441379203
1336327448058183
1336328455448428
1336329463176516
1336330470413809
1336331479308503
1336332489578294
1336333498279893
1336334508665025
1336335519262156
1336336530061180
1336337541466771
1336338548954487
1336339554795296
1336340566058188
1336341576566892
1336342588351684
1336343593107012
1336344599795426
1336345606201524
1336346615593916
1336347623881201
1336348631023271
1336349643963724
