1336551378173539
1336552383278110
1336553388092164
1336554392145551
1336555396561417
1336556400272357
1336557404787157
1336558409492676
1336559414162408
1336560418801080
1336561423370202
1336562426794798
1336563432611436
1336564439849509
1336565447010136
1336566456935560
1336567466682035
1336568475382969
1336569484344896
1336570495490969
1336571506057736
1336572517845311
1336573523095604
1336574530078840
1336575536455172
1336576541081187
1336577549454810
1336578554791325
1336579557903966
1336580569314259
1336581574822669
1336582586066466
1336583594977601
1336584605293735
1336585616575375
1336586622218067
1336587628850387
1336588635630104
1336589643303604
1336590653044004
1336591657580875
1336592665725195
1336593672921862
1336594681615474
1336595691957341
1336596702333794
1336597714884066
1336598725352660
1336599731004573
1336600740986391
1336601746712446
1336602756175406
1336603764023028
1336604770204882
1336605780514336
1336606788729125
1336607798780874
1336608809230336
1336609817272785
1336610822674830
1336611832917908
1336612840858638
1336613851309541
1336614860398984
1336615866546560
1336616873680104
1336617883797862
1336618894837672
1336619906317361
1336620911620723
1336621920607425
1336622926935285
1336623936327715
1336624946355466
1336625956558522
1336626967360415
1336627973446009
1336628982100298
1336629995312907
1336631003057427
1336632009990236
1336633017194541
1336634026714187
1336635036498823
1336636042767409
1336637052241818
1336638059840730
1336639069777115
1336640076074139
1336641085447910
1336642093828219
1336643102101236
1336644114252593
1336645120377692
1336646130944570
1336647140308714
1336648147835272
1336649155315311
1336650160836854
1336651170841818
