1337862301833441
1337863306858464
1337864317458895
1337865328208632
1337866342048683
1337867347460038
1337868358945554
1337869368035098
1337870372630989
1337871376658692
1337872380995943
1337873384861560
1337874389677176
1337875393756890
1337876398299618
1337877402941356
1337878407240460
1337879412658373
1337880418350369
1337881424882752
1337882430722191
1337883435063455
1337884440274160
1337885446385964
1337886454898873
1337887462982181
1337888471791042
1337889484051668
1337890496039066
1337891506251863
1337892518871512
1337893532824796
1337894538653289
1337895545151237
1337896549766008
1337897558698948
1337898570998214
1337899583589955
1337900593175866
1337901603009724
1337902612577565
1337903627391803
1337904638346168
1337905648837816
1337906656612727
1337907667706713
1337908678619927
1337909690943458
1337910702995689
1337911713946493
1337912727604275
1337913738380996
1337914750809964
1337915762495371
1337916773479932
1337917784780006
1337918795924917
1337919806976065
1337920812273344
1337921822561318
1337922830031147
1337923842341439
1337924851758075
1337925857463668
1337926864351267
1337927878441102
1337928884757295
1337929897408525
1337930905637639
1337931916634365
1337932924939781
1337933938440119
1337934946553608
1337935958109334
1337936968827935
1337937980100183
1337938990192527
1337939998623004
1337941007581819
1337942012480364
1337943016874490
1337944022582997
1337945032236578
1337946045798217
1337947058505962
1337948064788456
1337949072808485
1337950084544915
1337951097261480
1337952106146415
1337953116660282
1337954123290057
1337955127201291
1337956132182107
1337957135680378
1337958139869052
1337959143319793
1337960146726995
1337961150207093
1337962154410074
