1338366211882585
1338367215317379
1338368218289532
1338369222182609
1338370226095613
1338371230017518
1338372234488773
1338373242878782
1338374247475289
1338375254136853
1338376259475587
1338377269935326
1338378279262107
1338379285537104
1338380289517888
1338381293232491
1338382298389622
1338383303082135
1338384310942792
1338385317505408
1338386323051765
1338387329903599
1338388336935887
1338389343916106
1338390351331108
1338391358776408
1338392369705865
1338393374240065
1338394378173475
1338395383652526
1338396387987290
1338397391957193
1338398395766489
1338399399096035
1338400403437155
1338401408903413
1338402415967970
1338403422428241
1338404430594464
1338405440063270
1338406447895844
1338407454141829
1338408459273310
1338409463438542
1338410470460595
1338411478507128
1338412488426668
1338413499390369
1338414511332349
1338415518505445
1338416529750220
1338417544656708
1338418556971915
1338419569041341
1338420579051149
1338421590934004
1338422602008913
1338423615278487
1338424628078325
1338425642583888
1338426654948136
1338427669002192
1338428681550025
1338429694832107
1338430704447793
1338431718229287
1338432729342728
1338433742567440
1338434754967545
1338435767993990
1338436782042803
1338437795398486
1338438809121758
1338439821912044
1338440827470495
1338441831788296
1338442836966205
1338443843308273
1338444854465474
1338445866291187
1338446879629830
1338447891426981
1338448903770462
1338449908708434
1338450918643590
1338451931584470
1338452941462711
1338453953478658
1338454961421817
1338455966910432
1338456973826930
1338457980560885
1338458988552032
1338459995223278
1338460999360985
1338462005023191
1338463010983979
1338464014515005
1338465020705733
1338466030961440
