1335140965860101
1335141972402954
1335142977612221
1335143985035865
1335144991686787
1335145998098910
1335147004569218
1335148010183797
1335149014514288
1335150020976871
1335151026794370
1335152032351125
1335153038067816
1335154044785044
1335155050677955
1335156056655916
1335157063070597
1335158069790520
1335159075209745
1335160081554416
1335161088607315
1335162093942588
1335163100563312
1335164107564298
1335165114166771
1335166120390856
1335167127704739
1335168133983453
1335169139788104
1335170146121506
1335171152316811
1335172158856286
1335173165024717
1335174171666190
1335175177184628
1335176183463503
1335177189989946
1335178194925984
1335179198916043
1335180202384685
1335181205407709
1335182209920336
1335183215831558
1335184222127935
1335185227836820
1335186233094074
1335187240559749
1335188247090974
1335189253879470
1335190259437484
1335191266428446
1335192273301561
1335193279254319
1335194285266319
1335195292588606
1335196299952121
1335197306238338
1335198313201243
1335199316991195
1335200321870261
1335201327954739
1335202334266798
1335203338625798
1335204345190781
1335205349449067
1335206354299954
1335207358105504
1335208363714755
1335209369067402
1335210372721386
1335211376374613
1335212380128861
1335213383711211
1335214386928481
1335215390757154
1335216394536632
1335217398196116
1335218402057959
1335219406602281
1335220411164971
1335221415358172
1335222420834799
1335223426972025
1335224433774122
1335225441072953
1335226446990897
1335227453673996
1335228458676953
1335229464189950
1335230468985564
1335231475343304
1335232481941309
1335233487845289
1335234495382992
1335235499790896
1335236504819512
1335237511517985
1335238518952058
1335239525918879
1335240532820742
