1338869824616059
1338870834548795
1338871841749864
1338872848259035
1338873852703526
1338874860073456
1338875865919263
1338876875515838
1338877881296195
1338878892536273
1338879899660898
1338880906012626
1338881915331742
1338882925742189
1338883934519512
1338884942229293
1338885949978246
1338886961148666
1338887970124483
1338888979079031
1338889989723046
1338890998373500
1338892006679686
1338893015666108
1338894025569523
1338895034346745
1338896042078960
1338897051636920
1338898058367023
1338899068515779
1338900077143052
1338901083719155
1338902092407108
1338903102339425
1338904109362168
1338905115862371
1338906122130618
1338907128188728
1338908132437872
1338909136380063
1338910140175413
1338911144146944
1338912147789776
1338913151396226
1338914154250719
1338915158075799
1338916162309179
1338917166767146
1338918169672614
1338919172586743
1338920176239587
1338921179322749
1338922183331737
1338923187274939
1338924191237216
1338925194920523
1338926198915244
1338927202898226
1338928207031595
1338929212847981
1338930216997508
1338931220816751
1338932224513091
1338933229869770
1338934234415880
1338935241166286
1338936246524164
1338937250429492
1338938254354422
1338939262190075
1338940267919572
1338941274968518
1338942283879460
1338943290989648
1338944295670909
1338945300832255
1338946308718894
1338947315995746
1338948322471432
1338949331932766
1338950341131160
1338951348734329
1338952356799564
1338953362562864
1338954369908880
1338955374396243
1338956378514232
1338957382885894
1338958387523917
1338959391363007
1338960395952668
1338961401167273
1338962405989163
1338963411400196
1338964417787181
1338965424409821
1338966430416045
1338967437113715
1338968443119045
1338969449700704
