1339171859985410
1339171863989471
1339171868029269
1339171872199079
1339171876285264
1339171880214789
1339171884256266
1339171888673545
1339171893106763
1339171897476478
1339171901874628
1339171906281003
1339171910416071
1339171915016727
1339171919518807
1339171923932940
1339171928203631
1339171932449808
1339171936363232
1339171940332545
1339171943922979
1339171947205552
1339171950675664
1339171954638739
1339171959643214
1339171963203979
1339171966985244
1339171970885121
1339171974891783
1339171979822541
1339171983969605
1339171987837181
1339171992023389
1339171995904896
1339171999511694
1339172004375978
1339172008033001
1339172011857322
1339172016036122
1339172020641859
1339172025351066
1339172030225744
1339172034846945
1339172039407227
1339172043146206
1339172046369430
1339172049556221
1339172053656361
1339172058224863
1339172062251683
1339172066480266
1339172072185763
1339172077371649
1339172081838264
1339172086283665
1339172091682315
1339172096872022
1339172101280952
1339172105250013
1339172109058751
1339172112947061
1339172117146291
1339172121325647
1339172125110141
1339172128377201
1339172131513000
1339172134699921
1339172138147870
1339172141632443
1339172144722155
1339172148116789
1339172151443801
1339172154690950
1339172158334789
1339172161988059
1339172168744871
1339172172331081
1339172175825515
1339172182926076
1339172186435204
1339172189570496
1339172192672522
1339172195893970
1339172199008928
1339172201981081
1339172204994391
1339172208380868
1339172211458789
1339172214620701
1339172217862821
1339172221101498
1339172224408891
1339172227546346
1339172230597241
1339172233743785
1339172237109496
1339172240325339
1339172243326420
1339172249851720
1339172253421107
