1338367213713855
1338368216849992
1338369220159758
1338370224199592
1338371228048244
1338372232180186
1338373237249072
1338374245337696
1338375250133659
1338376257183931
1338377262672050
1338378275074031
1338379282733013
1338380287686979
1338381291461701
1338382295460255
1338383300851628
1338384305486063
1338385314500155
1338386320331812
1338387326443873
1338388333169870
1338389340203223
1338390347462978
1338391355029113
1338392363362413
1338393372526348
1338394376181196
1338395380557890
1338396385720204
1338397390069072
1338398393932901
1338399397593005
1338400401242145
1338401405928654
1338402411856695
1338403419487810
1338404425758210
1338405434524285
1338406443873593
1338407451174006
1338408456699804
1338409461267152
1338410466152140
1338411474558175
1338412482406568
1338413493379925
1338414505363747
1338415515925135
1338416521984620
1338417535876178
1338418550531551
1338419561946818
1338420573301258
1338421584419218
1338422596386328
1338423607990990
1338424621140149
1338425635623461
1338426647538564
1338427660625410
1338428673963674
1338429686860953
1338430698315180
1338431710561914
1338432722502883
1338433734576685
1338434748181800
1338435761101646
1338436773653409
1338437787188683
1338438801619568
1338439814163097
1338440825216033
1338441829665878
1338442834197248
1338443839844872
1338444847557390
1338445859841935
1338446872631310
1338447884148625
1338448897036903
1338449907084182
1338450912035121
1338451924291041
1338452935985833
1338453946679686
1338454957143054
1338455963622250
1338456969376850
1338457978046913
1338458983992935
1338459992072324
1338460997717987
1338462001567066
1338463008513696
1338464013092467
1338465016760395
1338466025023939
1338467036265135
