1337056808615744
1337057820456711
1337058833559457
1337059844785765
1337060858767075
1337061870897160
1337062883891015
1337063897771018
1337064910418924
1337065924448730
1337066936348966
1337067950780358
1337068964624977
1337069976538855
1337070989375868
1337072000362417
1337073009800771
1337074014840013
1337075019760546
1337076024948403
1337077031043294
1337078038344925
1337079044553912
1337080052862253
1337081059516218
1337082066862796
1337083074269567
1337084082355028
1337085091696723
1337086102836452
1337087115185395
1337088127321554
1337089140859514
1337090153801458
1337091168149139
1337092178949164
1337093192041763
1337094203489518
1337095215576813
1337096227384813
1337097240748301
1337098254920850
1337099267748737
1337100279929260
1337101294107332
1337102306889123
1337103319287526
1337104330684571
1337105337626550
1337106348534693
1337107361583407
1337108373144949
1337109385704195
1337110398969338
1337111410393293
1337112421140532
1337113434566734
1337114448543124
1337115461732892
1337116473959951
1337117485875829
1337118497757265
1337119510158740
1337120523713254
1337121537745772
1337122551327586
1337123564706998
1337124575703898
1337125588415579
1337126601584818
1337127612571541
1337128626847911
1337129638665594
1337130648376769
1337131662992532
1337132675325349
1337133688844037
1337134701410213
1337135714280100
1337136726852968
1337137739389469
1337138752610774
1337139760659077
1337140772174820
1337141782815764
1337142795069062
1337143805750400
1337144817387518
1337145829849300
1337146843463385
1337147854001393
1337148865801461
1337149877344406
1337150888651883
1337151900747733
1337152912745934
1337153925061910
1337154936063401
1337155945191679
1337156953645266
