1339176818348150
1339176823519353
1339176827879542
1339176831605249
1339176835374692
1339176839265881
1339176843144146
1339176847250469
1339176851730467
1339176856017440
1339176860096527
1339176864464458
1339176868944194
1339176873623195
1339176878180487
1339176882863176
1339176887551539
1339176891302494
1339176895049657
1339176898688848
1339176902534792
1339176911630213
1339176916253304
1339176920068375
1339176924158168
1339176929013171
1339176933061136
1339176937101295
1339176940984650
1339176944666403
1339176949021560
1339176953401519
1339176957922076
1339176963034404
1339176967459138
1339176971355206
1339176975313919
1339176979124184
1339176982706382
1339176987172340
1339176991388571
1339176996105780
1339176999527830
1339177004231342
1339177007433274
1339177011392966
1339177016051689
1339177020783168
1339177025376593
1339177029622287
1339177033651964
1339177038302750
1339177043680719
1339177047647351
1339177051643408
1339177055686515
1339177059741942
1339177063612954
1339177067540742
1339177072051978
1339177076770266
1339177081379689
1339177086389918
1339177091393397
1339177095508557
1339177099591516
1339177103717703
1339177109042381
1339177119073214
1339177123422425
1339177127779049
1339177130998519
1339177134285829
1339177137599546
1339177140903955
1339177144161247
1339177147525830
1339177150680902
1339177154092168
1339177157260043
1339177160559281
1339177163629961
1339177166967685
1339177170129503
1339177173406222
1339177176624819
1339177182918188
1339177186484182
1339177189787122
1339177193514884
1339177197465792
1339177200828893
1339177203999980
1339177207319409
1339177210601616
1339177214138235
1339177217538244
1339177221483868
1339177224855038
1339177228094894
