1337359040913420
1337360049103020
1337361054601851
1337362065690691
1337363075096457
1337364086507750
1337365099180850
1337366110913132
1337367119909132
1337368131119470
1337369137401833
1337370141191035
1337371144799389
1337372148621085
1337373152459846
1337374155842990
1337375158632171
1337376161556611
1337377165344690
1337378168747270
1337379172071569
1337380175701026
1337381178661148
1337382181906280
1337383185330441
1337384188808791
1337385192217818
1337386195826814
1337387199988277
1337388206190501
1337389210685141
1337390214339554
1337391218699356
1337392222482805
1337393226211514
1337394229217259
1337395232898627
1337396236469239
1337397239591401
1337398245198226
1337399249494976
1337400252692027
1337401256563008
1337402263501100
1337403268812019
1337404273246849
1337405282596277
1337406288438535
1337407295380707
1337408302578270
1337409310918228
1337410320192732
1337411325140975
1337412328702855
1337413335922210
1337414346536275
1337415356013986
1337416365051613
1337417368346461
1337418373951811
1337419378328092
1337420382117770
1337421385393817
1337422388708391
1337423397361279
1337424404352633
1337425409742418
1337426415844870
1337427424468872
1337428432257374
1337429439005230
1337430446916140
1337431456751171
1337432467459707
1337433476236837
1337434482208547
1337435489655446
1337436493083417
1337437503451535
1337438510802494
1337439520469171
1337440525463756
1337441529548981
1337442539961272
1337443551555226
1337444563499817
1337445571851563
1337446578851103
1337447587306453
1337448594718227
1337449599462173
1337450604514613
1337451609755472
1337452614223872
1337453622827213
1337454634430033
1337455641382477
1337456651744078
1337457662667721
1337458675191227
