1337157964733551
1337158972151010
1337159978053630
1337160983401397
1337161988871104
1337162992650473
1337163998615165
1337165004881420
1337166011754500
1337167018875539
1337168023558024
1337169028789406
1337170033878429
1337171040320822
1337172046232358
1337173054674405
1337174062681642
1337175071649337
1337176081152882
1337177092072748
1337178100775100
1337179111595446
1337180122699435
1337181134404367
1337182144390772
1337183154908522
1337184166254476
1337185178293687
1337186192042204
1337187205514582
1337188216651640
1337189228748332
1337190237087233
1337191251108924
1337192264357213
1337193275700440
1337194288022491
1337195299694731
1337196311657300
1337197325210752
1337198339778260
1337199352659710
1337200366193831
1337201377547185
1337202390035839
1337203403102566
1337204415678613
1337205426426579
1337206439242455
1337207451318240
1337208464324754
1337209477745959
1337210491898325
1337211504583869
1337212516657291
1337213527825143
1337214540619092
1337215554068175
1337216568106349
1337217581567904
1337218593260790
1337219605211210
1337220615569892
1337221629622071
1337222642098955
1337223655776870
1337224668998222
1337225682226279
1337226696281383
1337227708145109
1337228718316188
1337229731318953
1337230744669267
1337231755698811
1337232768202908
1337233782858573
1337234794940021
1337235807594760
1337236817701406
1337237829694824
1337238843258827
1337239856330215
1337240868057096
1337241880149223
1337242890955751
1337243904877105
1337244918220913
1337245928782730
1337246941051718
1337247954823130
1337248968060878
1337249980274779
1337250987872338
1337251998651175
1337253009705776
1337254015090820
1337255019348464
1337256024066166
1337257029777618
1337258037032391
