1337156959823949
1337157968889987
1337158975319408
1337159980561761
1337160986251444
1337161990868993
1337162994851187
1337164002033995
1337165008295626
1337166016315252
1337167020966674
1337168026166131
1337169031361782
1337170037284343
1337171043116398
1337172050997402
1337173058927117
1337174067891775
1337175076718903
1337176087201387
1337177097066796
1337178106334269
1337179117255955
1337180130165259
1337181138717126
1337182150354494
1337183160331746
1337184174664881
1337185185205310
1337186200036258
1337187210984694
1337188224815900
1337189232579962
1337190244347067
1337191259224306
1337192270510767
1337193281933043
1337194293891810
1337195306350564
1337196319997267
1337197333288767
1337198347602354
1337199360879491
1337200372071185
1337201385578821
1337202398401874
1337203410351883
1337204421900083
1337205433789990
1337206446105774
1337207459066434
1337208472261838
1337209485706015
1337210498469431
1337211512514799
1337212522144902
1337213535009712
1337214548185283
1337215562810105
1337216576219308
1337217586651653
1337218600784136
1337219611176467
1337220624047404
1337221636039590
1337222650432227
1337223664118217
1337224676096998
1337225689733731
1337226703315566
1337227713778596
1337228726129530
1337229739290730
1337230750363295
1337231763244267
1337232775208614
1337233789948411
1337234802829780
1337235813099113
1337236824595918
1337237837431594
1337238850459655
1337239862648276
1337240874883166
1337241886514826
1337242898535217
1337243912670206
1337244924029111
1337245935500829
1337246949507918
1337247963068594
1337248976308501
1337249983028270
1337250993630337
1337252006644491
1337253012456935
1337254017191148
1337255021567620
1337256026944803
1337257033307767
