1338971461484392
1338972469225713
1338973479433195
1338974487771673
1338975499584016
1338976509422136
1338977520794065
1338978531942200
1338979541751004
1338980549854459
1338981559465460
1338982568026729
1338983573028337
1338984582583014
1338985591933879
1338986603560700
1338987613948020
1338988621690871
1338989630682463
1338990637212801
1338991644106904
1338992652836030
1338993662710094
1338994671651465
1338995679063904
1338996689328411
1338997698445574
1338998710584325
1338999721893281
1339000730113204
1339001737932015
1339002747738727
1339003758987001
1339004766734724
1339005775439663
1339006784360144
1339007790580135
1339008799156631
1339009805820293
1339010814322819
1339011820992775
1339012826794439
1339013831216442
1339014840949570
1339015851378520
1339016863949176
1339017871365649
1339018882190210
1339019890387167
1339020900099383
1339021908678868
1339022917847414
1339023928442797
1339024936707399
1339025948695776
1339026957743781
1339027968375981
1339028978691336
1339029988046270
1339030996762917
1339032002953794
1339033008880114
1339034016209926
1339035027868211
1339036038256095
1339037044189858
1339038050545038
1339039056646234
1339040068591043
1339041076559330
1339042088035339
1339043096693099
1339044103043513
1339045112721950
1339046122271374
1339047128166497
1339048131674056
1339049135900433
1339050140373659
1339051143917504
1339052147626726
1339053150983075
1339054154823766
1339055157922634
1339056161194050
1339057164496805
1339058168486915
1339059172256504
1339060176345555
1339061179537939
1339062183037183
1339063186664818
1339064190354192
1339065194095803
1339066197944241
1339067201565512
1339068205815076
1339069209476216
1339070213555757
1339071217583458
