1339188239253582
1339188242594713
1339188246036883
1339188249309379
1339188252501520
1339188255650120
1339188258857315
1339188262302060
1339188266414831
1339188270105246
1339188273315729
1339188276571117
1339188280174967
1339188283490141
1339188286564604
1339188290674065
1339188294001664
1339188297401991
1339188302470382
1339188305813941
1339188309086278
1339188314241588
1339188317823179
1339188321422751
1339188325324367
1339188328712232
1339188332083960
1339188335381031
1339188338493694
1339188341578379
1339188345503367
1339188349681639
1339188354100130
1339188358621741
1339188363166378
1339188374289268
1339188377913097
1339188384179800
1339188387522497
1339188390892605
1339188394215974
1339188397621579
1339188400958902
1339188404699112
1339188409517349
1339188414016458
1339188419071847
1339188425838074
1339188431708128
1339188437162032
1339188441835169
1339188446390216
1339188451761705
1339188456645742
1339188460174767
1339188463662982
1339188467135276
1339188470619937
1339188474225091
1339188478270360
1339188483026218
1339188487802621
1339188493009089
1339188499891778
1339188504736765
1339188509355414
1339188514449915
1339188518978226
1339188522729675
1339188526452908
1339188530108805
1339188534433753
1339188538892658
1339188543439255
1339188547398133
1339188551556180
1339188555972792
1339188560687901
1339188565271863
1339188569430902
1339188573621968
1339188577519836
1339188581372977
1339188586715999
1339188591352393
1339188596148207
1339188600429650
1339188604637212
1339188609189136
1339188614377365
1339188619952938
1339188625386667
1339188630368557
1339188634879381
1339188639849199
1339188645519498
1339188650455602
1339188655229421
1339188660402127
1339188664749735
