1339172257456198
1339172260571160
1339172264655748
1339172267662627
1339172270760869
1339172274159164
1339172278009716
1339172281105749
1339172284316151
1339172290939758
1339172294327432
1339172297752562
1339172300988749
1339172304359971
1339172307636914
1339172310784069
1339172314231975
1339172317870784
1339172321193912
1339172324260921
1339172327520970
1339172330860904
1339172334373339
1339172337875763
1339172342138203
1339172346697413
1339172350886032
1339172355328553
1339172364886036
1339172368878549
1339172372082063
1339172375549916
1339172378820948
1339172382132276
1339172388428608
1339172392539796
1339172395985764
1339172399330366
1339172403489179
1339172407956887
1339172412342769
1339172417144619
1339172422277218
1339172427012188
1339172432380213
1339172438302273
1339172448151771
1339172454328687
1339172459189096
1339172464195817
1339172469130431
1339172474062050
1339172478676800
1339172484167548
1339172489197651
1339172493725187
1339172497122534
1339172500633151
1339172504680653
1339172509202922
1339172512964520
1339172516564496
1339172520228645
1339172523799146
1339172527421097
1339172530844819
1339172534473148
1339172538394718
1339172542264659
1339172546319482
1339172551122798
1339172555849018
1339172559253392
1339172562483943
1339172565887618
1339172570159261
1339172574870401
1339172578820985
1339172583338389
1339172592597784
1339172596662067
1339172599833266
1339172603333197
1339172606672028
1339172609929936
1339172613311573
1339172616721892
1339172621041455
1339172625311434
1339172629378870
1339172633685224
1339172638407976
1339172643840086
1339172647914789
1339172651415901
1339172654863777
1339172658245941
1339172661596119
1339172665012996
1339172668605685
