1339183983043343
1339183986884696
1339183990436862
1339183994082605
1339183998000880
1339184002901378
1339184007147541
1339184010869504
1339184014584976
1339184018149672
1339184021635709
1339184025491569
1339184029378049
1339184033299002
1339184036629046
1339184039908377
1339184043206245
1339184046492509
1339184049844208
1339184053342770
1339184056669916
1339184059866578
1339184063077432
1339184066282741
1339184070086709
1339184073870968
1339184077661271
1339184081519073
1339184085364341
1339184090226974
1339184095713976
1339184101814933
1339184108404857
1339184113878794
1339184119468678
1339184124937350
1339184128065420
1339184131155193
1339184134319673
1339184137442722
1339184140589155
1339184148092657
1339184154015605
1339184159166665
1339184170387745
1339184173959934
1339184185563089
1339184189122392
1339184202752385
1339184206226819
1339184209507401
1339184213249368
1339184216663852
1339184220351968
1339184223636343
1339184227611398
1339184231597623
1339184235557861
1339184239576744
1339184243840645
1339184247682461
1339184251296400
1339184254875256
1339184258725491
1339184262254252
1339184266363784
1339184270883192
1339184275569126
1339184281761552
1339184287762866
1339184293450629
1339184299829402
1339184304836655
1339184309270194
1339184313374191
1339184317393975
1339184321071952
1339184324809917
1339184328561383
1339184332323200
1339184335905634
1339184339619505
1339184343467269
1339184347012487
1339184351086894
1339184355024376
1339184358918954
1339184362850438
1339184366529455
1339184370909754
1339184375069028
1339184379105432
1339184383378540
1339184387198362
1339184391056779
1339184394903476
1339184398868892
1339184402769872
1339184406932911
1339184410917008
