1339071221071350
1339072225519979
1339073229047178
1339074233388762
1339075238201895
1339076243713728
1339077247637481
1339078251382691
1339079254997516
1339080257964047
1339081261499353
1339082265418300
1339083271745090
1339084276035211
1339085285216492
1339086294927698
1339087304941378
1339088312391250
1339089317111322
1339090322580996
1339091331471087
1339092337029649
1339093345533606
1339094355179696
1339095361653874
1339096367287934
1339097371224174
1339098374460628
1339099377591569
1339100381534102
1339101385856853
1339102389647191
1339103398180923
1339104405066817
1339105412829919
1339106419204717
1339107426880462
1339108434243202
1339109440947766
1339110447571912
1339111455170379
1339112463641238
1339113469090756
1339114477802488
1339115486369012
1339116494150066
1339117500696210
1339118510575564
1339119519642069
1339120527162409
1339121533051903
1339122538174209
1339123541626896
1339124545774445
1339125549578359
1339126553334210
1339127557830239
1339128562920384
1339129568070335
1339130572293438
1339131576475344
1339132581005427
1339133585332089
1339134590232850
1339135595210140
1339136600587199
1339137605982401
1339138611835001
1339139616591385
1339140621363098
1339141625880234
1339142631085914
1339143635358905
1339144647743161
1339145658919520
1339146673067645
1339147685172185
1339148693118603
1339149699235270
1339150705186843
1339151711293540
1339152718544273
1339153725266228
1339154729866598
1339155735409088
1339156741676127
1339157746013034
1339158751859404
1339159758218601
1339160764336730
1339161771137076
1339162777693192
1339163783840097
1339164794497443
1339165809041499
1339166821427116
1339167834369529
1339168841610117
1339169848680264
1339170853650530
