1339179323039783
1339179329747402
1339179333144042
1339179336495369
1339179343573020
1339179346798603
1339179350615861
1339179354001069
1339179357092378
1339179361399793
1339179373287410
1339179387989239
1339179395154230
1339179398649147
1339179401955546
1339179408769119
1339179411975801
1339179415283467
1339179419216547
1339179422739655
1339179426117405
1339179429337669
1339179432696818
1339179436295907
1339179439490160
1339179442782341
1339179446117298
1339179449513413
1339179453085614
1339179456983797
1339179461047021
1339179464903853
1339179468795926
1339179472447833
1339179476081421
1339179480028827
1339179484087625
1339179490850074
1339179494782349
1339179499048676
1339179503432856
1339179507944843
1339179513174099
1339179518181772
1339179522832998
1339179527576748
1339179532346931
1339179536952390
1339179541035844
1339179544953364
1339179549853709
1339179553980982
1339179558124425
1339179563340523
1339179568870874
1339179574523785
1339179579482087
1339179584343712
1339179589376076
1339179594359305
1339179599325655
1339179604264307
1339179609451121
1339179613771771
1339179618363083
1339179623077327
1339179627698113
1339179632641643
1339179636836580
1339179640989149
1339179645188201
1339179649016373
1339179652701147
1339179656935388
1339179661095007
1339179669341324
1339179674233664
1339179679609230
1339179684907058
1339179692336374
1339179700378944
1339179703969802
1339179707638507
1339179710914829
1339179713960787
1339179717261106
1339179721162143
1339179724882469
1339179728492934
1339179732650392
1339179737394282
1339179741806475
1339179745784071
1339179749810652
1339179754371572
1339179759452500
1339179764782246
1339179769947719
1339179775683328
1339179781102886
