1339187313278616
1339187317438697
1339187321434987
1339187325374885
1339187330464614
1339187337287015
1339187343111816
1339187349701047
1339187354227969
1339187358524680
1339187363089467
1339187375009593
1339187379319771
1339187388361793
1339187391768051
1339187395074028
1339187398449051
1339187402863875
1339187407536199
1339187412062827
1339187417634984
1339187422697998
1339187428289735
1339187434522200
1339187438379122
1339187442085243
1339187445871831
1339187449490260
1339187453123114
1339187456682115
1339187460500018
1339187464431230
1339187468567867
1339187472948674
1339187477456512
1339187481775053
1339187485885526
1339187489900506
1339187494197601
1339187498465663
1339187502943963
1339187507524629
1339187512151349
1339187516755973
1339187522154323
1339187529355716
1339187535100918
1339187540838785
1339187546662635
1339187552603706
1339187557675193
1339187564073707
1339187571861944
1339187579191242
1339187587664202
1339187594366807
1339187600953631
1339187605897962
1339187610117656
1339187614439340
1339187618783461
1339187622925365
1339187626744301
1339187630568647
1339187634753473
1339187638677730
1339187642632690
1339187646826136
1339187650916395
1339187654500990
1339187657995018
1339187661456046
1339187664979412
1339187668669702
1339187672313634
1339187679387749
1339187683813732
1339187688225914
1339187692357170
1339187696622204
1339187700504471
1339187704292173
1339187708130747
1339187711956081
1339187715711575
1339187719549598
1339187723850647
1339187728589023
1339187733267956
1339187737706627
1339187741637509
1339187745950704
1339187750187836
1339187753945893
1339187758011491
1339187763507382
1339187768027555
1339187772790737
1339187777856444
1339187783120819
