1339181896223264
1339181900206857
1339181904190990
1339181908346037
1339181912403256
1339181916512019
1339181920660790
1339181924392691
1339181928110060
1339181931815555
1339181936281029
1339181939624662
1339181942957627
1339181946247494
1339181950365938
1339181954132449
1339181958289107
1339181963533090
1339181968892570
1339181973694596
1339181977481692
1339181981027640
1339181984671320
1339181988467874
1339181992454013
1339181996794566
1339182002724414
1339182006071391
1339182009779131
1339182013310794
1339182017416565
1339182021627633
1339182025519231
1339182029180838
1339182032726226
1339182036333288
1339182040852485
1339182045918864
1339182050936699
1339182055795342
1339182060465154
1339182064843829
1339182069218455
1339182073673565
1339182078148295
1339182082181618
1339182086157703
1339182090727444
1339182095284241
1339182100035358
1339182105460081
1339182110150838
1339182114034768
1339182117415847
1339182120549404
1339182123792052
1339182127134134
1339182130583761
1339182133863200
1339182140769213
1339182144484375
1339182147746021
1339182151064869
1339182158599576
1339182161957458
1339182169096994
1339182172475496
1339182175739330
1339182183173464
1339182196390435
1339182200190456
1339182203556060
1339182206674720
1339182209845113
1339182213071517
1339182216391121
1339182219911166
1339182223176904
1339182226689216
1339182230513587
1339182234353971
1339182237930954
1339182241599002
1339182245025358
1339182249242523
1339182253702144
1339182258072436
1339182262470917
1339182266394914
1339182270022079
1339182273648994
1339182277139837
1339182281393493
1339182285086839
1339182288759609
1339182292818433
1339182297471708
1339182302163089
1339182307074993
1339182311979240
