1337863303927362
1337864310413261
1337865321900343
1337866333373184
1337867344987142
1337868350874117
1337869362505165
1337870370229746
1337871374339795
1337872378269844
1337873382660739
1337874387725851
1337875391461820
1337876395799918
1337877400458520
1337878405083482
1337879409046694
1337880415461151
1337881421041896
1337882427231382
1337883432966416
1337884437391759
1337885442407566
1337886449572693
1337887458522138
1337888466123954
1337889475938556
1337890489704155
1337891499239227
1337892511442800
1337893523078617
1337894534851129
1337895540933472
1337896546883241
1337897552549967
1337898562850456
1337899576345847
1337900587295302
1337901597108118
1337902606305684
1337903619423509
1337904631171996
1337905642254644
1337906652830248
1337907660084688
1337908671440333
1337909683174066
1337910695156855
1337911707376677
1337912718525581
1337913732697622
1337914742820042
1337915755770338
1337916766475598
1337917778337309
1337918789324261
1337919799525782
1337920810579461
1337921815971380
1337922826172608
1337923833753348
1337924846067761
1337925854604293
1337926860253095
1337927868475040
1337928881167242
1337929889183536
1337930901303457
1337931911715282
1337932919708163
1337933929615937
1337934942098204
1337935950282270
1337936961912099
1337937973880378
1337938983622565
1337939993864466
1337941002806107
1337942010024775
1337943014252190
1337944019220433
1337945025867163
1337946037065941
1337947050403056
1337948061747699
1337949067776386
1337950077382405
1337951089198523
1337952100619721
1337953110278878
1337954120236839
1337955125236483
1337956129137249
1337957133945796
1337958137376220
1337959141522176
1337960145032006
1337961148646113
1337962151847412
1337963156249116
