1339175517309132
1339175521055769
1339175524683588
1339175528800766
1339175532907169
1339175537267487
1339175541642157
1339175545695357
1339175549305841
1339175553039842
1339175557199446
1339175561538156
1339175566031310
1339175570075806
1339175574603673
1339175578662915
1339175583052289
1339175587315027
1339175591825447
1339175596394111
1339175600877280
1339175605637958
1339175610006970
1339175614162442
1339175618636108
1339175622813076
1339175638545652
1339175642250812
1339175645515931
1339175648993456
1339175652162951
1339175656092219
1339175659892399
1339175663655411
1339175668315822
1339175673046987
1339175677561048
1339175682312298
1339175687362446
1339175692913015
1339175698988444
1339175703166312
1339175707242057
1339175711590813
1339175716126734
1339175720320264
1339175724595002
1339175729794782
1339175735318787
1339175740554921
1339175745911493
1339175749981734
1339175753889150
1339175757795836
1339175762168381
1339175766950069
1339175771769582
1339175776653042
1339175780982964
1339175785579620
1339175790546005
1339175795962497
1339175800752920
1339175805199796
1339175809686582
1339175814315262
1339175820286355
1339175826433110
1339175830865392
1339175834740305
1339175838623791
1339175843216291
1339175848240158
1339175853121337
1339175857633645
1339175862368003
1339175866659400
1339175870923859
1339175875254573
1339175879491718
1339175884168803
1339175888822668
1339175893793990
1339175898712780
1339175904693323
1339175910336579
1339175913624958
1339175916932887
1339175920353813
1339175924066884
1339175928284621
1339175932644954
1339175936155372
1339175939389458
1339175942580946
1339175945933120
1339175949743230
1339175953473266
1339175957214729
1339175962266476
