1336954846838414
1336955855021100
1336956867341351
1336957876664774
1336958886103335
1336959893756509
1336960899925559
1336961905205836
1336962909715385
1336963913755802
1336964918048719
1336965922002454
1336966926441506
1336967931237983
1336968936917132
1336969941505777
1336970945804717
1336971957942836
1336972970099339
1336973984744678
1336974999636145
1336976007250981
1336977010917784
1336978015105458
1336979019436403
1336980023135223
1336981026393581
1336982031954322
1336983038913003
1336984046925946
1336985055610005
1336986062555291
1336987067729230
1336988075157185
1336989083026755
1336990088894695
1336991097342534
1336992107078405
1336993117367470
1336994128421578
1336995139350106
1336996149624449
1336997159438308
1336998171843420
1336999183771927
1337000196111054
1337001203908235
1337002214247778
1337003227691067
1337004240446763
1337005252021639
1337006263971221
1337007275573711
1337008289355682
1337009296282588
1337010307900007
1337011318504501
1337012332473674
1337013345529670
1337014359395283
1337015371630366
1337016382999933
1337017396773945
1337018407533793
1337019419364549
1337020430330238
1337021443318420
1337022453161006
1337023466545556
1337024481126191
1337025494957209
1337026505656299
1337027518504706
1337028529300888
1337029540641194
1337030550949553
1337031562078741
1337032574283320
1337033584598853
1337034593292764
1337035601710762
1337036610105140
1337037620736734
1337038630351056
1337039638535390
1337040645296363
1337041651845797
1337042657588403
1337043661408997
1337044669837264
1337045681197680
1337046692612985
1337047706832656
1337048717960099
1337049729100662
1337050741190922
1337051755079673
1337052768474764
1337053782045163
1337054795167069
