1339186116397201
1339186121281572
1339186125590405
1339186129079317
1339186132247532
1339186135406732
1339186138643277
1339186141941364
1339186145221842
1339186148448239
1339186152844682
1339186155875270
1339186158920932
1339186162205715
1339186165337575
1339186168521948
1339186171796645
1339186175085829
1339186178334236
1339186181543917
1339186184620051
1339186190892844
1339186202649718
1339186205867727
1339186209425962
1339186212918888
1339186216134484
1339186219757410
1339186223085432
1339186226199125
1339186229394116
1339186232632105
1339186235902797
1339186239005361
1339186242313416
1339186245603690
1339186248751069
1339186251956901
1339186255223590
1339186258413674
1339186261564097
1339186264978263
1339186268362599
1339186271476954
1339186274902533
1339186278400844
1339186281980458
1339186285448982
1339186288734450
1339186291680372
1339186294897244
1339186298249188
1339186301511073
1339186305067704
1339186308337595
1339186311615167
1339186315181176
1339186318321892
1339186321897341
1339186325990396
1339186329941082
1339186333683593
1339186337331318
1339186340967357
1339186344439185
1339186347809327
1339186351221921
1339186354628081
1339186359326202
1339186363082492
1339186367048835
1339186371173785
1339186375248736
1339186378960705
1339186382254986
1339186385630482
1339186388906970
1339186392308706
1339186395707116
1339186399348661
1339186402934173
1339186406853476
1339186410723524
1339186414439898
1339186418350806
1339186422329651
1339186426219414
1339186430076406
1339186434120825
1339186438027365
1339186441901880
1339186445736684
1339186449903563
1339186453795160
1339186457690103
1339186461787735
1339186465376524
1339186469123398
1339186473557894
1339186478677031
