1336248930250140
1336249937574772
1336250942588896
1336251950732479
1336252955835932
1336253964513604
1336254976320617
1336255982928075
1336256993186620
1336258000316100
1336259005621923
1336260011959806
1336261018392418
1336262026256074
1336263034075788
1336264043808329
1336265049314545
1336266057512065
1336267062259705
1336268070477551
1336269076628112
1336270085713765
1336271093239608
1336272100856253
1336273108030732
1336274113818650
1336275122469175
1336276127914128
1336277135312880
1336278141522903
1336279147161103
1336280154139511
1336281158018245
1336282161336945
1336283168904079
1336284174952502
1336285183391140
1336286191082829
1336287200070703
1336288210122828
1336289216159597
1336290226055317
1336291233078622
1336292244111485
1336293250736167
1336294256578731
1336295265276029
1336296273153567
1336297279406004
1336298287968839
1336299294070502
1336300302111795
1336301307459396
1336302317223065
1336303324542161
1336304332738151
1336305340603929
1336306346178922
1336307354305755
1336308359682574
1336309366818838
1336310371474072
1336311375338705
1336312379706008
1336313384357937
1336314387677021
1336315391599839
1336316395695693
1336317400803831
1336318404516489
1336319409886119
1336320416299222
1336321420503238
1336322424400525
1336323428160653
1336324433177128
1336325438621713
1336326445260793
1336327451976460
1336328460572812
1336329467216555
1336330476069541
1336331485290074
1336332495452070
1336333504307438
1336334514642033
1336335525620008
1336336537838776
1336337546560973
1336338551831618
1336339561483680
1336340572427247
1336341583761434
1336342590821754
1336343596986972
1336344602932393
1336345611590727
1336346621235488
1336347626824292
1336348640523528
