1339181482784265
1339181486883578
1339181490876840
1339181494606717
1339181498555066
1339181502901843
1339181507554684
1339181514089433
1339181518379028
1339181522892745
1339181527411229
1339181533347633
1339181537345035
1339181540668088
1339181543817856
1339181547068439
1339181550843910
1339181554697205
1339181558595094
1339181562551032
1339181566580885
1339181571571669
1339181576468832
1339181580786776
1339181584244268
1339181587644898
1339181591000348
1339181594743291
1339181598612851
1339181602234604
1339181605661127
1339181609139479
1339181612546699
1339181615938776
1339181619929472
1339181623684415
1339181627956045
1339181632036127
1339181636226801
1339181640277609
1339181645165001
1339181650636079
1339181655003309
1339181659475413
1339181663804861
1339181668111149
1339181672961204
1339181677432204
1339181681903470
1339181686300957
1339181690456501
1339181694989217
1339181699238802
1339181703045541
1339181706532096
1339181709967683
1339181713413334
1339181717086834
1339181721313827
1339181726264728
1339181730239784
1339181736655632
1339181740385807
1339181743865866
1339181747154710
1339181750484854
1339181753945132
1339181757605959
1339181761606005
1339181766070390
1339181770440665
1339181775276433
1339181779685777
1339181784172970
1339181789134024
1339181794434702
1339181799214566
1339181803950980
1339181808037321
1339181811423230
1339181814482227
1339181821145314
1339181825369407
1339181829253828
1339181833315088
1339181837505765
1339181841844777
1339181845732117
1339181849533875
1339181853362096
1339181857139574
1339181861003383
1339181864583961
1339181868898363
1339181872494692
1339181875682410
1339181879277653
1339181883267918
1339181887290039
1339181891167156
