1336249932013279
1336250939823540
1336251946394900
1336252953102008
1336253957764663
1336254968243000
1336255979474472
1336256985896916
1336257995466769
1336259002466494
1336260007447498
1336261014155238
1336262020693641
1336263029000198
1336264036678232
1336265046117186
1336266051433868
1336267060168107
1336268064423005
1336269073386773
1336270078890080
1336271088304863
1336272096677820
1336273102765471
1336274110726248
1336275116023460
1336276125396438
1336277129909402
1336278138212348
1336279143669509
1336280149368422
1336281156149729
1336282159093114
1336283162906508
1336284170983054
1336285177005758
1336286186014846
1336287194109210
1336288202648945
1336289213697580
1336290218576621
1336291229100838
1336292235963005
1336293246905849
1336294253057151
1336295258500394
1336296268783657
1336297276171999
1336298281615883
1336299290724603
1336300296327073
1336301304451523
1336302309511649
1336303319774972
1336304327212838
1336305335738444
1336306343775285
1336307348116497
1336308357136197
1336309361735358
1336310368859195
1336311372951251
1336312376811876
1336313381266316
1336314385590322
1336315389100102
1336316393128200
1336317397066368
1336318402193629
1336319406606558
1336320411980309
1336321418020573
1336322422130377
1336323425861145
1336324429779657
1336325435112998
1336326440763457
1336327447447438
1336328454750057
1336329462671070
1336330469744507
1336331478617153
1336332488749711
1336333497577853
1336334507944627
1336335518350116
1336336529160629
1336337540901322
1336338548633433
1336339554139010
1336340565294488
1336341575771250
1336342587556936
1336343592693835
1336344599403356
1336345605655723
1336346614979058
1336347623545080
1336348629992938
1336349643266906
