1339178921833444
1339178925801333
1339178929266989
1339178933526918
1339178938176182
1339178942905340
1339178947804771
1339178953004927
1339178957296103
1339178961397960
1339178965467927
1339178969625786
1339178976409362
1339178981754936
1339178986711034
1339178992452468
1339178998314650
1339179005177158
1339179010130536
1339179013881431
1339179017471555
1339179021016369
1339179024876083
1339179029044265
1339179033098456
1339179037198491
1339179041488548
1339179046149187
1339179051104594
1339179055454546
1339179059507112
1339179063705960
1339179069102973
1339179073171196
1339179077233927
1339179081720386
1339179086368279
1339179091049651
1339179095945307
1339179100484218
1339179104583039
1339179108962254
1339179112989739
1339179116638172
1339179119985783
1339179123562837
1339179126930135
1339179130351596
1339179133614151
1339179136981179
1339179140266326
1339179144868893
1339179148169034
1339179151332113
1339179154786840
1339179158056972
1339179161374757
1339179164940801
1339179168488572
1339179171781966
1339179174999817
1339179178410066
1339179181695887
1339179184846438
1339179188185973
1339179195006690
1339179198539631
1339179201838795
1339179208814004
1339179211966446
1339179215068346
1339179218688082
1339179222114405
1339179225454458
1339179228867184
1339179232243382
1339179235514826
1339179238728471
1339179242043292
1339179246925184
1339179250579476
1339179253709118
1339179257056400
1339179260358825
1339179263677720
1339179266937628
1339179270343978
1339179273928734
1339179277813152
1339179281084791
1339179284511745
1339179287847185
1339179291110806
1339179294301483
1339179297749384
1339179302440595
1339179305895497
1339179309100677
1339179315842866
1339179319206012
