1338567706960921
1338568719102517
1338569730991720
1338570740740917
1338571744206119
1338572750448981
1338573762450276
1338574773252457
1338575784753733
1338576793551665
1338577805134667
1338578817402747
1338579829246001
1338580840375613
1338581850712488
1338582863815192
1338583873687037
1338584881438401
1338585891769193
1338586899016611
1338587905007478
1338588912333433
1338589925103626
1338590936649039
1338591947995548
1338592959841087
1338593971873720
1338594983063133
1338595990254603
1338597003146116
1338598011074834
1338599019394173
1338600027559843
1338601037202578
1338602044919318
1338603052809770
1338604058538260
1338605065478791
1338606072443415
1338607079811405
1338608084757787
1338609091636255
1338610101386246
1338611110414851
1338612121063747
1338613126358556
1338614130227513
1338615134077704
1338616137726401
1338617141718820
1338618145364016
1338619148974395
1338620152816376
1338621156342942
1338622160533886
1338623163968655
1338624167903916
1338625171853527
1338626176494841
1338627180559462
1338628184615694
1338629188675669
1338630192583358
1338631196810011
1338632200106785
1338633204158463
1338634208090685
1338635212409097
1338636216094031
1338637219819444
1338638223681813
1338639227326067
1338640231361536
1338641235701884
1338642239256479
1338643243909472
1338644247418647
1338645250921730
1338646254291613
1338647258712524
1338648261866302
1338649265435934
1338650271535873
1338651278889824
1338652285237016
1338653292929785
1338654300118594
1338655304125601
1338656313787425
1338657323450889
1338658332087690
1338659338633673
1338660343228825
1338661352126306
1338662362383110
1338663366636558
1338664369490827
1338665375535940
1338666382535037
1338667386771399
