1337460693944947
1337461701562891
1337462715340741
1337463726698100
1337464738864545
1337465749160741
1337466755467890
1337467763375208
1337468771641039
1337469782484739
1337470792254336
1337471798015436
1337472802583056
1337473807544275
1337474810930356
1337475814862129
1337476823590171
1337477835824188
1337478845878912
1337479852941304
1337480861331824
1337481870488242
1337482877305719
1337483885481050
1337484893859624
1337485905594180
1337486916768002
1337487927315476
1337488938530284
1337489942981618
1337490954341607
1337491967149526
1337492978897564
1337493990635224
1337495000190487
1337496004354480
1337497008493201
1337498012701964
1337499017782317
1337500024897964
1337501028782220
1337502037568748
1337503046768587
1337504050606003
1337505055460512
1337506063745796
1337507073113495
1337508081057768
1337509091062138
1337510099361932
1337511110611294
1337512120634926
1337513130184176
1337514133644146
1337515136741035
1337516141030397
1337517147177156
1337518151127114
1337519154510982
1337520157752663
1337521160816324
1337522164645507
1337523168725878
1337524172353505
1337525176071844
1337526180219323
1337527183896554
1337528187116500
1337529190289932
1337530194573968
1337531198112043
1337532201915210
1337533205524130
1337534209190526
1337535212751965
1337536216204640
1337537220395831
1337538224047983
1337539229799957
1337540233426573
1337541237422234
1337542240677695
1337543243962488
1337544247902784
1337545252253226
1337546256542762
1337547260685258
1337548267931669
1337549273023467
1337550277541335
1337551286825044
1337552291409815
1337553298953182
1337554302985932
1337555307991018
1337556312081635
1337557315499567
1337558319679357
1337559327998371
1337560333530036
