1339186482699161
1339186486849103
1339186490834975
1339186494721923
1339186498571302
1339186502451564
1339186506430180
1339186511308430
1339186516160266
1339186521177527
1339186526293421
1339186530420527
1339186534477696
1339186538566231
1339186542496608
1339186546853348
1339186552216625
1339186557622471
1339186562848010
1339186567505999
1339186572237001
1339186578413510
1339186584610775
1339186588788647
1339186592236000
1339186595676222
1339186598991993
1339186602472689
1339186605733186
1339186609107671
1339186612547068
1339186615920663
1339186619504059
1339186623016053
1339186626716112
1339186630377169
1339186634161275
1339186638091273
1339186641885387
1339186646666614
1339186650483113
1339186654258905
1339186658070253
1339186662044769
1339186666564918
1339186670825145
1339186675280027
1339186680035094
1339186684734066
1339186689537982
1339186695361197
1339186700191845
1339186704450777
1339186708319000
1339186712087705
1339186715855440
1339186719519568
1339186722959685
1339186726390353
1339186729813513
1339186733204968
1339186736590421
1339186739958668
1339186743193192
1339186746469643
1339186749763847
1339186753146467
1339186756556378
1339186759936133
1339186763296938
1339186766589801
1339186770083119
1339186773345247
1339186777034833
1339186781398633
1339186785304718
1339186789146689
1339186793120636
1339186797111122
1339186814832332
1339186818513180
1339186821794215
1339186825371864
1339186828867489
1339186832278003
1339186835896490
1339186839610474
1339186843340004
1339186846974155
1339186850649116
1339186854293006
1339186857873604
1339186861494295
1339186865340269
1339186869650181
1339186874591879
1339186879339632
1339186884387606
1339186889662877
1339186893601429
