1338064916516753
1338065929837244
1338066942678023
1338067954492660
1338068963583065
1338069969456529
1338070981981513
1338071987318831
1338072994743330
1338074003874127
1338075011716741
1338076018492669
1338077029008864
1338078039791671
1338079052056529
1338080059357191
1338081066507750
1338082072732726
1338083080563991
1338084084929482
1338085089158643
1338086099309478
1338087109875186
1338088116263985
1338089120760038
1338090128532887
1338091133348944
1338092136685912
1338093140453085
1338094144129842
1338095147807049
1338096151664343
1338097155340269
1338098159584557
1338099163310232
1338100167726243
1338101171130162
1338102174742294
1338103178838079
1338104182883641
1338105186519981
1338106190126054
1338107194353339
1338108199336614
1338109202937714
1338110206796001
1338111210582848
1338112214297952
1338113218447503
1338114222317855
1338115226776121
1338116233948184
1338117240190195
1338118248755790
1338119253311169
1338120256632447
1338121260532319
1338122264860082
1338123275632870
1338124279995025
1338125288214475
1338126292242222
1338127299036743
1338128304420457
1338129315405754
1338130324035824
1338131333048581
1338132342571410
1338133350871835
1338134360436067
1338135368474354
1338136372457958
1338137376709796
1338138380668631
1338139385943410
1338140390967629
1338141395663173
1338142402166631
1338143408475212
1338144415840854
1338145423695128
1338146428769031
1338147436424740
1338148443748919
1338149452126795
1338150457041746
1338151466035028
1338152475199677
1338153486536808
1338154495924284
1338155503336429
1338156512835733
1338157523750780
1338158535118214
1338159546180490
1338160559039725
1338161573097093
1338162584504127
1338163591772760
1338164600615294
