1339174723323235
1339174727692895
1339174731510906
1339174736567500
1339174740763965
1339174744982492
1339174749220753
1339174753813734
1339174758328503
1339174763112163
1339174767539190
1339174770974514
1339174774418896
1339174778046664
1339174781534888
1339174785026873
1339174788588856
1339174793140579
1339174798077458
1339174802922891
1339174806603606
1339174810536362
1339174814264331
1339174821474501
1339174825843261
1339174831234509
1339174836053221
1339174839778117
1339174843495591
1339174847416510
1339174852344231
1339174856848294
1339174861594435
1339174866193950
1339174870597451
1339174875080887
1339174879999203
1339174884894919
1339174890027326
1339174894920038
1339174900227623
1339174904337616
1339174907640992
1339174910973916
1339174914274685
1339174917591155
1339174921008631
1339174924490380
1339174928335256
1339174932471219
1339174936566756
1339174940792617
1339174944909259
1339174949169503
1339174953946513
1339174958538440
1339174961635797
1339174964978890
1339174968125320
1339174971292922
1339174974877500
1339174978474305
1339174982021866
1339174985745622
1339174989555724
1339174993653854
1339174997498821
1339175003810466
1339175007682625
1339175011724867
1339175015881101
1339175020716438
1339175025141120
1339175029375672
1339175032818488
1339175036381341
1339175039757948
1339175043368667
1339175046787820
1339175050754565
1339175054966177
1339175059087187
1339175063440709
1339175067822427
1339175072559828
1339175076660438
1339175080511216
1339175084418548
1339175088135168
1339175092071970
1339175095661326
1339175099663031
1339175103847064
1339175107935549
1339175112339664
1339175116601983
1339175120766457
1339175124098848
1339175128395975
1339175131454923
