1336753043460376
1336754054068242
1336755062069230
1336756071751521
1336757080772619
1336758087155039
1336759093536923
1336760097976120
1336761101777302
1336762112450483
1336763124191815
1336764131905722
1336765143119771
1336766155881493
1336767167538526
1336768179398374
1336769184823006
1336770192426771
1336771202409694
1336772209646179
1336773219395478
1336774232436657
1336775246720300
1336776258964674
1336777269702086
1336778282253237
1336779293873980
1336780300463086
1336781311112104
1336782319076181
1336783326996860
1336784336274784
1336785341290965
1336786348091781
1336787353749969
1336788362858409
1336789367768841
1336790372143138
1336791376548908
1336792380836158
1336793385027528
1336794388506807
1336795392611496
1336796396867340
1336797401307813
1336798407237491
1336799413951424
1336800418673113
1336801423559080
1336802427790943
1336803435747958
1336804443264648
1336805449156451
1336806453895261
1336807462323567
1336808471761600
1336809483611483
1336810490803460
1336811502712117
1336812512789261
1336813518838148
1336814530584688
1336815541938500
1336816554155499
1336817566990224
1336818578975342
1336819590302566
1336820601067685
1336821605635716
1336822615038702
1336823626269470
1336824637988854
1336825642430163
1336826649432611
1336827653870295
1336828665855827
1336829670307297
1336830680492730
1336831687811581
1336832699803357
1336833708612477
1336834721948242
1336835732205970
1336836746352731
1336837756184730
1336838763541751
1336839770538805
1336840779945156
1336841792210223
1336842802872108
1336843809745993
1336844816866311
1336845825001523
1336846834844167
1336847844428894
1336848854250923
1336849863247296
1336850868918942
1336851874932717
1336852879570185
