1339181064804823
1339181068621719
1339181073039767
1339181077558939
1339181081789455
1339181086188036
1339181090425555
1339181094838571
1339181099568012
1339181103012430
1339181106426901
1339181109842611
1339181113282541
1339181116829994
1339181120654504
1339181128736243
1339181131995162
1339181135248145
1339181138565650
1339181141775639
1339181144974143
1339181148094286
1339181155350305
1339181158659768
1339181161869405
1339181169174494
1339181172612080
1339181175704101
1339181182890647
1339181186149169
1339181189370202
1339181192538686
1339181195897203
1339181199082695
1339181202442442
1339181210174224
1339181213336613
1339181216769324
1339181220179214
1339181223681505
1339181226870682
1339181230271009
1339181237233159
1339181240838733
1339181244017365
1339181247540307
1339181250757002
1339181254028532
1339181257355924
1339181260630489
1339181264042617
1339181267772725
1339181271096645
1339181278422030
1339181282228926
1339181285768655
1339181291984737
1339181296042344
1339181300970852
1339181306521990
1339181310177042
1339181313894274
1339181317537838
1339181321145986
1339181325170763
1339181329206591
1339181333260757
1339181337646210
1339181342800802
1339181347402092
1339181352077169
1339181356817971
1339181362152965
1339181367142504
1339181370885722
1339181374148494
1339181377509004
1339181383859744
1339181387681643
1339181391759110
1339181395813340
1339181399905725
1339181403754765
1339181407624251
1339181413909717
1339181418579497
1339181422343506
1339181426383230
1339181430256714
1339181434715996
1339181438883157
1339181443294687
1339181447424528
1339181451764954
1339181455982149
1339181460559203
1339181464854945
1339181468749946
1339181472498956
1339181476931449
