1339181484547445
1339181488451716
1339181492421990
1339181496115185
1339181500143559
1339181504709349
1339181509666696
1339181515726664
1339181520240773
1339181524697295
1339181529771849
1339181535330539
1339181538623212
1339181541918018
1339181545017458
1339181548561856
1339181552400318
1339181556208737
1339181560156275
1339181564130925
1339181568521296
1339181573628679
1339181578486860
1339181582199559
1339181585597477
1339181588911871
1339181592558803
1339181596364598
1339181600076275
1339181603588069
1339181606985548
1339181610490474
1339181613858545
1339181617710408
1339181621446761
1339181625459782
1339181629573078
1339181633730188
1339181637744490
1339181642130101
1339181647082355
1339181652339338
1339181656818207
1339181661199746
1339181665542371
1339181670070957
1339181674663750
1339181679200579
1339181683527118
1339181687979033
1339181692050094
1339181696874277
1339181700718722
1339181704434604
1339181707903916
1339181711296806
1339181714821441
1339181718819277
1339181723871130
1339181727728256
1339181734499050
1339181738228617
1339181741755567
1339181745200423
1339181748563222
1339181751815355
1339181755337105
1339181759083847
1339181763279615
1339181767813629
1339181772416821
1339181777146127
1339181781426386
1339181786045786
1339181791108960
1339181796297156
1339181801070612
1339181805844020
1339181809498951
1339181812666895
1339181815677425
1339181822880922
1339181826866639
1339181830724290
1339181834835754
1339181839234733
1339181843395893
1339181847239830
1339181851034044
1339181854853675
1339181858741659
1339181862418027
1339181866060674
1339181870480201
1339181873835952
1339181877223249
1339181880755035
1339181884881757
1339181888920651
1339181892987733
