1339186484108486
1339186488262673
1339186492164195
1339186496108391
1339186499838612
1339186503657497
1339186507986869
1339186512999019
1339186517827424
1339186522830086
1339186527731397
1339186531825879
1339186535869826
1339186539935878
1339186543853103
1339186548807199
1339186554125498
1339186559467029
1339186564491229
1339186569069829
1339186574349661
1339186580514804
1339186586523518
1339186589972198
1339186593421567
1339186596866417
1339186600116892
1339186603598417
1339186606849443
1339186610341356
1339186613693566
1339186617256312
1339186620687924
1339186624270245
1339186627932888
1339186631701881
1339186635521239
1339186639351823
1339186643459284
1339186648075211
1339186651789045
1339186655521332
1339186659387535
1339186663526516
1339186668137971
1339186672317289
1339186676880570
1339186681645120
1339186686362835
1339186691497946
1339186697275370
1339186701749368
1339186705790703
1339186709609346
1339186713386187
1339186717159322
1339186720703223
1339186724134532
1339186727561751
1339186730981349
1339186734365773
1339186737761386
1339186741080488
1339186744320175
1339186747598922
1339186750928374
1339186754308001
1339186757720521
1339186761108485
1339186764443884
1339186767726931
1339186771208424
1339186774596002
1339186778588842
1339186782695205
1339186786598138
1339186790436036
1339186794446378
1339186798311408
1339186816245370
1339186819695464
1339186822891632
1339186826514194
1339186830038799
1339186833520338
1339186837242102
1339186840929266
1339186844627517
1339186848294808
1339186851918912
1339186855536038
1339186859203368
1339186862709670
1339186866677692
1339186871323340
1339186876212463
1339186881188977
1339186886493631
1339186891065097
1339186894917257
