1339184857188330
1339184861321067
1339184865375175
1339184870134073
1339184876214068
1339184882161262
1339184887883266
1339184893606632
1339184897852795
1339184902019189
1339184906059793
1339184909882291
1339184913796783
1339184917690416
1339184921706395
1339184927224548
1339184933399364
1339184939183028
1339184944529484
1339184949561040
1339184953667661
1339184957700693
1339184961542016
1339184965181010
1339184968811974
1339184972428581
1339184976033879
1339184979673183
1339184983317692
1339184987137633
1339184991156117
1339184995141914
1339184999009773
1339185004028556
1339185007951994
1339185012186212
1339185016875301
1339185022297976
1339185027277589
1339185032021948
1339185036425061
1339185041072223
1339185045930708
1339185051947394
1339185056728511
1339185060750942
1339185064931956
1339185068832375
1339185072855749
1339185076744851
1339185080812193
1339185084831747
1339185089788845
1339185094381302
1339185098285000
1339185102435963
1339185107428308
1339185112298597
1339185117194455
1339185122262258
1339185127116124
1339185130777230
1339185134054446
1339185137414474
1339185140678421
1339185144157262
1339185147523654
1339185150725216
1339185154290423
1339185157652996
1339185160950216
1339185163988529
1339185167483422
1339185170862470
1339185174080001
1339185177498656
1339185180954574
1339185184440682
1339185187551147
1339185190724357
1339185194029235
1339185197117015
1339185200427124
1339185203734262
1339185206893515
1339185210181540
1339185213587921
1339185217105028
1339185221167031
1339185224426626
1339185227612198
1339185231073420
1339185234382372
1339185237715765
1339185241132606
1339185244363399
1339185247739377
1339185251115707
1339185254319870
1339185257561754
