1336149185626284
1336150194370272
1336151201953898
1336152208409276
1336153219670971
1336154228883828
1336155236545008
1336156247919114
1336157260964680
1336158270651644
1336159274848518
1336160280671306
1336161289876708
1336162298753961
1336163309965147
1336164313805599
1336165319979032
1336166328357986
1336167337733135
1336168343883832
1336169351471248
1336170356226013
1336171363983065
1336172369643107
1336173373474058
1336174376945769
1336175381130086
1336176385591919
1336177389712672
1336178394677500
1336179399557663
1336180403142770
1336181407641392
1336182413064296
1336183419992467
1336184428516684
1336185435728894
1336186441989195
1336187447850431
1336188451635823
1336189456131630
1336190466893573
1336191475903820
1336192486738960
1336193496795916
1336194508988150
1336195518807819
1336196525627821
1336197537928788
1336198542883666
1336199547950769
1336200553378171
1336201560939815
1336202565294766
1336203575732061
1336204582370252
1336205591452558
1336206598409921
1336207608054615
1336208617065204
1336209622838939
1336210630804940
1336211635333263
1336212645811973
1336213651704155
1336214661094083
1336215668518997
1336216675545667
1336217685363653
1336218690113076
1336219700579383
1336220704706761
1336221714897893
1336222725202612
1336223729346057
1336224735085318
1336225739185942
1336226749347026
1336227755655525
1336228761639216
1336229768730858
1336230777810645
1336231783844940
1336232791441015
1336233800645735
1336234806522219
1336235817078590
1336236827463612
1336237836419136
1336238846936220
1336239855000737
1336240859596702
1336241870647102
1336242877761109
1336243887514793
1336244893297232
1336245902599604
1336246912227371
1336247916535080
1336248923134710
