1339179786166559
1339179790666278
1339179795442981
1339179800327816
1339179804977711
1339179809109356
1339179813609639
1339179818350249
1339179823155619
1339179828155667
1339179833069459
1339179837111725
1339179840945166
1339179844773442
1339179848978709
1339179853756363
1339179858594068
1339179863898590
1339179868221382
1339179872247664
1339179876426401
1339179881314913
1339179886015391
1339179890889608
1339179896539639
1339179901980870
1339179906046460
1339179910104291
1339179914337701
1339179918959839
1339179923358110
1339179927778888
1339179932370983
1339179937223916
1339179940996456
1339179944634267
1339179948331265
1339179951884544
1339179955357666
1339179958904458
1339179961851020
1339179965171694
1339179968893251
1339179972716640
1339179977092322
1339179981416426
1339179985672145
1339179990092411
1339179994328205
1339179998690774
1339180005123499
1339180009310918
1339180013025401
1339180016970755
1339180020553308
1339180024624844
1339180028724737
1339180032625301
1339180036654862
1339180041351078
1339180045905484
1339180049851332
1339180053530443
1339180057476150
1339180061169187
1339180064751643
1339180068634915
1339180072761924
1339180077434218
1339180081893833
1339180086685196
1339180091868211
1339180096605718
1339180100230259
1339180103952289
1339180108009959
1339180112872368
1339180120487849
1339180124476426
1339180127668427
1339180131151140
1339180134670229
1339180137892389
1339180140998756
1339180144421690
1339180147624883
1339180150761018
1339180154100538
1339180159368709
1339180162508387
1339180165891384
1339180171066264
1339180174375196
1339180177547804
1339180180681703
1339180192107772
1339180195819192
1339180199500058
1339180203113641
1339180206504146
