1338769142032250
1338770145659364
1338771150396866
1338772154523385
1338773158477837
1338774162151115
1338775164946452
1338776168086329
1338777171754156
1338778175848055
1338779178974198
1338780181863544
1338781184924556
1338782188397111
1338783191760422
1338784195398587
1338785199736955
1338786203431902
1338787206445950
1338788210037925
1338789213826873
1338790217534862
1338791221363854
1338792225679587
1338793229728786
1338794235561745
1338795244474937
1338796253010951
1338797258182695
1338798262366914
1338799269914656
1338800277931434
1338801284476631
1338802289243631
1338803296385186
1338804303867012
1338805313229837
1338806322932459
1338807335003626
1338808341448439
1338809348509738
1338810356717799
1338811364913563
1338812369582895
1338813373729861
1338814378108199
1338815383110050
1338816387442412
1338817391439937
1338818396518887
1338819400501303
1338820404852556
1338821408774940
1338822412870034
1338823416401868
1338824420516731
1338825426494414
1338826431753453
1338827438039753
1338828444937473
1338829451568519
1338830459541734
1338831470509944
1338832478700019
1338833485921455
1338834492726280
1338835501939103
1338836510474052
1338837516573637
1338838525058485
1338839530307291
1338840537693011
1338841547824929
1338842559498340
1338843569242746
1338844577931384
1338845590779407
1338846601976157
1338847609712612
1338848615124990
1338849624957119
1338850633879081
1338851640202364
1338852649884238
1338853663189551
1338854677963350
1338855688934548
1338856699050421
1338857704660425
1338858715628318
1338859723109192
1338860731843310
1338861743039584
1338862753682014
1338863764696782
1338864776233703
1338865785329189
1338866794158183
1338867801057718
1338868814059572
