1339187788719369
1339187794256357
1339187800726418
1339187807654578
1339187812681868
1339187825545883
1339187830655777
1339187834347052
1339187837837638
1339187841037277
1339187844491265
1339187848017963
1339187851735964
1339187855661578
1339187859525775
1339187862977615
1339187867634393
1339187872980724
1339187878358523
1339187882910851
1339187887556470
1339187892238374
1339187897320764
1339187902044823
1339187909329887
1339187914609774
1339187919292867
1339187924452615
1339187929403913
1339187933590308
1339187937782471
1339187942282093
1339187946915079
1339187951718775
1339187957466495
1339187963499329
1339187969586440
1339187976438627
1339187983211163
1339187990379835
1339187996012517
1339188002548558
1339188012553638
1339188016616709
1339188020292593
1339188023913192
1339188027502031
1339188030906133
1339188034383632
1339188038172030
1339188041908034
1339188045659355
1339188049298379
1339188052870957
1339188056381964
1339188059866710
1339188063338178
1339188066799908
1339188070506384
1339188074071263
1339188077794286
1339188082182545
1339188086523120
1339188091621710
1339188096331866
1339188101464191
1339188107009539
1339188112954049
1339188118120718
1339188122182407
1339188125653249
1339188128974222
1339188132244111
1339188135632171
1339188138857842
1339188142581341
1339188145867305
1339188149323044
1339188152690584
1339188156045139
1339188159133170
1339188162338590
1339188165802296
1339188169187117
1339188172581006
1339188175800431
1339188179204878
1339188182377284
1339188185665092
1339188190123004
1339188205246857
1339188210233568
1339188213422380
1339188216762384
1339188220009405
1339188223433797
1339188226718871
1339188230036580
1339188233656485
1339188236909402
