1339178499893661
1339178503525486
1339178507283153
1339178510989009
1339178515166887
1339178519490180
1339178523947535
1339178529282963
1339178533276053
1339178538245239
1339178543263582
1339178547537420
1339178551547117
1339178555721960
1339178559330598
1339178562741351
1339178566370444
1339178570167894
1339178574005126
1339178578068828
1339178581732281
1339178585303605
1339178588718420
1339178592146791
1339178595794391
1339178599551282
1339178603196863
1339178606844309
1339178610908323
1339178614916293
1339178619103504
1339178623918747
1339178629149360
1339178632855786
1339178636173239
1339178639414596
1339178642450585
1339178645500307
1339178648876032
1339178653055260
1339178657229301
1339178661088206
1339178665365350
1339178669664548
1339178676252349
1339178684417983
1339178689963644
1339178693170879
1339178696634480
1339178700156134
1339178704149831
1339178708023901
1339178712422121
1339178716990767
1339178721935262
1339178727214212
1339178732465826
1339178735792352
1339178738942317
1339178742553836
1339178745837936
1339178750138595
1339178754478199
1339178758957674
1339178763672316
1339178768601280
1339178773288894
1339178777336373
1339178781386016
1339178785768343
1339178791081189
1339178797669568
1339178802362514
1339178806772858
1339178811384716
1339178815800956
1339178820664789
1339178825583316
1339178830786051
1339178835734331
1339178840674905
1339178845801185
1339178849648009
1339178853213443
1339178856552074
1339178861313433
1339178866396604
1339178870681896
1339178875311711
1339178879808361
1339178884138525
1339178887761326
1339178891497726
1339178895390960
1339178899004995
1339178903332673
1339178907442778
1339178910653035
1339178913695050
1339178916751136
