1339179321751308
1339179328413618
1339179331834299
1339179335100075
1339179342223149
1339179345605488
1339179349135956
1339179352655153
1339179355882371
1339179359878518
1339179363846336
1339179375440795
1339179390472873
1339179397367795
1339179400701247
1339179403928864
1339179410696120
1339179414004493
1339179417829267
1339179421461018
1339179424924863
1339179428065112
1339179431252172
1339179434691384
1339179438196451
1339179441468651
1339179444706031
1339179448012697
1339179451496537
1339179455388181
1339179459466791
1339179463418089
1339179467332903
1339179470943482
1339179474650567
1339179478467974
1339179482499279
1339179486531670
1339179493261723
1339179497411619
1339179501712197
1339179506089768
1339179511241790
1339179516254369
1339179521006610
1339179525611720
1339179530225715
1339179535151916
1339179539461277
1339179543384739
1339179548023630
1339179552259987
1339179556565107
1339179561054851
1339179566449774
1339179572546838
1339179577626672
1339179582393515
1339179587385435
1339179592369174
1339179597406434
1339179602327048
1339179607384616
1339179612098784
1339179616542466
1339179621318367
1339179625922198
1339179630921156
1339179635146704
1339179639344700
1339179643502051
1339179647499399
1339179651249463
1339179655273664
1339179659517636
1339179667305061
1339179672183763
1339179677520964
1339179682755231
1339179688833980
1339179698847984
1339179702638955
1339179706158632
1339179709568985
1339179712804427
1339179715768320
1339179719576219
1339179723366608
1339179726977864
1339179730825241
1339179735436710
1339179740135880
1339179744206992
1339179748216955
1339179752380177
1339179757450215
1339179762588238
1339179767759173
1339179773442618
1339179779308288
