1337661027273922
1337662033707580
1337663036645523
1337664040339952
1337665045058757
1337666053093807
1337667063448548
1337668071840710
1337669076164683
1337670082775823
1337671088230180
1337672094982355
1337673104099109
1337674113692367
1337675117837153
1337676120868081
1337677125311223
1337678128741732
1337679132327652
1337680136423737
1337681140726998
1337682144424581
1337683147986786
1337684150973311
1337685154497231
1337686157589499
1337687160827502
1337688164840395
1337689167879915
1337690170824778
1337691174568164
1337692177971108
1337693181962715
1337694185752020
1337695189806274
1337696193489114
1337697196513531
1337698200456987
1337699204147890
1337700207922649
1337701215229600
1337702222526627
1337703226596286
1337704230207123
1337705233433826
1337706236538215
1337707239587880
1337708246894153
1337709251439200
1337710254664183
1337711258168240
1337712261549763
1337713265394193
1337714270381308
1337715274986958
1337716280842592
1337717286305094
1337718290868456
1337719294725258
1337720298826047
1337721302358481
1337722309873583
1337723315097363
1337724319240908
1337725324250727
1337726330959294
1337727336329500
1337728341207935
1337729348842464
1337730354705857
1337731363745199
1337732369111517
1337733373027704
1337734376616001
1337735380812190
1337736384252631
1337737387751183
1337738392159736
1337739396026582
1337740400948771
1337741405364226
1337742410294363
1337743415532301
1337744418433368
1337745423686560
1337746429799715
1337747436055860
1337748444176084
1337749450895959
1337750456210895
1337751461039033
1337752465596283
1337753469173766
1337754472620963
1337755476133257
1337756479689690
1337757483471671
1337758488886920
1337759493470422
1337760498637914
