1338668391184321
1338669395889861
1338670400521170
1338671406350486
1338672411705407
1338673417179363
1338674422961506
1338675428504803
1338676434517990
1338677441565602
1338678449798944
1338679459149830
1338680466383038
1338681472593789
1338682482354835
1338683490858171
1338684497252256
1338685503264633
1338686512765580
1338687525409064
1338688536782524
1338689550183509
1338690560559656
1338691572053445
1338692583512517
1338693592719886
1338694598394835
1338695608854085
1338696620925860
1338697631420567
1338698641517429
1338699645598342
1338700652284607
1338701657460963
1338702665058941
1338703671650255
1338704678087935
1338705685557703
1338706692556255
1338707698751972
1338708706363860
1338709710565003
1338710722664821
1338711729045973
1338712739166914
1338713747931580
1338714753229381
1338715760248819
1338716766797436
1338717774768253
1338718786696344
1338719797813672
1338720808724008
1338721821091836
1338722832321436
1338723844400434
1338724852025148
1338725859089995
1338726868390512
1338727877660442
1338728887260961
1338729892949300
1338730897992081
1338731906467262
1338732911724109
1338733918603715
1338734924924548
1338735932776776
1338736942825042
1338737951090534
1338738957064048
1338739963593592
1338740969983381
1338741974358049
1338742978371352
1338743986511303
1338744994142939
1338746002650556
1338747007302856
1338748011008188
1338749015005022
1338750019087106
1338751023211029
1338752027428458
1338753031307686
1338754037537526
1338755046998287
1338756057630670
1338757066651871
1338758076644077
1338759085154533
1338760092373817
1338761099014210
1338762107801178
1338763114444283
1338764120682105
1338765126782019
1338766130581378
1338767134642463
1338768137971707
