1339178500065900
1339178503694287
1339178507453491
1339178511188782
1339178515380117
1339178519715946
1339178524182718
1339178529471345
1339178533452498
1339178538505797
1339178543461897
1339178547715207
1339178551754466
1339178555912939
1339178559492697
1339178562904973
1339178566535781
1339178570354226
1339178574191492
1339178578262468
1339178581885598
1339178585473032
1339178588879559
1339178592315981
1339178595953777
1339178599721676
1339178603369435
1339178607031378
1339178611103988
1339178615122933
1339178619317744
1339178624158681
1339178629373425
1339178633027859
1339178636359576
1339178639571913
1339178642592541
1339178645645892
1339178649066813
1339178653252666
1339178657420296
1339178661271491
1339178665586454
1339178669868329
1339178676713881
1339178684624003
1339178690162225
1339178693325227
1339178696814053
1339178700342311
1339178704337047
1339178708218192
1339178712640438
1339178717213315
1339178722151427
1339178727497941
1339178732646097
1339178735938833
1339178739107500
1339178742702980
1339178745986039
1339178750361738
1339178754684658
1339178759185436
1339178763902832
1339178768856297
1339178773474576
1339178777526092
1339178781560221
1339178786014823
1339178791336679
1339178797895939
1339178802572057
1339178806980710
1339178811596173
1339178816009310
1339178820895727
1339178825842616
1339178831018244
1339178835955378
1339178840931661
1339178846021607
1339178849831403
1339178853364027
1339178856759532
1339178861577482
1339178866603021
1339178870871958
1339178875558367
1339178880013370
1339178884314779
1339178887937685
1339178891663150
1339178895550180
1339178899188452
1339178903557074
1339178907585169
1339178910786491
1339178913835277
1339178916897879
