1336955850334188
1336956858809468
1336957870615711
1336958880760545
1336959889279318
1336960896235123
1336961902522307
1336962907052544
1336963911534640
1336964915637474
1336965919644087
1336966923770529
1336967928693554
1336968933249080
1336969939105940
1336970943189895
1336971948883250
1336972961228090
1336973974849552
1336974990596666
1336976003346358
1336977009092684
1336978012374608
1336979016532174
1336980021043983
1336981024641535
1336982028103021
1336983034589672
1336984041747723
1336985050203210
1336986059072419
1336987064585098
1336988070530407
1336989078453767
1336990086143307
1336991091343593
1336992101215516
1336993111537830
1336994121120821
1336995133060879
1336996143152505
1336997153978823
1336998163839222
1336999176032513
1337000187890474
1337001199349201
1337002207533738
1337003218399857
1337004231086517
1337005244032183
1337006256957306
1337007268460947
1337008280388834
1337009292143146
1337010299518512
1337011311842526
1337012323456467
1337013336339767
1337014350788928
1337015363108851
1337016375515604
1337017387037577
1337018400971047
1337019411536571
1337020423381009
1337021434590135
1337022445763921
1337023458290592
1337024472135544
1337025485579956
1337026498187498
1337027510794794
1337028521592699
1337029533900683
1337030545084131
1337031554916658
1337032566818416
1337033578546257
1337034588425298
1337035596559414
1337036605211738
1337037614204783
1337038624519117
1337039633942723
1337040642064927
1337041647647052
1337042655219937
1337043659196164
1337044663999847
1337045673563920
1337046685058586
1337047697916228
1337048711527987
1337049721229528
1337050733086631
1337051745694339
1337052759623026
1337053773155650
1337054785981845
1337055799541707
