1335946701949973
1335947707497554
1335948712226560
1335949716483093
1335950723819958
1335951729701994
1335952734866375
1335953743362926
1335954749199278
1335955759990902
1335956768468395
1335957779315980
1335958788355393
1335959794084322
1335960802315220
1335961808515967
1335962816885256
1335963824685198
1335964836885605
1335965841747324
1335966850830352
1335967859212418
1335968865473100
1335969872249160
1335970878794304
1335971885151730
1335972890882713
1335973895471149
1335974900572450
1335975905443050
1335976913143590
1335977919611701
1335978929278507
1335979939054834
1335980946447192
1335981957336663
1335982968553737
1335983982559375
1335984993987079
1335986004077937
1335987010195084
1335988015488612
1335989023519531
1335990034180072
1335991041592444
1335992053190611
1335993065325330
1335994074921887
1335995087098092
1335996099331510
1335997110203748
1335998120153866
1335999124819301
1336000131366526
1336001141900403
1336002150665067
1336003158600120
1336004163298278
1336005167916772
1336006171153991
1336007182318916
1336008192326716
1336009201153199
1336010213006687
1336011219738072
1336012226494321
1336013231442082
1336014237553572
1336015243918023
1336016249198495
1336017257398034
1336018264436916
1336019270316802
1336020276511812
1336021285330616
1336022292623295
1336023303077368
1336024314220238
1336025320669315
1336026327169692
1336027332397967
1336028339294305
1336029348579042
1336030361050596
1336031370826547
1336032376134523
1336033381095983
1336034385366222
1336035388884615
1336036393127178
1336037396796939
1336038401962057
1336039406832416
1336040412716403
1336041418455508
1336042425704340
1336043432348490
1336044440521199
1336045450895615
1336046457651783
