1339173818150713
1339173822384997
1339173826871451
1339173831584413
1339173836901744
1339173843034687
1339173847222282
1339173856218198
1339173861678322
1339173866176400
1339173870559789
1339173875023756
1339173879419490
1339173884352453
1339173889965950
1339173895372240
1339173901000384
1339173905325144
1339173908591837
1339173911989186
1339173915407505
1339173919085136
1339173922881469
1339173927099885
1339173931259547
1339173935512166
1339173940168953
1339173944750724
1339173949098710
1339173953482616
1339173957887997
1339173962193793
1339173966506870
1339173970556129
1339173974880785
1339173978907055
1339173982961839
1339173986803215
1339173990680474
1339173995198283
1339173999631853
1339174005835048
1339174009949079
1339174014169100
1339174020014546
1339174024624787
1339174034223900
1339174039553931
1339174050311277
1339174054305612
1339174062071237
1339174066195224
1339174069553907
1339174078334143
1339174083416574
1339174087281987
1339174091078282
1339174095564787
1339174100149626
1339174103702616
1339174107578226
1339174111334476
1339174117895035
1339174122575798
1339174126124588
1339174133037286
1339174136363469
1339174139621934
1339174143835738
1339174147089972
1339174150255372
1339174153467074
1339174156904335
1339174160714949
1339174163995916
1339174167227431
1339174170457129
1339174173867564
1339174177955927
1339174188992222
1339174192477683
1339174195898306
1339174203019788
1339174206284479
1339174209505088
1339174215127245
1339174218529694
1339174221676903
1339174228705128
1339174231860940
1339174234918244
1339174241847493
1339174245259465
1339174248483665
1339174255535298
1339174259593976
1339174262901105
1339174266118965
1339174269439247
1339174272730267
