1339186899276463
1339186903125537
1339186907607247
1339186911519469
1339186915422501
1339186919279218
1339186923018542
1339186926849703
1339186930842005
1339186934935188
1339186939245684
1339186943366074
1339186947372330
1339186951396499
1339186955235477
1339186959168062
1339186962953017
1339186967214205
1339186972066237
1339186975852891
1339186979373493
1339186983251186
1339186987335373
1339186991229250
1339186995654329
1339186999861483
1339187005946596
1339187011090785
1339187016194112
1339187021976532
1339187028246091
1339187035094426
1339187041487481
1339187046169800
1339187050861416
1339187056021159
1339187064628354
1339187071800450
1339187077992354
1339187082941312
1339187088050317
1339187094071437
1339187100736283
1339187106327252
1339187111081912
1339187115754262
1339187120778031
1339187125505421
1339187128842304
1339187132311951
1339187135845280
1339187138990964
1339187142443143
1339187145775091
1339187149041929
1339187152251477
1339187155488249
1339187158658710
1339187161831884
1339187165133088
1339187168453417
1339187171780026
1339187175300956
1339187178797153
1339187182042941
1339187185343746
1339187188683871
1339187191901975
1339187195135632
1339187198511347
1339187201670417
1339187204837151
1339187208161014
1339187211339269
1339187214679428
1339187218108450
1339187221270619
1339187224570698
1339187227851953
1339187231004762
1339187234291301
1339187237738047
1339187241109039
1339187244340910
1339187247523778
1339187250689398
1339187254048062
1339187257359203
1339187260733188
1339187264326205
1339187267838564
1339187271793376
1339187275632926
1339187280384214
1339187285273116
1339187290323575
1339187295354663
1339187300271830
1339187304353676
1339187308457800
