1339182320772143
1339182326040155
1339182331419147
1339182336938136
1339182340322388
1339182343470059
1339182346802806
1339182351309287
1339182354966816
1339182358823094
1339182362721998
1339182366241439
1339182373309807
1339182376428625
1339182379940718
1339182388321042
1339182391873820
1339182395505992
1339182399086855
1339182402407236
1339182406184810
1339182409891615
1339182413831048
1339182417937670
1339182422259601
1339182426569593
1339182431932743
1339182436867174
1339182441634422
1339182446180968
1339182451700927
1339182456749548
1339182461746011
1339182466900888
1339182470280355
1339182473739145
1339182477105911
1339182481068742
1339182484509474
1339182487976353
1339182493842935
1339182497267387
1339182500869368
1339182505405944
1339182510088445
1339182515054588
1339182519656238
1339182523717540
1339182528172731
1339182531910068
1339182535547313
1339182539042365
1339182542369331
1339182545839770
1339182550657172
1339182555288378
1339182559653398
1339182563754138
1339182567816978
1339182573109440
1339182577965162
1339182582707734
1339182587481845
1339182592140033
1339182597749071
1339182603789397
1339182609027728
1339182613433279
1339182617131040
1339182620638427
1339182624060982
1339182628161810
1339182633326412
1339182637918886
1339182642421676
1339182646909225
1339182651856688
1339182656737254
1339182661980194
1339182667407423
1339182672084907
1339182676994532
1339182681866353
1339182686171456
1339182690408590
1339182694898956
1339182699455720
1339182703973801
1339182707620027
1339182711015829
1339182714014487
1339182717367622
1339182720750728
1339182724366490
1339182728244688
1339182732032053
1339182735926822
1339182741295340
1339182748948691
1339182754350033
