1339172672349034
1339172677001452
1339172681566648
1339172685946774
1339172690231197
1339172694319916
1339172698714103
1339172702806198
1339172707081188
1339172711516413
1339172716403661
1339172721269094
1339172726338888
1339172731066682
1339172734296722
1339172737616880
1339172740988243
1339172744489065
1339172748956858
1339172753379835
1339172757926132
1339172762542080
1339172767189192
1339172771985972
1339172776622872
1339172781238977
1339172785806697
1339172790209098
1339172795264347
1339172799178662
1339172802615049
1339172805975112
1339172812803584
1339172816182655
1339172819479842
1339172822980814
1339172826230479
1339172829521340
1339172832852328
1339172839314420
1339172842883526
1339172846117105
1339172849468198
1339172852824748
1339172856137553
1339172859476448
1339172862703704
1339172866013190
1339172869340917
1339172872637175
1339172875859639
1339172879156704
1339172882387241
1339172885737539
1339172889030435
1339172892455552
1339172895519463
1339172898446998
1339172901450230
1339172904625098
1339172907975746
1339172911621204
1339172915083069
1339172918802064
1339172922018965
1339172925374013
1339172928731119
1339172931851335
1339172934985473
1339172938486509
1339172942007853
1339172945509786
1339172948887831
1339172952064025
1339172955432223
1339172958633512
1339172962132383
1339172965937524
1339172969196478
1339172972470227
1339172975829947
1339172979146741
1339172982528432
1339172986035263
1339172989418660
1339172992759134
1339172996139093
1339172999281841
1339173004967894
1339173008381751
1339173011787714
1339173017427346
1339173020845771
1339173024113315
1339173027777881
1339173031136218
1339173034387557
1339173038040942
1339173041258534
1339173044730988
