1337056807552971
1337057819405159
1337058832605928
1337059843754960
1337060857737513
1337061869945459
1337062882866504
1337063896837999
1337064909492616
1337065923404274
1337066935429527
1337067949741464
1337068963575930
1337069975817754
1337070988337170
1337071999568818
1337073009340223
1337074014441188
1337075019403796
1337076024569933
1337077030621666
1337078037885160
1337079044048147
1337080051793593
1337081059087277
1337082066480302
1337083073630545
1337084081772775
1337085091045911
1337086102081392
1337087114426665
1337088126678961
1337089139914560
1337090152962772
1337091167094469
1337092178160734
1337093190965083
1337094202735135
1337095214590585
1337096226465879
1337097239746846
1337098254080788
1337099267013394
1337100279015220
1337101293236841
1337102305878538
1337103318379891
1337104329695396
1337105336608629
1337106347749603
1337107360556787
1337108372123234
1337109384941129
1337110397902996
1337111409688867
1337112420223155
1337113433538795
1337114447467265
1337115460733062
1337116472946545
1337117484853558
1337118496738577
1337119509329947
1337120522715649
1337121536755319
1337122550296685
1337123563657876
1337124574850929
1337125587387054
1337126600567584
1337127611500734
1337128625811994
1337129638093744
1337130647383887
1337131660562815
1337132674291622
1337133687910948
1337134700376456
1337135713267751
1337136725844078
1337137738355752
1337138752122477
1337139759830886
1337140771259221
1337141781941951
1337142794310477
1337143804869670
1337144816452673
1337145828818640
1337146842554841
1337147853246250
1337148865153290
1337149876514112
1337150887771100
1337151899905424
1337152911820230
1337153924354009
1337154935487514
1337155944563574
1337156953158179
