1339183583571599
1339183587090612
1339183590646327
1339183594389772
1339183599310999
1339183604050390
1339183609126560
1339183613577306
1339183617959866
1339183622410295
1339183626808422
1339183631165125
1339183635586747
1339183639235980
1339183642687680
1339183646490748
1339183650132585
1339183653872230
1339183657591292
1339183661301251
1339183665011393
1339183668693796
1339183672422283
1339183676114394
1339183680620514
1339183684619634
1339183688361167
1339183692125114
1339183696694107
1339183701773953
1339183706914769
1339183711748242
1339183716521507
1339183720037918
1339183723538183
1339183727057823
1339183730404068
1339183733842921
1339183737334263
1339183741252286
1339183745162490
1339183748640961
1339183752037307
1339183756489572
1339183764494107
1339183768458865
1339183771498936
1339183774761710
1339183777996646
1339183781800544
1339183785962085
1339183789958526
1339183794310576
1339183798645948
1339183802640984
1339183806583808
1339183810375614
1339183814194670
1339183818226548
1339183822127481
1339183826756053
1339183830858022
1339183834819891
1339183838635911
1339183843227337
1339183846881897
1339183850364733
1339183853890785
1339183857509566
1339183860691375
1339183863924349
1339183867147825
1339183870388640
1339183873640567
1339183876878180
1339183880095341
1339183883432600
1339183886893455
1339183890174764
1339183893414065
1339183896733582
1339183900200676
1339183903673620
1339183907274939
1339183911848750
1339183916989362
1339183921792318
1339183926626181
1339183931920211
1339183938126260
1339183944081041
1339183950363642
1339183954133175
1339183957741369
1339183961318062
1339183964638838
1339183967935180
1339183971523600
1339183975182583
1339183978792805
