1336955850848928
1336956860944127
1336957871265341
1336958881459202
1336959889789589
1336960896705656
1336961903033893
1336962907448191
1336963911848215
1336964916137070
1336965919934509
1336966924093451
1336967929031926
1336968933683034
1336969939559322
1336970943545236
1336971949908763
1336972962129431
1336973975896309
1336974991650333
1336976004575464
1336977009438893
1336978012647632
1336979017841637
1336980021440349
1336981024982155
1336982028517345
1336983035056841
1336984042268079
1336985050680446
1336986059481090
1336987064945327
1336988071578145
1336989078951299
1336990086547297
1336991091976826
1336992101811121
1336993112168671
1336994121746910
1336995133699423
1336996143804632
1336997154701648
1336998164733478
1336999177050579
1337000188716181
1337001199793884
1337002208459630
1337003219356553
1337004232070188
1337005244948897
1337006257720881
1337007269493476
1337008281347580
1337009292581756
1337010300463290
1337011312429417
1337012324527995
1337013337368172
1337014351695061
1337015364155216
1337016376517428
1337017388067360
1337018403341221
1337019412547220
1337020424404307
1337021435603446
1337022446419762
1337023459319042
1337024473173140
1337025486587960
1337026498948161
1337027511730077
1337028522395106
1337029534610796
1337030545730761
1337031555862074
1337032567672323
1337033579151470
1337034588848341
1337035596968808
1337036605779384
1337037614826303
1337038624978047
1337039634582622
1337040642540655
1337041648102502
1337042655608423
1337043659525243
1337044664928063
1337045674597637
1337046686095736
1337047698942944
1337048712551280
1337049723770915
1337050734099746
1337051746726452
1337052760669788
1337053774142550
1337054787020839
1337055800495262
