1337762512078442
1337763522978986
1337764535775782
1337765547913734
1337766560602526
1337767572732865
1337768582665553
1337769595883490
1337770609564369
1337771620903382
1337772632205451
1337773636510465
1337774643030746
1337775649024159
1337776661543038
1337777667437542
1337778678955502
1337779686156188
1337780695842725
1337781705711329
1337782715854450
1337783720745978
1337784725861528
1337785734685265
1337786739674895
1337787747527983
1337788754676134
1337789760265654
1337790764178721
1337791772085655
1337792783774659
1337793797358437
1337794808472672
1337795817116193
1337796827782132
1337797838359105
1337798851235414
1337799862636325
1337800874750565
1337801885338255
1337802895765988
1337803908661186
1337804921543202
1337805932476331
1337806940628607
1337807954762862
1337808964680934
1337809975822173
1337810987197609
1337811998294417
1337813008311286
1337814013955303
1337815020533546
1337816027445614
1337817039749757
1337818050337671
1337819058268539
1337820067971729
1337821081268799
1337822094092243
1337823104699947
1337824115852047
1337825125116726
1337826131486983
1337827135295784
1337828139273698
1337829142800300
1337830147102058
1337831151211252
1337832155321021
1337833159329913
1337834162583509
1337835165416178
1337836168593374
1337837172534423
1337838177228461
1337839181247781
1337840185626549
1337841189558101
1337842193322829
1337843197297653
1337844201032211
1337845204805672
1337846209602145
1337847215109586
1337848219103346
1337849222950021
1337850227395970
1337851231648442
1337852235518626
1337853239531655
1337854243733716
1337855250797325
1337856256278887
1337857260590342
1337858267905194
1337859274216200
1337860280616816
1337861289933239
1337862299263608
