1339173049641671
1339173052828820
1339173056043610
1339173059345333
1339173062854945
1339173066416177
1339173069888957
1339173073185108
1339173076378811
1339173079590143
1339173082952617
1339173087350502
1339173090565366
1339173094047132
1339173097639145
1339173101094822
1339173104691476
1339173108240710
1339173111713919
1339173115315292
1339173118627702
1339173121985391
1339173125679834
1339173129055339
1339173132433637
1339173135796100
1339173142860143
1339173146309577
1339173149644773
1339173153851862
1339173157454782
1339173160797236
1339173164305568
1339173167633199
1339173171062295
1339173174415890
1339173177731038
1339173181959270
1339173185229987
1339173189086334
1339173195246110
1339173198653916
1339173202143336
1339173205526590
1339173209132405
1339173212488533
1339173215898903
1339173219698446
1339173223485234
1339173227001102
1339173230368015
1339173233637889
1339173237103623
1339173240239072
1339173243564010
1339173246920633
1339173250350942
1339173253663754
1339173257054981
1339173260489357
1339173263815334
1339173267059273
1339173270281239
1339173273991920
1339173277400342
1339173280984166
1339173284308935
1339173287417231
1339173290876036
1339173294263002
1339173297622282
1339173300994304
1339173304219697
1339173307444667
1339173310429437
1339173313529093
1339173316815156
1339173319951905
1339173323086257
1339173326357989
1339173329936526
1339173334221136
1339173338488600
1339173341736071
1339173344970689
1339173348058032
1339173351050638
1339173354429465
1339173358018555
1339173362331585
1339173366187370
1339173369980435
1339173373643898
1339173377112237
1339173380511798
1339173383903737
1339173391277560
1339173394616546
1339173397764217
1339173401474892
