1339175966527775
1339175970924191
1339175975661317
1339175980203799
1339175984231353
1339175988517516
1339175992875130
1339175997629088
1339176004230804
1339176009395495
1339176022074405
1339176027130873
1339176031697924
1339176036065975
1339176040602364
1339176045323384
1339176049987107
1339176054833530
1339176060211329
1339176066868599
1339176071922852
1339176076136897
1339176080221507
1339176085034963
1339176089647447
1339176094018735
1339176098050142
1339176102297995
1339176106621105
1339176113672692
1339176117535015
1339176121363351
1339176125187816
1339176128733915
1339176131876427
1339176135212617
1339176138495241
1339176141695913
1339176144886357
1339176148100342
1339176151843114
1339176155028112
1339176158378081
1339176165320768
1339176169632425
1339176173196208
1339176177353332
1339176191244937
1339176195094046
1339176198665648
1339176201728457
1339176204881067
1339176208278737
1339176211470975
1339176214671792
1339176222017159
1339176225232929
1339176228576755
1339176231942682
1339176234951986
1339176237926749
1339176241187352
1339176244409451
1339176247659412
1339176250969198
1339176254306973
1339176257467013
1339176263829672
1339176267068272
1339176270310171
1339176275235681
1339176278702342
1339176282315742
1339176289482988
1339176293241260
1339176296681786
1339176300112245
1339176303470693
1339176306883851
1339176310252101
1339176313992628
1339176318089958
1339176322267426
1339176326473151
1339176330539494
1339176335277547
1339176340137148
1339176344758405
1339176348075231
1339176351342234
1339176354611996
1339176358634999
1339176362509349
1339176366249450
1339176369659382
1339176372939542
1339176376692815
1339176380194527
1339176385227728
1339176388718466
