1335543382019359
1335544386194558
1335545390041279
1335546394293940
1335547398453220
1335548403351289
1335549407886105
1335550413593270
1335551419137164
1335552424387531
1335553430230306
1335554436645231
1335555441700780
1335556447515864
1335557454603794
1335558463642572
1335559471529403
1335560479233914
1335561487808107
1335562496234228
1335563506771890
1335564518395993
1335565527497972
1335566531680439
1335567541783783
1335568552679318
1335569564448894
1335570574964596
1335571586248618
1335572596884794
1335573610320983
1335574623807541
1335575634376345
1335576645893477
1335577658780686
1335578672143561
1335579686242823
1335580698715543
1335581712721445
1335582723750620
1335583735852578
1335584748769996
1335585761076381
1335586775036251
1335587785593788
1335588796412697
1335589807442378
1335590817865098
1335591823490556
1335592832868814
1335593845191448
1335594857203308
1335595869269713
1335596880471259
1335597891634270
1335598903064953
1335599911785839
1335600917981065
1335601921916180
1335602929148673
1335603934424412
1335604941809944
1335605951797630
1335606961797571
1335607973101657
1335608982531965
1335609993927614
1335611004052570
1335612012524254
1335613018134390
1335614023495857
1335615027220952
1335616035980086
1335617047000444
1335618059832435
1335619072672245
1335620083518710
1335621093565562
1335622103515549
1335623112909967
1335624122561130
1335625133251526
1335626142616441
1335627151608501
1335628160232687
1335629164878228
1335630169343092
1335631173757446
1335632179334838
1335633190661281
1335634201457150
1335635213252415
1335636223708592
1335637236692100
1335638249476959
1335639260654134
1335640272443575
1335641283361843
1335642296190139
1335643309564309
