1337761507294899
1337762518252273
1337763530729263
1337764544735921
1337765555693858
1337766568621356
1337767577972575
1337768591099652
1337769605030991
1337770617061499
1337771627587929
1337772634247695
1337773640695154
1337774645275919
1337775657056095
1337776663909544
1337777674772102
1337778682842119
1337779692760897
1337780701726700
1337781712363467
1337782718226510
1337783723491823
1337784731417596
1337785736799444
1337786744415609
1337787751728126
1337788757644893
1337789762098107
1337790767907248
1337791779225551
1337792791732941
1337793805847819
1337794812656043
1337795823425012
1337796834384197
1337797846799571
1337798857808769
1337799870138782
1337800881403147
1337801890564106
1337802903707774
1337803917465834
1337804928697517
1337805936055088
1337806948973663
1337807961686867
1337808970635075
1337809982699106
1337810993665349
1337812004710607
1337813011597095
1337814017889886
1337815023928710
1337816034678033
1337817046524640
1337818054546693
1337819063806595
1337820075913922
1337821089009423
1337822101208705
1337823111276873
1337824121554564
1337825129566381
1337826133653251
1337827137428092
1337828141114591
1337829145319209
1337830149328838
1337831153619348
1337832157230256
1337833161261329
1337834164117737
1337835166956265
1337836170832415
1337837175186989
1337838179415072
1337839183895048
1337840187836447
1337841191657207
1337842195684765
1337843199366335
1337844203292611
1337845206865088
1337846212547370
1337847217459293
1337848221267136
1337849225037418
1337850229848514
1337851233638777
1337852237819814
1337853241609393
1337854247948433
1337855254000677
1337856258689595
1337857264770682
1337858271420843
1337859277677564
1337860286309748
1337861295938058
