1339184858553474
1339184862688828
1339184866773296
1339184872104998
1339184878336120
1339184884350123
1339184889958273
1339184895150918
1339184899266030
1339184903455382
1339184907404480
1339184911303092
1339184915131994
1339184918989771
1339184923459745
1339184929707710
1339184935146088
1339184941047982
1339184946413391
1339184950979339
1339184955045949
1339184959080772
1339184962776465
1339184966408930
1339184970031178
1339184973667293
1339184977309715
1339184980932528
1339184984666896
1339184988489270
1339184992595970
1339184996473914
1339185001329773
1339185005375343
1339185009423175
1339185013685765
1339185018882944
1339185024046625
1339185029063221
1339185033487665
1339185038129767
1339185042675404
1339185047976924
1339185053930735
1339185058128447
1339185062146948
1339185066299948
1339185070118582
1339185074154776
1339185078090953
1339185082184152
1339185086267565
1339185091812684
1339185095781357
1339185099819996
1339185103759555
1339185109177809
1339185114063314
1339185118897486
1339185124014033
1339185128721187
1339185132007579
1339185135136055
1339185138515659
1339185141900736
1339185145415822
1339185148690568
1339185152277625
1339185155434408
1339185158766936
1339185162024088
1339185165222003
1339185168730265
1339185172086765
1339185175259075
1339185178644207
1339185182180309
1339185185538553
1339185188723333
1339185191919421
1339185195072044
1339185198361069
1339185201632195
1339185204829651
1339185208119506
1339185211352954
1339185214709310
1339185218183070
1339185222282832
1339185225642113
1339185228794680
1339185232248523
1339185235583956
1339185238865603
1339185242253552
1339185245540954
1339185249006331
1339185252255772
1339185255437042
1339185258627745
