1337258042775823
1337259049109784
1337260055930851
1337261061819114
1337262068961870
1337263078133415
1337264087538044
1337265096360561
1337266105808948
1337267114898620
1337268122435108
1337269130311200
1337270136782752
1337271140778216
1337272147332385
1337273158692671
1337274172919954
1337275180598509
1337276192201866
1337277204368633
1337278215512246
1337279224422858
1337280229390584
1337281242106137
1337282255364794
1337283269454376
1337284279515922
1337285294149461
1337286306456223
1337287318044891
1337288330223528
1337289344130956
1337290358846195
1337291370630047
1337292382893869
1337293392136325
1337294401833716
1337295413954456
1337296428086679
1337297441991549
1337298453461855
1337299467701959
1337300482008132
1337301495645852
1337302505397942
1337303518086106
1337304530586250
1337305542407359
1337306550124735
1337307562114173
1337308574800116
1337309585521229
1337310596929527
1337311609879057
1337312623746783
1337313634586047
1337314648022607
1337315661052078
1337316675404901
1337317689425149
1337318703352381
1337319716417865
1337320728321287
1337321740485114
1337322753249049
1337323763835613
1337324776480938
1337325786602972
1337326800550244
1337327813330625
1337328825093939
1337329833657076
1337330842518897
1337331854603061
1337332866864843
1337333870985692
1337334875335299
1337335879707515
1337336883452757
1337337886899953
1337338891393745
1337339904168789
1337340907832486
1337341912963429
1337342917494626
1337343921063630
1337344924639074
1337345927723403
1337346930802621
1337347939108273
1337348952765014
1337349965883687
1337350979129307
1337351988969068
1337352997458991
1337354002944485
1337355009300195
1337356014889302
1337357022582305
1337358027823589
