1339174276458119
1339174282598359
1339174286152389
1339174289536477
1339174292779891
1339174296252111
1339174299357426
1339174302395152
1339174305700588
1339174308892015
1339174312090012
1339174315290764
1339174321987502
1339174325723375
1339174329330164
1339174332891900
1339174336095383
1339174339117598
1339174342250495
1339174345793370
1339174349073556
1339174352258496
1339174356088690
1339174360121915
1339174367926395
1339174372123957
1339174376449536
1339174380260754
1339174383490734
1339174386795344
1339174390372252
1339174393730012
1339174397101536
1339174400122828
1339174404189688
1339174408132979
1339174412662638
1339174417197348
1339174421706968
1339174426052852
1339174430796379
1339174442386568
1339174448520038
1339174454016051
1339174459010500
1339174464256100
1339174469716541
1339174474969229
1339174479873479
1339174485809529
1339174489845250
1339174493839581
1339174498372176
1339174503131888
1339174508281908
1339174513215606
1339174518413101
1339174523424150
1339174527386147
1339174532416277
1339174536436696
1339174541330507
1339174546345287
1339174550321206
1339174554412511
1339174558328188
1339174562521563
1339174566772298
1339174571580174
1339174576997012
1339174581697913
1339174586193454
1339174590744441
1339174594688469
1339174598609290
1339174602468093
1339174606288750
1339174622178982
1339174626137927
1339174629403652
1339174632662993
1339174636144723
1339174639084881
1339174642587259
1339174646968333
1339174651154158
1339174655776512
1339174660726898
1339174665429019
1339174670295987
1339174675153461
1339174679827187
1339174684687277
1339174689457646
1339174694480968
1339174699066364
1339174703643845
1339174708438256
1339174713382842
1339174717902085
