1339180209393140
1339180212826479
1339180215880538
1339180219274421
1339180222851516
1339180229925797
1339180234684385
1339180239266103
1339180243930842
1339180248717700
1339180253571986
1339180257710127
1339180261667437
1339180265600398
1339180269747600
1339180273430422
1339180277333064
1339180281137297
1339180284921706
1339180288699103
1339180292478245
1339180296405039
1339180300479164
1339180304826045
1339180309162739
1339180313436649
1339180317805887
1339180322422740
1339180326995290
1339180331773656
1339180336817423
1339180342792751
1339180348338105
1339180353535288
1339180357802432
1339180362152692
1339180371698531
1339180375524185
1339180379435379
1339180382940571
1339180386310688
1339180389783775
1339180393498774
1339180397066504
1339180400620863
1339180404234784
1339180408146168
1339180411841300
1339180415296677
1339180419178678
1339180422991630
1339180426466677
1339180430451881
1339180434039958
1339180437970794
1339180441501871
1339180445136330
1339180448424284
1339180452102775
1339180455935144
1339180459929506
1339180463939188
1339180469087847
1339180474214671
1339180479469980
1339180483551835
1339180487408614
1339180494778339
1339180498813087
1339180502853935
1339180507697972
1339180512715649
1339180517569838
1339180522737157
1339180526726142
1339180530301096
1339180533779444
1339180537160915
1339180541009366
1339180544695930
1339180548284622
1339180551587696
1339180555746385
1339180560053308
1339180564486538
1339180569478355
1339180574394982
1339180579058497
1339180584131247
1339180589389482
1339180594609827
1339180599653708
1339180605319522
1339180611886888
1339180617972357
1339180622959736
1339180627560360
1339180632187962
1339180637531934
1339180643534087
