1339183983043080
1339183986884422
1339183990436622
1339183994082360
1339183998000638
1339184002900954
1339184007147251
1339184010869212
1339184014584698
1339184018149429
1339184021635459
1339184025491289
1339184029377811
1339184033298745
1339184036628829
1339184039908188
1339184043206030
1339184046492269
1339184049843971
1339184053342553
1339184056669691
1339184059866384
1339184063077268
1339184066282455
1339184070086371
1339184073870675
1339184077660988
1339184081518811
1339184085364051
1339184090226581
1339184095713645
1339184101814496
1339184108404462
1339184113878439
1339184119468257
1339184124937110
1339184128065206
1339184131154969
1339184134319461
1339184137442500
1339184140588933
1339184148092207
1339184154015355
1339184159166083
1339184170387532
1339184173959619
1339184185562745
1339184189122131
1339184202752144
1339184206226579
1339184209507144
1339184213249154
1339184216663594
1339184220351728
1339184223636103
1339184227611130
1339184231597358
1339184235557600
1339184239576484
1339184243840372
1339184247682199
1339184251296159
1339184254875006
1339184258725240
1339184262253997
1339184266363511
1339184270882922
1339184275568831
1339184281761105
1339184287762439
1339184293450221
1339184299829024
1339184304836266
1339184309269912
1339184313373942
1339184317393690
1339184321071742
1339184324809681
1339184328561170
1339184332322936
1339184335905401
1339184339619236
1339184343467016
1339184347012239
1339184351086599
1339184355024145
1339184358918678
1339184362850140
1339184366529051
1339184370909460
1339184375068745
1339184379105146
1339184383378250
1339184387198120
1339184391056534
1339184394903253
1339184398868644
1339184402769630
1339184406932674
1339184410916751
