1339173048420380
1339173051657328
1339173054839687
1339173058159150
1339173061758974
1339173065166161
1339173068722772
1339173071981369
1339173075244091
1339173078460059
1339173081592461
1339173086149591
1339173089441555
1339173092918436
1339173096349718
1339173099873917
1339173103364073
1339173106929050
1339173110437736
1339173114119733
1339173117406820
1339173120815859
1339173124359830
1339173127917444
1339173131224014
1339173134618950
1339173141600571
1339173145074592
1339173148427966
1339173152248470
1339173156161636
1339173159570790
1339173163037889
1339173166458258
1339173169821432
1339173173215185
1339173176511817
1339173180499577
1339173184141629
1339173187500658
1339173191152621
1339173197385469
1339173200905675
1339173204234953
1339173207916861
1339173211231350
1339173214617680
1339173218415691
1339173222220194
1339173225833880
1339173229235220
1339173232441436
1339173235936687
1339173239110701
1339173242334532
1339173245667257
1339173249194982
1339173252475533
1339173255855383
1339173259247257
1339173262658346
1339173265925814
1339173269188649
1339173272656282
1339173276059144
1339173279704043
1339173283110153
1339173286277410
1339173289689650
1339173293106710
1339173296403336
1339173299702290
1339173303057563
1339173306232572
1339173309403556
1339173312460309
1339173315690941
1339173318821380
1339173321892475
1339173325206868
1339173328565762
1339173332698452
1339173336975542
1339173340676175
1339173343807991
1339173346948958
1339173349961061
1339173353221025
1339173356697848
1339173360948226
1339173364764229
1339173368688753
1339173372413447
1339173375843278
1339173379337929
1339173382716205
1339173389980993
1339173393463947
1339173396627704
1339173400032804
