1335644319643620
1335645330146672
1335646341053172
1335647351880705
1335648359058619
1335649367171569
1335650371737578
1335651375961921
1335652380462036
1335653384070410
1335654388441757
1335655391784381
1335656395528753
1335657400737773
1335658404854463
1335659410632572
1335660417238550
1335661424185924
1335662430524044
1335663438345344
1335664444808863
1335665451253789
1335666458265207
1335667468594047
1335668478131638
1335669487075945
1335670494940097
1335671504529958
1335672512592478
1335673523697794
1335674534768506
1335675542479876
1335676553483351
1335677563123073
1335678575213683
1335679586995885
1335680595676299
1335681608553078
1335682620175967
1335683633808006
1335684647270824
1335685658457130
1335686671345286
1335687686243379
1335688699548908
1335689713243561
1335690726438721
1335691739261147
1335692752591225
1335693765631383
1335694778454527
1335695789975288
1335696802497195
1335697815398481
1335698826103871
1335699838846649
1335700851483821
1335701862265090
1335702873004410
1335703885188899
1335704897633515
1335705909869696
1335706923095812
1335707935762544
1335708945181510
1335709958012201
1335710971117426
1335711981465895
1335712991695551
1335713998292374
1335715005478752
1335716009808130
1335717014072721
1335718017877349
1335719025099258
1335720032795592
1335721037357629
1335722043124665
1335723050947333
1335724060103594
1335725067396808
1335726076488574
1335727085441836
1335728093129895
1335729099498160
1335730105390826
1335731110885704
1335732115685954
1335733118747367
1335734125480967
1335735136095202
1335736146300622
1335737157893448
1335738169349920
1335739183235365
1335740196720651
1335741205506711
1335742218653959
1335743230339429
1335744241839083
