1339185261258570
1339185264449645
1339185267470300
1339185270531331
1339185273718807
1339185276989501
1339185280382418
1339185283756132
1339185286919511
1339185290232734
1339185293534161
1339185296910545
1339185300054083
1339185303493243
1339185306863934
1339185310180288
1339185313424475
1339185316631269
1339185319815855
1339185324181955
1339185327652057
1339185330919345
1339185334193169
1339185337621969
1339185340982562
1339185344086359
1339185347693114
1339185351126414
1339185354316170
1339185357882998
1339185361875096
1339185365639002
1339185369412717
1339185373174467
1339185377219473
1339185384699219
1339185388829674
1339185392388300
1339185395416174
1339185398698338
1339185402033586
1339185405954114
1339185410204975
1339185414728809
1339185420296418
1339185425363650
1339185431561448
1339185438541001
1339185444109807
1339185449038141
1339185453818843
1339185457958473
1339185462070126
1339185466004661
1339185469796490
1339185473599560
1339185477452266
1339185481120908
1339185484866863
1339185488546268
1339185492598941
1339185497084276
1339185501280004
1339185505351054
1339185509458323
1339185513671069
1339185517892232
1339185522145464
1339185526100583
1339185529546359
1339185533209528
1339185537238916
1339185541392826
1339185544949586
1339185548491228
1339185551943059
1339185555502722
1339185559011873
1339185562576888
1339185566133910
1339185569669093
1339185573339278
1339185577149764
1339185580832218
1339185584724288
1339185588669272
1339185592316079
1339185595950468
1339185600313719
1339185604580141
1339185608812520
1339185612710382
1339185616374032
1339185620035483
1339185624067874
1339185628265684
1339185632724575
1339185636992406
1339185641076884
1339185645396816
