1338870828728626
1338871839068938
1338872844502202
1338873850787232
1338874855776563
1338875862537442
1338876869838237
1338877878028416
1338878885283906
1338879896293031
1338880902868161
1338881910409646
1338882919771391
1338883930359470
1338884938511700
1338885945758672
1338886954328440
1338887966428836
1338888974300280
1338889983683519
1338890994263080
1338892001876211
1338893011052679
1338894019978663
1338895030166290
1338896038083929
1338897046674128
1338898055541642
1338899062787010
1338900072346023
1338901080967740
1338902087648682
1338903096847790
1338904106527316
1338905112500525
1338906119754882
1338907124589818
1338908130404637
1338909134212723
1338910138255019
1338911142227047
1338912146014413
1338913149775895
1338914152832727
1338915156090746
1338916160257691
1338917164248268
1338918168397323
1338919171191417
1338920174515846
1338921178010117
1338922181128631
1338923185339520
1338924189052079
1338925193132500
1338926197082298
1338927200932835
1338928205172370
1338929209344680
1338930215386242
1338931219324607
1338932222768516
1338933226687829
1338934231985598
1338935237371481
1338936244830525
1338937248730842
1338938252371446
1338939257015622
1338940265996016
1338941270458358
1338942278786759
1338943288108981
1338944293209354
1338945298186557
1338946303934659
1338947312237091
1338948319649970
1338949325913191
1338950336429015
1338951345209546
1338952352138427
1338953360093437
1338954365218984
1338955372654120
1338956376409808
1338957380592114
1338958385205846
1338959389459097
1338960393544078
1338961398387802
1338962403614543
1338963408163854
1338964414452971
1338965421059205
1338966427485036
1338967433838734
1338968440518000
1338969445565194
1338970453595604
