1337157964085721
1337158971737518
1337159977599289
1337160982941695
1337161988546412
1337162992378388
1337163997780773
1337165004437067
1337166011145150
1337167018469999
1337168023092222
1337169028390337
1337170033476386
1337171039895335
1337172045666645
1337173054172344
1337174062040625
1337175071191307
1337176080501065
1337177091521441
1337178100151147
1337179110915218
1337180121787472
1337181133828862
1337182142448256
1337183154297241
1337184165221486
1337185177592381
1337186190971528
1337187204484689
1337188215615798
1337189228217623
1337190236270136
1337191250083796
1337192263294584
1337193274917031
1337194287163497
1337195298657626
1337196310711688
1337197324289116
1337198338764343
1337199351623289
1337200365174156
1337201376519011
1337202389016946
1337203402076431
1337204414708426
1337205425505507
1337206438411177
1337207450400850
1337208463285364
1337209476851209
1337210490887440
1337211503535819
1337212515949501
1337213526830054
1337214539563150
1337215553140603
1337216567080670
1337217580550770
1337218592266237
1337219604194797
1337220614572794
1337221628587491
1337222641078223
1337223654765113
1337224667956637
1337225681217599
1337226695234079
1337227707088680
1337228717287151
1337229730315275
1337230743940452
1337231754657156
1337232767133554
1337233780210958
1337234793909145
1337235806568740
1337236816678438
1337237828663808
1337238842321211
1337239855268765
1337240867032655
1337241879143179
1337242890081334
1337243903831536
1337244917205898
1337245927941832
1337246940029532
1337247953810767
1337248967025973
1337249979814988
1337250986845281
1337251997666094
1337253009225107
1337254014686382
1337255018974763
1337256023720302
1337257029332608
1337258036530417
