1336854889528715
1336855899121025
1336856911585036
1336857922946068
1336858931712374
1336859943931532
1336860956424412
1336861966896840
1336862980531795
1336863992803276
1336865002896586
1336866011958096
1336867018640655
1336868026558934
1336869032861619
1336870042165140
1336871053227806
1336872063238806
1336873074867011
1336874085723241
1336875100390423
1336876110810507
1336877122903047
1336878135609936
1336879148070754
1336880162120545
1336881172760650
1336882179903297
1336883190621165
1336884202419917
1336885211071231
1336886224695180
1336887236535894
1336888249057922
1336889261809259
1336890268545183
1336891280952543
1336892291842082
1336893300939395
1336894313430724
1336895326122864
1336896340536950
1336897350733405
1336898363614967
1336899370137418
1336900376509079
1336901380567223
1336902384804539
1336903389406345
1336904393679334
1336905398120810
1336906403350378
1336907408996548
1336908413700814
1336909420717238
1336910425657866
1336911433405525
1336912441582359
1336913449806378
1336914454024367
1336915462840074
1336916471830952
1336917480967610
1336918487206823
1336919496418311
1336920505677075
1336921515737461
1336922525820865
1336923535326781
1336924546275770
1336925555072314
1336926568755241
1336927582646954
1336928595355249
1336929604918504
1336930615897972
1336931626699007
1336932640128049
1336933653555183
1336934665364651
1336935678621751
1336936692320678
1336937704990027
1336938716552780
1336939727360206
1336940738305223
1336941747314651
1336942758500081
1336943768062340
1336944772684614
1336945777943784
1336946782344467
1336947789656301
1336948795512069
1336949798897875
1336950802917507
1336951811337555
1336952819161919
1336953830382394
1336954838884899
