1335140965881740
1335141972411419
1335142977620253
1335143985049485
1335144991693238
1335145998106857
1335147004576891
1335148010190388
1335149014520659
1335150020985197
1335151026803731
1335152032363353
1335153038079697
1335154044793091
1335155050685489
1335156056667613
1335157063077019
1335158069799292
1335159075220097
1335160081562935
1335161088613431
1335162093952634
1335163100573873
1335164107588282
1335165114176645
1335166120400528
1335167127714609
1335168133991572
1335169139797081
1335170146130069
1335171152326217
1335172158864033
1335173165031807
1335174171673194
1335175177191995
1335176183483574
1335177189999537
1335178194934104
1335179198921274
1335180202389096
1335181205415631
1335182209924604
1335183215840418
1335184222134582
1335185227845197
1335186233105921
1335187240570203
1335188247099691
1335189253887969
1335190259446405
1335191266435130
1335192273312061
1335193279268454
1335194285284642
1335195292597429
1335196299960775
1335197306248682
1335198313208707
1335199316996723
1335200321880837
1335201327963359
1335202334276722
1335203338631895
1335204345199033
1335205349455426
1335206354304788
1335207358113134
1335208363724337
1335209369075731
1335210372726743
1335211376379936
1335212380134279
1335213383719546
1335214386939258
1335215390768664
1335216394541125
1335217398201535
1335218402063933
1335219406609529
1335220411171088
1335221415366632
1335222420844406
1335223426980254
1335224433784652
1335225441083931
1335226447000328
1335227453681297
1335228458683872
1335229464198572
1335230468993539
1335231475352321
1335232481953603
1335233487855782
1335234495391389
1335235499797580
1335236504829550
1335237511526956
1335238518959458
1335239525928970
1335240532829656
