1339175135129379
1339175138476766
1339175141751495
1339175145029155
1339175148146895
1339175151409963
1339175154506027
1339175157875865
1339175161310616
1339175164745999
1339175167982310
1339175171259551
1339175174479879
1339175177716682
1339175181268794
1339175184511210
1339175187682838
1339175191011770
1339175194224215
1339175197600047
1339175200765254
1339175204021956
1339175207299667
1339175210430990
1339175213601232
1339175220395137
1339175223948966
1339175227283242
1339175233470022
1339175236647185
1339175239816374
1339175246381941
1339175249821219
1339175253164418
1339175256607407
1339175259983513
1339175262977327
1339175266522897
1339175269882150
1339175273562870
1339175277942991
1339175282611947
1339175287461779
1339175292366116
1339175296513559
1339175300553397
1339175304473328
1339175308103181
1339175311826752
1339175315556304
1339175319581026
1339175323918824
1339175328715307
1339175333675363
1339175338220423
1339175342744417
1339175346096440
1339175349729027
1339175353220207
1339175356869812
1339175361600114
1339175365840488
1339175370140904
1339175374320823
1339175378022383
1339175381348853
1339175384552359
1339175387930807
1339175391345372
1339175394704172
1339175397971718
1339175401303386
1339175404989004
1339175408811586
1339175413014109
1339175418313579
1339175423577991
1339175428557198
1339175433161189
1339175437782859
1339175442604997
1339175447086309
1339175450875075
1339175454724133
1339175459016327
1339175463374053
1339175467539806
1339175470928288
1339175474516280
1339175477902482
1339175480997077
1339175484213288
1339175487484521
1339175490671002
1339175494202553
1339175498087165
1339175502208600
1339175506382210
1339175510494507
1339175514565855
