1339172258541071
1339172261775288
1339172265724953
1339172268814143
1339172271967396
1339172275279533
1339172279134215
1339172282207891
1339172285407143
1339172292066212
1339172295528550
1339172298826544
1339172302161647
1339172305567272
1339172308807945
1339172311915419
1339172315610326
1339172318971935
1339172322236321
1339172325423880
1339172328783654
1339172332268850
1339172335548986
1339172339144915
1339172343912673
1339172348098266
1339172352482912
1339172357101732
1339172366605831
1339172369932947
1339172373416162
1339172376796686
1339172380068600
1339172383300172
1339172390128243
1339172393754750
1339172397186182
1339172400710087
1339172405163443
1339172409527275
1339172413971798
1339172418796386
1339172423978071
1339172428996836
1339172434325037
1339172440522097
1339172450496269
1339172455993647
1339172461056124
1339172465948593
1339172470752850
1339172475624229
1339172480636908
1339172485892353
1339172491022860
1339172494899849
1339172498390564
1339172501855101
1339172506239345
1339172510613439
1339172514181442
1339172517866571
1339172521521252
1339172525148156
1339172528629263
1339172532073495
1339172535812367
1339172539726428
1339172543541864
1339172548115932
1339172552843626
1339172557259938
1339172560379707
1339172563743715
1339172567422871
1339172572094775
1339172576358682
1339172580265756
1339172590206973
1339172594438547
1339172597802821
1339172601116356
1339172604559832
1339172607838785
1339172610966090
1339172614536127
1339172618280560
1339172622616253
1339172626665188
1339172630856825
1339172635373495
1339172640249926
1339172645585524
1339172649143816
1339172652667963
1339172656064937
1339172659406381
1339172662846392
1339172666223374
1339172669791621
