1339182757240922
1339182760611778
1339182764029049
1339182767245283
1339182771023071
1339182775090038
1339182779408333
1339182783840291
1339182788213189
1339182793042297
1339182797866389
1339182802544284
1339182807259425
1339182811550140
1339182814869565
1339182818161461
1339182821353228
1339182824981755
1339182829629039
1339182834243100
1339182838739608
1339182843249664
1339182847308238
1339182850940717
1339182854559833
1339182858228641
1339182861819819
1339182865639882
1339182869747842
1339182873847803
1339182877608653
1339182881575399
1339182885292900
1339182888928425
1339182892682737
1339182897170062
1339182901827985
1339182906328622
1339182910508811
1339182914935440
1339182919466964
1339182924045324
1339182928107455
1339182932233741
1339182936146078
1339182940356336
1339182944898014
1339182949390025
1339182954361745
1339182959959794
1339182964907158
1339182970095645
1339182975276950
1339182980815092
1339182985681208
1339182989803429
1339182993708014
1339182997561109
1339183004137013
1339183008876915
1339183012609773
1339183016071818
1339183019837796
1339183024192903
1339183028511989
1339183032609947
1339183036947638
1339183041367918
1339183045589408
1339183049568608
1339183053849546
1339183058907755
1339183062956035
1339183067168734
1339183070891883
1339183074586090
1339183078203352
1339183081912315
1339183085744940
1339183089919675
1339183094088729
1339183097814968
1339183101642368
1339183105872206
1339183109718098
1339183118546499
1339183122800636
1339183126416797
1339183133261570
1339183136386866
1339183139552882
1339183147047364
1339183150389095
1339183153588672
1339183156937625
1339183160445134
1339183165127194
1339183168322880
1339183171454155
1339183174671594
