1339177650086497
1339177654001566
1339177658035908
1339177671990748
1339177675174632
1339177678702089
1339177682358456
1339177686272732
1339177690512675
1339177694440010
1339177698742202
1339177703477456
1339177708740052
1339177714127860
1339177718858270
1339177723093686
1339177727139598
1339177731675360
1339177735868509
1339177740123253
1339177744358056
1339177748329474
1339177751871416
1339177755469393
1339177759138132
1339177763802879
1339177768592636
1339177773016752
1339177777308979
1339177781559556
1339177786108095
1339177791790399
1339177797464128
1339177802654303
1339177807901391
1339177812880209
1339177816746721
1339177820370446
1339177824805025
1339177829868511
1339177835236000
1339177840705949
1339177845812605
1339177850765287
1339177856407281
1339177860512359
1339177864664099
1339177869170527
1339177873683638
1339177877981240
1339177881765262
1339177885412173
1339177888892744
1339177893302837
1339177897912131
1339177902086599
1339177906017811
1339177909601056
1339177913566990
1339177917374660
1339177922025079
1339177926732425
1339177931761889
1339177937876283
1339177942813927
1339177947774187
1339177952157323
1339177956693355
1339177961282045
1339177966140541
1339177970539317
1339177974813293
1339177978773884
1339177982242656
1339177985251110
1339177988598633
1339177992340938
1339177995951341
1339178002166607
1339178006623243
1339178010036034
1339178013552697
1339178017275641
1339178021469816
1339178025957590
1339178030308004
1339178034421290
1339178038830760
1339178043271885
1339178047443908
1339178051556264
1339178056428050
1339178061469773
1339178067178226
1339178072950086
1339178077986774
1339178082574357
1339178086723559
1339178092146244
1339178097055074
