1339171859989461
1339171863995584
1339171868034289
1339171872202868
1339171876289049
1339171880218858
1339171884259734
1339171888677566
1339171893111268
1339171897480576
1339171901878508
1339171906285395
1339171910419860
1339171915020307
1339171919523202
1339171923937448
1339171928207699
1339171932453804
1339171936367306
1339171940336551
1339171943926319
1339171947208882
1339171950679233
1339171954642848
1339171959647001
1339171963207108
1339171966989155
1339171970888587
1339171974896713
1339171979827853
1339171983973384
1339171987840753
1339171992027238
1339171995908822
1339171999514952
1339172004380361
1339172008037294
1339172011861551
1339172016040145
1339172020646868
1339172025356142
1339172030231252
1339172034851268
1339172039412227
1339172043149408
1339172046372472
1339172049559163
1339172053661527
1339172058229153
1339172062255324
1339172066484273
1339172072191056
1339172077375468
1339172081842927
1339172086288193
1339172091687551
1339172096876626
1339172101284405
1339172105254002
1339172109062875
1339172112951360
1339172117150535
1339172121329831
1339172125113282
1339172128380662
1339172131515819
1339172134702923
1339172138150997
1339172141635789
1339172144725338
1339172148120013
1339172151446961
1339172154694176
1339172158337788
1339172161991389
1339172168747856
1339172172334661
1339172175829996
1339172182931737
1339172186438876
1339172189573690
1339172192675622
1339172195897248
1339172199021511
1339172201984233
1339172204997450
1339172208384064
1339172211461730
1339172214623605
1339172217866218
1339172221104587
1339172224412253
1339172227549207
1339172230600649
1339172233746832
1339172237112722
1339172240328690
1339172243329619
1339172249864059
1339172253424151
