1337259045738120
1337260051772025
1337261058826341
1337262064191879
1337263072570275
1337264081499158
1337265091480040
1337266100133070
1337267109590215
1337268118562389
1337269125244502
1337270133603743
1337271138847103
1337272143256601
1337273150695189
1337274164177568
1337275176191122
1337276185566619
1337277197353618
1337278208271929
1337279219115833
1337280227116463
1337281232836716
1337282247065582
1337283260783496
1337284273645921
1337285286268919
1337286298458873
1337287310562180
1337288323123409
1337289335285462
1337290349041800
1337291364214078
1337292375059182
1337293388164127
1337294394885092
1337295406398352
1337296419076259
1337297433529852
1337298446262943
1337299458641761
1337300472655349
1337301486411721
1337302500055441
1337303509514633
1337304523067246
1337305535835306
1337306544804457
1337307554847584
1337308567297098
1337309578341443
1337310589865822
1337311601858719
1337312614856006
1337313628194279
1337314639859733
1337315652224875
1337316667135405
1337317679786909
1337318694778938
1337319707510737
1337320721324645
1337321733063240
1337322745137288
1337323758334763
1337324768787432
1337325780953621
1337326791349802
1337327805166770
1337328817584927
1337329828890636
1337330837139486
1337331847673695
1337332859849912
1337333869269883
1337334873109996
1337335877857390
1337336881499394
1337337885203150
1337338888643076
1337339895496060
1337340906097716
1337341909862515
1337342915077394
1337343919397032
1337344922833431
1337345926191656
1337346929224712
1337347933819329
1337348944052641
1337349957922801
1337350970249340
1337351982844384
1337352991995074
1337354000245074
1337355005654688
1337356011919147
1337357017448506
1337358025818881
1337359031173018
