1339178920430206
1339178924092724
1339178927860010
1339178931715857
1339178936238724
1339178941087708
1339178945959795
1339178950849746
1339178955602469
1339178959705504
1339178963842324
1339178967823471
1339178972324381
1339178979755719
1339178984568912
1339178990205799
1339178995698495
1339179003166488
1339179008144034
1339179012552581
1339179015935580
1339179019556646
1339179023306534
1339179027383950
1339179031417424
1339179035557761
1339179039824185
1339179044019958
1339179049217939
1339179053788443
1339179057906307
1339179062026401
1339179067149635
1339179071500032
1339179075642525
1339179079825907
1339179084481423
1339179089206856
1339179094115291
1339179098646382
1339179102993862
1339179107333938
1339179111331485
1339179115119680
1339179118606021
1339179122111949
1339179125664020
1339179128999317
1339179132326569
1339179135632065
1339179138901199
1339179143388873
1339179146747728
1339179150057712
1339179153436524
1339179156803992
1339179160101154
1339179163518129
1339179167201479
1339179170494078
1339179173749721
1339179177085486
1339179180451926
1339179183548977
1339179186835938
1339179193438633
1339179197339630
1339179200569442
1339179207386806
1339179210683013
1339179213890745
1339179217384461
1339179220807396
1339179224112844
1339179227464261
1339179230912466
1339179234140463
1339179237501590
1339179240751151
1339179244035245
1339179249380345
1339179252526405
1339179255639694
1339179258991640
1339179262308552
1339179265698265
1339179268990647
1339179272613890
1339179276145036
1339179279774225
1339179282983771
1339179286545653
1339179289833991
1339179293111036
1339179296253296
1339179301150380
1339179304574248
1339179307852981
1339179314389640
1339179317925844
