1335343146710563
1335344152888935
1335345157038252
1335346162783303
1335347169667340
1335348177264515
1335349183977984
1335350190198857
1335351196293639
1335352202569799
1335353209248304
1335354215215067
1335355221243968
1335356227686437
1335357233691830
1335358240523897
1335359246448938
1335360251841680
1335361258106046
1335362265390620
1335363271683777
1335364278774272
1335365284873112
1335366291456279
1335367298639596
1335368305727714
1335369311301163
1335370316168244
1335371319542215
1335372326731764
1335373333767535
1335374340464501
1335375346382067
1335376352702687
1335377358323852
1335378363750135
1335379369058640
1335380373979225
1335381378006358
1335382381697380
1335383385880673
1335384392295352
1335385396271801
1335386399921999
1335387404891166
1335388410058297
1335389414600280
1335390421249547
1335391426339672
1335392433380833
1335393440473140
1335394446237223
1335395451911590
1335396458682163
1335397464355493
1335398470680035
1335399476807389
1335400482886942
1335401489732000
1335402495731565
1335403502094313
1335404508410829
1335405513566936
1335406517971219
1335407524485550
1335408531439958
1335409537702988
1335410543769516
1335411551470773
1335412556911604
1335413562212247
1335414568135358
1335415573995592
1335416579340497
1335417585164897
1335418590309701
1335419595736632
1335420602683332
1335421609276082
1335422616400663
1335423622377759
1335424629600325
1335425635196500
1335426640660971
1335427646883304
1335428653528995
1335429660642425
1335430667963344
1335431674211003
1335432681056890
1335433687399523
1335434693541536
1335435699431233
1335436706263096
1335437711864461
1335438717444475
1335439723588533
1335440730638431
1335441738380744
1335442744710100
