1339175968055345
1339175972908344
1339175977620855
1339175981800935
1339175985923212
1339175990262841
1339175994763978
1339175999335466
1339176006386329
1339176011281777
1339176024516737
1339176028953689
1339176033479114
1339176037845326
1339176042376630
1339176047038617
1339176051857526
1339176056995939
1339176062371673
1339176069330782
1339176073586697
1339176077809552
1339176082127660
1339176086846655
1339176091365513
1339176095718912
1339176099720390
1339176103920540
1339176111082030
1339176115277770
1339176118927413
1339176122922013
1339176126573062
1339176130031726
1339176133179639
1339176136544766
1339176139717044
1339176142966228
1339176146061545
1339176149442101
1339176153192320
1339176156391402
1339176159703642
1339176166714328
1339176171287117
1339176174463264
1339176181651397
1339176192945381
1339176196795195
1339176199929605
1339176203002533
1339176206148408
1339176209587784
1339176212757747
1339176219661321
1339176223315347
1339176226583726
1339176229944171
1339176233185149
1339176236178481
1339176239105565
1339176242415068
1339176245718595
1339176249017367
1339176252337173
1339176255552240
1339176261943935
1339176265167926
1339176268411429
1339176273265558
1339176276623551
1339176280272225
1339176283690356
1339176290900314
1339176294597092
1339176298152973
1339176301520096
1339176304891701
1339176308299174
1339176311580118
1339176315664906
1339176319707909
1339176323930357
1339176328088850
1339176332429917
1339176337159572
1339176342088802
1339176346083902
1339176349393417
1339176352662627
1339176356118954
1339176360278144
1339176363926899
1339176367706161
1339176370946468
1339176374748696
1339176378107167
1339176381581019
1339176386651064
1339176390236064
