1339173049781698
1339173052996600
1339173056224458
1339173059487397
1339173063007321
1339173066547350
1339173070028359
1339173073320753
1339173076525659
1339173079733161
1339173083120902
1339173087526955
1339173090758396
1339173094264045
1339173097791516
1339173101234455
1339173104868106
1339173108418777
1339173111900123
1339173115460383
1339173118776812
1339173122164890
1339173125876539
1339173129212404
1339173132608399
1339173135981327
1339173143010632
1339173146445226
1339173149817052
1339173154030950
1339173157595370
1339173160992772
1339173164466883
1339173167766384
1339173171222347
1339173174587250
1339173177943009
1339173182102802
1339173185385695
1339173189231210
1339173195387410
1339173198821469
1339173202297794
1339173205672860
1339173209280287
1339173212668211
1339173216066144
1339173220068057
1339173223707240
1339173227173735
1339173230505081
1339173233778764
1339173237245628
1339173240433767
1339173243696395
1339173247088421
1339173250488218
1339173253795912
1339173257245226
1339173260654759
1339173263947152
1339173267206992
1339173270414672
1339173274138956
1339173277615446
1339173281214155
1339173284455404
1339173287583011
1339173291073368
1339173294422951
1339173297807757
1339173301174531
1339173304357435
1339173307585807
1339173310558260
1339173313710360
1339173316988733
1339173320116629
1339173323281184
1339173326504276
1339173330174026
1339173334393630
1339173338674720
1339173341869142
1339173345153187
1339173348204998
1339173351212103
1339173354571335
1339173358201112
1339173362537553
1339173366405833
1339173370133867
1339173373813169
1339173377338302
1339173380659912
1339173384055984
1339173391455113
1339173394747594
1339173397958502
1339173401681066
