1338568711544772
1338569724355770
1338570735157281
1338571742583731
1338572746148400
1338573754927657
1338574766590192
1338575778364857
1338576788957144
1338577797590045
1338578809445024
1338579822487568
1338580833967674
1338581844722174
1338582855341500
1338583867363980
1338584876602155
1338585885244881
1338586895361196
1338587901383618
1338588907525630
1338589917839052
1338590929968598
1338591941157817
1338592952043030
1338593963971947
1338594975698604
1338595986243097
1338596994291638
1338598006251855
1338599013909945
1338600023485737
1338601030390052
1338602041170743
1338603048397967
1338604055845621
1338605060627702
1338606068669644
1338607074923373
1338608082449272
1338609087167680
1338610095155910
1338611105328118
1338612114089550
1338613124280386
1338614127907670
1338615131871039
1338616135547600
1338617139347602
1338618143395179
1338619147023216
1338620150874577
1338621154739581
1338622158030943
1338623162382648
1338624165636721
1338625169505196
1338626173800368
1338627178438001
1338628182482391
1338629186415290
1338630190622249
1338631194665239
1338632198376775
1338633201923006
1338634206039316
1338635209913760
1338636214155782
1338637217822814
1338638221496586
1338639225431804
1338640229261275
1338641233329104
1338642237346574
1338643241005783
1338644245501784
1338645249105563
1338646252318543
1338647256036182
1338648260306627
1338649263506760
1338650267661464
1338651274423078
1338652282262336
1338653287673630
1338654296135916
1338655302397370
1338656306992400
1338657317479719
1338658326920652
1338659335339963
1338660340719879
1338661345930525
1338662356210667
1338663364773363
1338664368048851
1338665372064881
1338666378004541
1338667385024565
1338668388329106
