1339183179964760
1339183183196032
1339183186504915
1339183189967536
1339183193152369
1339183196486821
1339183199681373
1339183202929905
1339183206233635
1339183209402821
1339183212886039
1339183216323977
1339183219613283
1339183222886073
1339183226198126
1339183229750436
1339183233246557
1339183236418277
1339183239578202
1339183243111871
1339183246566497
1339183250139616
1339183253720119
1339183257450764
1339183261454603
1339183265617510
1339183269751828
1339183274890874
1339183280240242
1339183286217943
1339183291137760
1339183296208570
1339183302336377
1339183309004617
1339183314725261
1339183320152039
1339183325842035
1339183331853444
1339183337726922
1339183341945161
1339183346086675
1339183351314063
1339183356687473
1339183361147726
1339183365134691
1339183369423406
1339183373853044
1339183378251000
1339183381852332
1339183385031787
1339183388244294
1339183391555196
1339183394800093
1339183398170082
1339183401728431
1339183405966265
1339183409899148
1339183413832437
1339183417733234
1339183421293823
1339183424627601
1339183427944655
1339183432128281
1339183435787811
1339183439138252
1339183442427932
1339183445834890
1339183449266746
1339183452706429
1339183456149044
1339183459542004
1339183462936011
1339183466325261
1339183470036197
1339183473665886
1339183477575692
1339183481578219
1339183485852190
1339183489797321
1339183494281982
1339183499013826
1339183503810387
1339183508793336
1339183513761859
1339183518719953
1339183522511592
1339183526451972
1339183530102944
1339183533836904
1339183537563724
1339183541647991
1339183546801273
1339183551582490
1339183555372214
1339183558982493
1339183564109121
1339183568614257
1339183572171797
1339183575755699
1339183579504443
