1339174721456780
1339174726011336
1339174730046336
1339174734978144
1339174739015062
1339174743339772
1339174747444524
1339174751925171
1339174756564233
1339174761122912
1339174766140677
1339174769627049
1339174773084862
1339174776528447
1339174780080294
1339174783550024
1339174787138825
1339174791156347
1339174796097046
1339174801027441
1339174805139979
1339174809045952
1339174812777917
1339174816429515
1339174823755817
1339174829048955
1339174834287053
1339174838314649
1339174841994048
1339174845759804
1339174850332732
1339174854886996
1339174859699634
1339174864301303
1339174868902092
1339174873375638
1339174878092370
1339174882908195
1339174887899461
1339174892885161
1339174898136148
1339174903066639
1339174906328449
1339174909684884
1339174912948792
1339174916309491
1339174919614585
1339174923047283
1339174926487633
1339174930869304
1339174934933429
1339174939037255
1339174943336441
1339174947301574
1339174951943471
1339174956928560
1339174960379756
1339174963561738
1339174966780617
1339174970066036
1339174973489283
1339174976983374
1339174980566503
1339174984234800
1339174988005040
1339174991990177
1339174996098135
1339174999644475
1339175006100284
1339175010110547
1339175014184171
1339175018776035
1339175023378203
1339175027604157
1339175031525277
1339175034833008
1339175038401540
1339175041974517
1339175045425831
1339175048981702
1339175053478699
1339175057527779
1339175061734530
1339175066107185
1339175070608975
1339175074995018
1339175078912406
1339175082882197
1339175086683729
1339175090387367
1339175094289821
1339175098152036
1339175102243387
1339175106338587
1339175110539153
1339175114841404
1339175119237064
1339175122722296
1339175127153786
1339175130232914
