1339173049781934
1339173052996840
1339173056224700
1339173059487631
1339173063007549
1339173066547590
1339173070028593
1339173073320974
1339173076525894
1339173079733401
1339173083121145
1339173087527168
1339173090758628
1339173094264271
1339173097791750
1339173101234642
1339173104868315
1339173108419019
1339173111900355
1339173115460624
1339173118777022
1339173122165114
1339173125876754
1339173129212646
1339173132608644
1339173135981559
1339173143010862
1339173146445464
1339173149817271
1339173154031183
1339173157595620
1339173160992996
1339173164467097
1339173167766604
1339173171222587
1339173174587487
1339173177943262
1339173182103018
1339173185385932
1339173189231436
1339173195387620
1339173198821691
1339173202298018
1339173205673076
1339173209280511
1339173212668412
1339173216066369
1339173220068281
1339173223707456
1339173227173974
1339173230505298
1339173233778995
1339173237245832
1339173240433973
1339173243696595
1339173247088634
1339173250488436
1339173253796127
1339173257245441
1339173260654996
1339173263947378
1339173267207212
1339173270414904
1339173274139201
1339173277615683
1339173281214379
1339173284455613
1339173287583229
1339173291073607
1339173294423175
1339173297808034
1339173301174755
1339173304357650
1339173307586032
1339173310558471
1339173313710563
1339173316988961
1339173320116818
1339173323281378
1339173326504473
1339173330174326
1339173334393983
1339173338674996
1339173341869355
1339173345153467
1339173348205230
1339173351212327
1339173354571587
1339173358201357
1339173362537829
1339173366406096
1339173370134134
1339173373813420
1339173377338582
1339173380660154
1339173384056241
1339173391455319
1339173394747814
1339173397958732
1339173401681332
