1339181065971077
1339181069974852
1339181074424334
1339181078783639
1339181083149052
1339181087483532
1339181091764636
1339181096300410
1339181100729237
1339181104077744
1339181107595974
1339181110913585
1339181114274522
1339181117848649
1339181125870304
1339181129761642
1339181133077106
1339181136276463
1339181139573158
1339181142681447
1339181145879905
1339181152904377
1339181156314162
1339181159589150
1339181166547951
1339181170314865
1339181173546029
1339181176747206
1339181183868974
1339181187053427
1339181190375975
1339181193537539
1339181196932253
1339181200110765
1339181203549084
1339181211094447
1339181214311279
1339181217788746
1339181221333100
1339181224674412
1339181227865232
1339181231341904
1339181238333971
1339181241756181
1339181245120583
1339181248561596
1339181251735203
1339181255018526
1339181258308239
1339181261624587
1339181265492418
1339181268828005
1339181272019974
1339181279615775
1339181283122861
1339181286800186
1339181293311441
1339181297632161
1339181302600018
1339181307642614
1339181311242369
1339181314935470
1339181318568743
1339181322400988
1339181326330378
1339181330493932
1339181334350853
1339181339328146
1339181344212060
1339181348772830
1339181353540336
1339181358325003
1339181363708559
1339181368516186
1339181371817239
1339181375098751
1339181378819481
1339181385046051
1339181388908850
1339181393012408
1339181397205019
1339181401203985
1339181404941642
1339181410531130
1339181415504517
1339181419755469
1339181423482449
1339181427511305
1339181431538164
1339181435982094
1339181440291433
1339181444609555
1339181448770559
1339181453064654
1339181457432593
1339181461857010
1339181466143493
1339181469900238
1339181473749520
1339181478513734
