1339171861651129
1339171865719100
1339171869692969
1339171873776102
1339171877901472
1339171881854874
1339171885912782
1339171890511991
1339171894763905
1339171899213215
1339171903582326
1339171907881162
1339171912328122
1339171916795071
1339171921321335
1339171925604944
1339171929983631
1339171934002784
1339171937912835
1339171941860804
1339171945223195
1339171948669893
1339171952098414
1339171957358969
1339171961072370
1339171964781061
1339171968545894
1339171972406678
1339171976879082
1339171981611122
1339171985524541
1339171989567375
1339171993729228
1339171997427720
1339172002258242
1339172005853352
1339172009426993
1339172013593653
1339172017853827
1339172022529586
1339172027303725
1339172032100442
1339172036741184
1339172041182612
1339172044477953
1339172047656587
1339172050912587
1339172055665756
1339172059822378
1339172063899559
1339172068929822
1339172074253569
1339172079181907
1339172083592396
1339172088383993
1339172093805299
1339172098710544
1339172102849611
1339172106746327
1339172110538023
1339172114660984
1339172118799681
1339172122885882
1339172126395275
1339172129633196
1339172132847987
1339172135994929
1339172139469076
1339172142875860
1339172146056693
1339172149373781
1339172152705870
1339172155988256
1339172159759096
1339172163336471
1339172170278260
1339172173811355
1339172177203063
1339172184393707
1339172187754779
1339172190861611
1339172193895758
1339172197248122
1339172200205903
1339172203144407
1339172206479600
1339172209675652
1339172212708457
1339172215796228
1339172219142848
1339172222450608
1339172225748174
1339172228794551
1339172231801326
1339172235100229
1339172238298767
1339172241494815
1339172244649987
1339172251272657
1339172254689337
