1339181066183751
1339181070162127
1339181074607664
1339181078959158
1339181083323681
1339181087653573
1339181091997204
1339181096493576
1339181100871626
1339181104273761
1339181107753948
1339181111085524
1339181114450117
1339181117994458
1339181126088976
1339181129919786
1339181133215212
1339181136423826
1339181139711511
1339181142811589
1339181146008509
1339181153141136
1339181156445760
1339181159743658
1339181166801487
1339181170464585
1339181173712686
1339181180225873
1339181184007567
1339181187201438
1339181190530587
1339181193715385
1339181197073121
1339181200265720
1339181203701207
1339181211291468
1339181214459323
1339181217936111
1339181221486695
1339181224808594
1339181228013542
1339181231495582
1339181238465763
1339181241906555
1339181245259430
1339181248727353
1339181251880282
1339181255182431
1339181258469642
1339181261808011
1339181265718646
1339181268968263
1339181272188838
1339181279748300
1339181283322497
1339181286974839
1339181293490464
1339181297847665
1339181302835190
1339181307798534
1339181311427708
1339181315100164
1339181318718532
1339181322592095
1339181326515522
1339181330674745
1339181334512863
1339181339600801
1339181344395144
1339181349015444
1339181353761016
1339181358641876
1339181363933873
1339181368756937
1339181371954392
1339181375282807
1339181381413109
1339181385224692
1339181389099215
1339181393208565
1339181397434742
1339181401366250
1339181405166081
1339181410727999
1339181415736005
1339181419926530
1339181423678483
1339181427676335
1339181431718487
1339181436180875
1339181440511174
1339181444811367
1339181448991155
1339181453244627
1339181457629631
1339181462038122
1339181466315634
1339181470063941
1339181473919652
1339181478732399
