1339178921833184
1339178925801051
1339178929266756
1339178933526574
1339178938175867
1339178942905016
1339178947804435
1339178953004573
1339178957295765
1339178961397607
1339178965467642
1339178969625471
1339178976408983
1339178981754572
1339178986710692
1339178992452027
1339178998314263
1339179005176659
1339179010130202
1339179013881168
1339179017471243
1339179021016110
1339179024875819
1339179029044000
1339179033098159
1339179037198145
1339179041488259
1339179046148816
1339179051104203
1339179055454231
1339179059506816
1339179063705670
1339179069102667
1339179073170909
1339179077233622
1339179081720077
1339179086367927
1339179091049362
1339179095944925
1339179100483917
1339179104582690
1339179108961965
1339179112989461
1339179116637954
1339179119985555
1339179123562587
1339179126929909
1339179130351362
1339179133613907
1339179136980964
1339179140266099
1339179144868680
1339179148168829
1339179151331917
1339179154786632
1339179158056776
1339179161374561
1339179164940584
1339179168488354
1339179171781749
1339179174999570
1339179178409857
1339179181695704
1339179184846216
1339179188185772
1339179195006468
1339179198539413
1339179201838583
1339179208813778
1339179211966232
1339179215068116
1339179218687841
1339179222114181
1339179225454238
1339179228866947
1339179232243132
1339179235514589
1339179238728251
1339179242043075
1339179246924963
1339179250579265
1339179253708904
1339179257056156
1339179260358585
1339179263677477
1339179266937409
1339179270343757
1339179273928529
1339179277812914
1339179281084560
1339179284511517
1339179287846952
1339179291110581
1339179294301264
1339179297749159
1339179302440370
1339179305895270
1339179309100460
1339179315842648
1339179319205738
