1339176393879812
1339176397250629
1339176400456920
1339176403998401
1339176407752462
1339176411701177
1339176415208447
1339176419099316
1339176422776517
1339176426470763
1339176430677259
1339176435332755
1339176439829903
1339176444648381
1339176450341868
1339176455244918
1339176459902694
1339176464519784
1339176468273561
1339176471943510
1339176476191779
1339176480961262
1339176489045823
1339176494626005
1339176498975579
1339176502850213
1339176506556224
1339176510306740
1339176515065058
1339176520283640
1339176525270855
1339176530244029
1339176534992226
1339176539922221
1339176544314112
1339176548711906
1339176552828756
1339176556680491
1339176560502117
1339176564246367
1339176567976102
1339176572386625
1339176576867111
1339176581882844
1339176586044750
1339176589984349
1339176593991734
1339176598345169
1339176602948768
1339176607878161
1339176612510876
1339176617276741
1339176622426707
1339176627677062
1339176631140619
1339176634523841
1339176637696329
1339176641068693
1339176651249855
1339176655753212
1339176659417884
1339176662803489
1339176666319993
1339176669582994
1339176673057343
1339176676631147
1339176680726676
1339176684638827
1339176689099816
1339176693463283
1339176697538487
1339176701052108
1339176704539077
1339176708132031
1339176711592710
1339176715461472
1339176719844266
1339176724531955
1339176728550734
1339176732149893
1339176735964521
1339176739774169
1339176743709741
1339176748052560
1339176752236570
1339176756444649
1339176761057558
1339176765141661
1339176768390979
1339176771714454
1339176775075692
1339176778373628
1339176782333555
1339176785882875
1339176789704428
1339176793657624
1339176797977868
1339176802505873
1339176807084119
1339176811822445
