1335845946273654
1335846954322900
1335847961213710
1335848970937228
1335849977579190
1335850986418756
1335851995482557
1335853004502540
1335854010774443
1335855017613847
1335856022881877
1335857026663462
1335858035092417
1335859044496951
1335860055943676
1335861067649928
1335862078248912
1335863091110727
1335864099302433
1335865108341655
1335866115987979
1335867120162029
1335868124692304
1335869129267019
1335870135363350
1335871140630414
1335872147291636
1335873154059413
1335874159988577
1335875167341786
1335876175708462
1335877186931904
1335878198496194
1335879209292238
1335880221915447
1335881232208973
1335882242798129
1335883253818813
1335884264283136
1335885276855698
1335886288278809
1335887296236887
1335888304498396
1335889310351906
1335890318053743
1335891325469320
1335892336360264
1335893345661291
1335894356132618
1335895361664277
1335896369465168
1335897374047109
1335898378953723
1335899383006993
1335900387641784
1335901393046818
1335902397934524
1335903403527990
1335904408475174
1335905414516447
1335906420260895
1335907427451754
1335908433293472
1335909439335134
1335910447596169
1335911454853135
1335912459185147
1335913462769409
1335914467231052
1335915473812895
1335916478442360
1335917483485693
1335918493673066
1335919500522184
1335920510218287
1335921517490429
1335922522594384
1335923526373185
1335924535766663
1335925545706505
1335926554021370
1335927561595956
1335928567688009
1335929577287334
1335930582842299
1335931592106453
1335932599137639
1335933609595806
1335934618233269
1335935627453805
1335936635664413
1335937644205212
1335938649345326
1335939653759873
1335940663734999
1335941670437843
1335942676290451
1335943683860184
1335944689768540
1335945695644474
