1339186484108199
1339186488262392
1339186492163926
1339186496108111
1339186499838346
1339186503657261
1339186507986580
1339186512998639
1339186517827069
1339186522829685
1339186527731098
1339186531825613
1339186535869566
1339186539935639
1339186543852808
1339186548806860
1339186554125186
1339186559466677
1339186564490886
1339186569069490
1339186574349234
1339186580514363
1339186586523272
1339186589971947
1339186593421324
1339186596866182
1339186600116668
1339186603598188
1339186606849222
1339186610341131
1339186613693330
1339186617256011
1339186620687743
1339186624270021
1339186627932677
1339186631701655
1339186635520971
1339186639351559
1339186643458954
1339186648074966
1339186651788810
1339186655521021
1339186659387272
1339186663526158
1339186668137621
1339186672317029
1339186676880276
1339186681644786
1339186686362529
1339186691497472
1339186697275111
1339186701749090
1339186705790430
1339186709609125
1339186713385977
1339186717159120
1339186720703092
1339186724134388
1339186727561567
1339186730981094
1339186734365538
1339186737761165
1339186741080275
1339186744319947
1339186747598701
1339186750928164
1339186754307795
1339186757720289
1339186761108257
1339186764443671
1339186767726666
1339186771208183
1339186774595774
1339186778588528
1339186782694953
1339186786597902
1339186790435792
1339186794446123
1339186798311149
1339186816245156
1339186819695227
1339186822891399
1339186826513956
1339186830038542
1339186833520106
1339186837241851
1339186840929011
1339186844627262
1339186848294563
1339186851918660
1339186855535795
1339186859203079
1339186862709396
1339186866677368
1339186871322947
1339186876212142
1339186881188613
1339186886493250
1339186891064828
1339186894916985
