1339188239429205
1339188242770417
1339188246204847
1339188249458740
1339188252669808
1339188255793928
1339188259002042
1339188262449215
1339188266589824
1339188270255466
1339188273466008
1339188276772720
1339188280392210
1339188283633294
1339188286737638
1339188290821615
1339188294171198
1339188297556580
1339188302650016
1339188305971496
1339188309285643
1339188314409921
1339188317966386
1339188322056096
1339188325473951
1339188328886143
1339188332262710
1339188335541819
1339188338630847
1339188341715978
1339188345720858
1339188349872574
1339188354286933
1339188358870858
1339188363421792
1339188374531207
1339188380164361
1339188384343410
1339188387679021
1339188391042229
1339188394382068
1339188397769990
1339188401125371
1339188404926505
1339188409735233
1339188414224247
1339188419430458
1339188426092143
1339188431984225
1339188437372006
1339188442024069
1339188446713439
1339188451989429
1339188456813555
1339188460338013
1339188463815401
1339188467293410
1339188470776763
1339188474387459
1339188478541537
1339188483252450
1339188488032899
1339188493275465
1339188500124002
1339188504960186
1339188509601175
1339188514683216
1339188519152790
1339188522917514
1339188526632165
1339188530273484
1339188534650652
1339188539095309
1339188543620125
1339188547575975
1339188551766663
1339188556205607
1339188560904962
1339188565461003
1339188569635581
1339188573805404
1339188577719062
1339188581600248
1339188586930355
1339188591565250
1339188596383772
1339188600631612
1339188604834077
1339188609393990
1339188614619442
1339188620241857
1339188625648767
1339188630676965
1339188635091248
1339188640173691
1339188645770308
1339188650679107
1339188655468369
1339188660628963
1339188665001621
