1335342143708213
1335343150594622
1335344155197686
1335345160345677
1335346166729140
1335347174668392
1335348181550189
1335349187558148
1335350193720373
1335351199882177
1335352206624243
1335353212039958
1335354218831533
1335355225244844
1335356231298168
1335357238430600
1335358243860366
1335359249270196
1335360255410788
1335361262449139
1335362268640476
1335363276253082
1335364282633377
1335365288635684
1335366295887285
1335367303060601
1335368309041250
1335369314428332
1335370317921582
1335371323823106
1335372331059029
1335373337818042
1335374343629583
1335375349943036
1335376355877205
1335377361674786
1335378366730426
1335379372203508
1335380376242388
1335381380178006
1335382383730233
1335383389715696
1335384394368525
1335385398466300
1335386402531288
1335387408173290
1335388412270895
1335389418905405
1335390424252982
1335391430689411
1335392437582721
1335393443839975
1335394449469343
1335395456598574
1335396461903414
1335397468219259
1335398474174243
1335399480534627
1335400487254783
1335401493263795
1335402499734023
1335403506232566
1335404511459976
1335405515744396
1335406522189025
1335407529216432
1335408535056138
1335409541000098
1335410547538070
1335411554464565
1335412559818124
1335413565765502
1335414571801208
1335415577092206
1335416582815032
1335417587867883
1335418593371634
1335419599920522
1335420606937659
1335421613429495
1335422619639263
1335423626856836
1335424632583525
1335425638105124
1335426644390967
1335427650947192
1335428657697893
1335429664851459
1335430671993238
1335431678098614
1335432684872764
1335433690887158
1335434696702807
1335435703587197
1335436709323324
1335437715031159
1335438720796388
1335439727013476
1335440735416331
1335441741852784
