1337964160825937
1337965164717265
1337966168325724
1337967172573717
1337968176713835
1337969180440857
1337970183643024
1337971187070898
1337972190211658
1337973193943092
1337974198003358
1337975201873164
1337976206301198
1337977209988351
1337978213829953
1337979219030974
1337980222614345
1337981226402505
1337982230499538
1337983233716951
1337984236973109
1337985240273266
1337986244087882
1337987248708879
1337988256712918
1337989261994401
1337990267423884
1337991272042755
1337992282112304
1337993289237928
1337994293429519
1337995300798837
1337996310492280
1337997319336082
1337998324261749
1337999332484423
1338000342687532
1338001350846991
1338002362705761
1338003372740453
1338004376763051
1338005382819475
1338006386517938
1338007390494832
1338008395317061
1338009400841568
1338010406371443
1338011411227733
1338012416856662
1338013423297786
1338014429953199
1338015438516453
1338016445066630
1338017452097163
1338018461229833
1338019469015586
1338020476880598
1338021486430874
1338022496379326
1338023507113721
1338024519060481
1338025529963511
1338026541708467
1338027554395780
1338028566289841
1338029576708334
1338030587420875
1338031600341338
1338032613854827
1338033624736667
1338034635294407
1338035641928548
1338036647129021
1338037652614457
1338038658567286
1338039664917291
1338040669246477
1338041679954866
1338042689202596
1338043698199534
1338044705511285
1338045713680005
1338046724762902
1338047729223174
1338048737549310
1338049746428237
1338050758541394
1338051771203383
1338052785503163
1338053796923014
1338054802705115
1338055814429747
1338056826057782
1338057838679891
1338058850330418
1338059860758541
1338060871570858
1338061879426640
1338062891873794
1338063904414194
