1335845946495306
1335846955725047
1335847961459430
1335848971666806
1335849977807643
1335850986831006
1335851995950155
1335853004953278
1335854011212327
1335855018159908
1335856023109840
1335857026970052
1335858035776117
1335859045116320
1335860056567351
1335861068190895
1335862078804194
1335863091686280
1335864099766374
1335865108842871
1335866116322377
1335867120435938
1335868124947898
1335869129618389
1335870135794731
1335871140945828
1335872147642619
1335873154506995
1335874160394728
1335875167849108
1335876176231169
1335877187511998
1335878199342355
1335879209956160
1335880223477128
1335881232739698
1335882243402418
1335883254459274
1335884264847968
1335885277694024
1335886288799788
1335887296796529
1335888305070148
1335889310667913
1335890318490038
1335891325715905
1335892337244798
1335893346165133
1335894356568056
1335895362021719
1335896369817703
1335897374294552
1335898379262872
1335899383357341
1335900387986793
1335901393370675
1335902398161256
1335903403898925
1335904408792120
1335905414863677
1335906421099359
1335907427873022
1335908433728798
1335909439699548
1335910448307592
1335911455222535
1335912459413258
1335913462944728
1335914467447669
1335915474035367
1335916478759527
1335917483769704
1335918494498114
1335919500939388
1335920510668590
1335921517981324
1335922522939152
1335923526577811
1335924536482006
1335925546327086
1335926554566795
1335927562089182
1335928568019317
1335929577969348
1335930583032015
1335931592634539
1335932599576414
1335933611039714
1335934618719310
1335935627795349
1335936636299207
1335937644584273
1335938649691555
1335939654039532
1335940664081325
1335941670897040
1335942676557992
1335943684496213
1335944689972547
1335945696082501
