1339186897821276
1339186901673019
1339186905686417
1339186910050675
1339186913930504
1339186917807444
1339186921596846
1339186925406892
1339186929306526
1339186933423553
1339186937583054
1339186941679458
1339186945799322
1339186949870763
1339186953753272
1339186957673656
1339186961459932
1339186965406128
1339186970543339
1339186974428823
1339186977986141
1339186981693030
1339186985733344
1339186989696191
1339186993946306
1339186998258328
1339187004075752
1339187009007263
1339187014358784
1339187019558304
1339187025738016
1339187032713001
1339187038980926
1339187044449089
1339187049160021
1339187053692478
1339187060884177
1339187069036256
1339187075952934
1339187080998207
1339187085962017
1339187091310414
1339187098029785
1339187104450302
1339187109299705
1339187113885319
1339187118696098
1339187123672756
1339187127625160
1339187130948138
1339187134479529
1339187137799841
1339187141119721
1339187144399840
1339187147673594
1339187150954861
1339187154190289
1339187157355447
1339187160649587
1339187163722667
1339187166985328
1339187170433284
1339187173873865
1339187177358087
1339187180853179
1339187183955653
1339187187367455
1339187190625719
1339187193876591
1339187197080603
1339187200446492
1339187203550655
1339187206813440
1339187210061008
1339187213402482
1339187216748085
1339187220061876
1339187223183850
1339187226529712
1339187229822584
1339187233033908
1339187236428558
1339187239735507
1339187242957439
1339187246251093
1339187249428047
1339187252755893
1339187255917026
1339187259323848
1339187262891596
1339187266348618
1339187270298675
1339187274051938
1339187278334977
1339187283305659
1339187288544898
1339187293282895
1339187298646670
1339187302725562
1339187306788654
