1339186483920598
1339186488094941
1339186492013190
1339186495922302
1339186499681605
1339186503503041
1339186507808190
1339186512781377
1339186517602566
1339186522604509
1339186527545774
1339186531641856
1339186535694194
1339186539741768
1339186543683074
1339186548561073
1339186553890692
1339186559240358
1339186564206299
1339186568860001
1339186574105920
1339186580241182
1339186586373199
1339186589821221
1339186593269092
1339186596724813
1339186599969161
1339186603456397
1339186606707383
1339186610195448
1339186613548999
1339186617099459
1339186620541774
1339186624108581
1339186627784090
1339186631550081
1339186635323175
1339186639193731
1339186643262940
1339186647913277
1339186651639268
1339186655351487
1339186659206411
1339186663335967
1339186667918015
1339186672105994
1339186676639389
1339186681445962
1339186686163246
1339186691207150
1339186697069166
1339186701557792
1339186705610849
1339186709438366
1339186713214822
1339186716989072
1339186720547837
1339186723971497
1339186727406651
1339186730833070
1339186734219050
1339186737613216
1339186740938992
1339186744177453
1339186747456028
1339186750780818
1339186754160966
1339186757573214
1339186760960492
1339186764298956
1339186767579898
1339186771065195
1339186774453429
1339186778402694
1339186782534436
1339186786436056
1339186790273602
1339186794280226
1339186798163425
1339186815982450
1339186819524789
1339186822749245
1339186826370298
1339186829894893
1339186833375819
1339186837073999
1339186840763760
1339186844470129
1339186848137026
1339186851763917
1339186855379865
1339186859037362
1339186862551493
1339186866470997
1339186871060563
1339186875995697
1339186880969676
1339186886230069
1339186890908780
1339186894755721
