1339186114667988
1339186119568092
1339186124236842
1339186127977041
1339186131077145
1339186134344027
1339186137554728
1339186140825902
1339186144087868
1339186147305258
1339186150470362
1339186154786008
1339186157841072
1339186161127722
1339186164246647
1339186167387788
1339186170607485
1339186173982958
1339186177192016
1339186180482319
1339186183544160
1339186187137231
1339186201209266
1339186204707813
1339186207986871
1339186211671227
1339186214898606
1339186218569841
1339186221992000
1339186225120882
1339186228333046
1339186231525562
1339186234802154
1339186237947053
1339186241094196
1339186244453689
1339186247633736
1339186250796078
1339186254063604
1339186257365650
1339186260504039
1339186263820904
1339186267096984
1339186270363889
1339186273727015
1339186277263264
1339186280773346
1339186284223201
1339186287537971
1339186290665120
1339186293749361
1339186297092696
1339186300383797
1339186303829611
1339186307128607
1339186310471300
1339186314016770
1339186317251065
1339186320572808
1339186324528187
1339186328617044
1339186332441825
1339186336053113
1339186339671188
1339186343228817
1339186346627016
1339186350028539
1339186353456193
1339186357278474
1339186361772103
1339186365559222
1339186369730109
1339186373868574
1339186377843131
1339186381074905
1339186384463277
1339186387732998
1339186391187520
1339186394472970
1339186398112822
1339186401746362
1339186405509804
1339186409448922
1339186413208046
1339186416902026
1339186420935040
1339186424956438
1339186428746375
1339186432662435
1339186436710865
1339186440540967
1339186444392788
1339186448428629
1339186452452025
1339186456319670
1339186460257114
1339186464142759
1339186467762595
1339186471814099
1339186476877057
