1338367213306764
1338368216548472
1338369219820194
1338370223878016
1338371227735092
1338372231841200
1338373236627088
1338374244982918
1338375249729036
1338376256881632
1338377261907548
1338378274616363
1338379282350897
1338380287360591
1338381291155835
1338382294986749
1338383300493767
1338384304942294
1338385314104988
1338386319896647
1338387325898235
1338388332700099
1338389339685312
1338390346908227
1338391354481114
1338392362483552
1338393371835735
1338394375818478
1338395380105159
1338396385365230
1338397389750665
1338398393542724
1338399397285262
1338400400831648
1338401405466908
1338402411416618
1338403419085322
1338404425298684
1338405434002334
1338406443418262
1338407450711171
1338408456320611
1338409460960154
1338410465733813
1338411473949942
1338412481707763
1338413492674489
1338414504663782
1338415515183836
1338416521181853
1338417534896407
1338418549611733
1338419561155200
1338420572614314
1338421583636756
1338422595685861
1338423606954575
1338424620118713
1338425633045517
1338426646588286
1338427659562860
1338428673123902
1338429685847045
1338430697552282
1338431709535051
1338432721635121
1338433733661030
1338434747115106
1338435760072408
1338436772645058
1338437786156663
1338438800712577
1338439813259539
1338440824814924
1338441829284010
1338442833756831
1338443839381945
1338444846720757
1338445859093096
1338446871691644
1338447883403813
1338448896131090
1338449906709664
1338450911160256
1338451923397424
1338452935315864
1338453945676783
1338454956487253
1338455963247554
1338456968892930
1338457977044009
1338458983450610
1338459991586189
1338460997378992
1338462001197167
1338463008112126
1338464012812916
1338465016281490
1338466024294144
1338467035449146
