1336552380320663
1336553386095632
1336554390249616
1336555394342893
1336556398579825
1336557402991401
1336558407023496
1336559411888831
1336560416418383
1336561421347780
1336562425411305
1336563429201265
1336564436170856
1336565443620727
1336566451274291
1336567460970828
1336568471295347
1336569479182133
1336570489547069
1336571500172376
1336572512496899
1336573521408953
1336574527220217
1336575532565460
1336576539358306
1336577543875026
1336578553072602
1336579556568676
1336580561341844
1336581572271323
1336582579255392
1336583590891362
1336584600092548
1336585609704770
1336586619129377
1336587625142959
1336588631871634
1336589638942136
1336590647616918
1336591655865704
1336592660400262
1336593669977165
1336594676135169
1336595686345573
1336596697372488
1336597707107017
1336598719616028
1336599729012020
1336600734848600
1336601744337295
1336602750299420
1336603760124874
1336604768172127
1336605774044454
1336606785300973
1336607793242529
1336608803688214
1336609812930065
1336610820688402
1336611826351253
1336612836951119
1336613844847529
1336614856321022
1336615864045072
1336616871225488
1336617877688650
1336618888359748
1336619899868289
1336620909493634
1336621914535005
1336622925038136
1336623929954002
1336624940820521
1336625951813581
1336626960803275
1336627970590912
1336628977235307
1336629987675528
1336630999490082
1336632006694291
1336633012887527
1336634021341344
1336635031344793
1336636040563669
1336637046121763
1336638055036838
1336639064949709
1336640073078551
1336641079777421
1336642090054330
1336643097864994
1336644107311252
1336645117906340
1336646124046201
1336647135877111
1336648144517240
1336649152509138
1336650157562007
1336651164843260
1336652176516989
