1337761506822382
1337762517555699
1337763529980706
1337764544262708
1337765554817933
1337766567848383
1337767577433910
1337768590517387
1337769604436201
1337770616523036
1337771626891776
1337772634021171
1337773640219764
1337774645006582
1337775656140638
1337776663593677
1337777673942379
1337778682369637
1337779692209505
1337780700481096
1337781711585329
1337782717835999
1337783723175524
1337784730834707
1337785736519023
1337786743879197
1337787751265091
1337788757384525
1337789761895463
1337790767572408
1337791778596848
1337792790908442
1337793805507991
1337794812209206
1337795822864923
1337796833948878
1337797846121144
1337798857144347
1337799869469852
1337800880739628
1337801889961970
1337802903075564
1337803916868853
1337804927910400
1337805935559922
1337806948026816
1337807961175283
1337808970001038
1337809982270109
1337810992568317
1337812003952995
1337813011249439
1337814017483857
1337815023570882
1337816033979097
1337817045861912
1337818053983962
1337819063251802
1337820075030881
1337821088199617
1337822100755272
1337823110686232
1337824121077616
1337825129271657
1337826133449857
1337827137172148
1337828140927716
1337829145056520
1337830149006487
1337831153405006
1337832157019783
1337833161051929
1337834163921253
1337835166677417
1337836170591412
1337837174883728
1337838179154632
1337839183632735
1337840187636046
1337841191451927
1337842195093603
1337843199152417
1337844203047468
1337845206574374
1337846212213582
1337847217220287
1337848221071588
1337849224798575
1337850229628570
1337851233395218
1337852237548726
1337853241372970
1337854247517400
1337855253637753
1337856258443309
1337857264315385
1337858271028104
1337859277308637
1337860285707147
1337861295259622
