1336955850848262
1336956860943052
1336957871264462
1336958881458135
1336959889788901
1336960896704863
1336961903033255
1336962907447454
1336963911847708
1336964916136291
1336965919933602
1336966924092865
1336967929031118
1336968933682561
1336969939558763
1336970943544682
1336971949907360
1336972962128183
1336973975894926
1336974991648860
1336976004573981
1336977009438259
1336978012647076
1336979017840796
1336980021439864
1336981024981737
1336982028516780
1336983035056214
1336984042267424
1336985050679662
1336986059480470
1336987064944838
1336988071577514
1336989078950647
1336990086546833
1336991091975787
1336992101810233
1336993112167766
1336994121745994
1336995133698546
1336996143803584
1336997154700679
1336998164732128
1336999177049111
1337000188714974
1337001199793179
1337002208458289
1337003219355140
1337004232068785
1337005244947649
1337006257719795
1337007269492083
1337008281346102
1337009292581187
1337010300461953
1337011312428625
1337012324526241
1337013337366769
1337014351693814
1337015364153743
1337016376515915
1337017388065962
1337018403340508
1337019412545732
1337020424402849
1337021435601942
1337022446418691
1337023459317558
1337024473171702
1337025486586506
1337026498947003
1337027511728771
1337028522393888
1337029534609790
1337030545729856
1337031555860751
1337032567671132
1337033579150591
1337034588847694
1337035596967910
1337036605778617
1337037614825374
1337038624977432
1337039634581726
1337040642540021
1337041648101839
1337042655607867
1337043659524735
1337044664926489
1337045674596169
1337046686094283
1337047698941571
1337048712549892
1337049723769462
1337050734098368
1337051746725084
1337052760668385
1337053774141142
1337054787019385
1337055800494534
