1335745255716021
1335746260313971
1335747264678328
1335748268888389
1335749273209590
1335750284603685
1335751291255776
1335752302497962
1335753313291332
1335754325685470
1335755338514886
1335756351193241
1335757360138917
1335758367210764
1335759371586064
1335760375848445
1335761379019407
1335762382767829
1335763387379387
1335764391776857
1335765395568142
1335766399317051
1335767403540251
1335768407494004
1335769413871650
1335770419095214
1335771424886945
1335772431876535
1335773439320752
1335774445407728
1335775454796165
1335776460824490
1335777468430808
1335778477733455
1335779483135129
1335780486688057
1335781491861617
1335782498996542
1335783506884212
1335784512063121
1335785517226420
1335786521522177
1335787526313664
1335788531665376
1335789536649062
1335790542112339
1335791552576190
1335792558862428
1335793562406192
1335794567562613
1335795574700998
1335796581648328
1335797590979392
1335798596894581
1335799604505021
1335800611137534
1335801619557640
1335802629647100
1335803635829258
1335804644250050
1335805651643854
1335806658746008
1335807663599525
1335808673445103
1335809682869550
1335810693220774
1335811699882386
1335812707861456
1335813718244931
1335814728387368
1335815739868966
1335816748813501
1335817756045287
1335818763361609
1335819768290342
1335820772320318
1335821778200933
1335822785695934
1335823793341709
1335824802558936
1335825810227757
1335826815748050
1335827822003136
1335828828139393
1335829835714383
1335830841677299
1335831845108912
1335832849140059
1335833856792235
1335834862954832
1335835868552282
1335836875295076
1335837881289563
1335838886283067
1335839896977477
1335840908452404
1335841920071822
1335842927682321
1335843932669746
1335844940384876
