1339178920426552
1339178924088913
1339178927856527
1339178931710417
1339178936234168
1339178941083131
1339178945954485
1339178950845086
1339178955598528
1339178959701596
1339178963838204
1339178967819409
1339178972319934
1339178979750718
1339178984564492
1339178990200390
1339178995692650
1339179003158885
1339179008139216
1339179012548449
1339179015932430
1339179019553172
1339179023302359
1339179027380069
1339179031412917
1339179035553950
1339179039819856
1339179044015315
1339179049212903
1339179053783938
1339179057902001
1339179062022106
1339179067145363
1339179071495839
1339179075638092
1339179079821347
1339179084476735
1339179089202387
1339179094110513
1339179098641926
1339179102989825
1339179107329610
1339179111327644
1339179115116298
1339179118602653
1339179122108552
1339179125660638
1339179128987224
1339179132323473
1339179135629089
1339179138898283
1339179143385466
1339179146744654
1339179150054602
1339179153433449
1339179156800878
1339179160098054
1339179163515002
1339179167197894
1339179170491022
1339179173746553
1339179177082121
1339179180449180
1339179183545607
1339179186832866
1339179193435311
1339179197336404
1339179200566527
1339179207383754
1339179210679974
1339179213887538
1339179217380905
1339179220804209
1339179224109649
1339179227451654
1339179230909343
1339179234137150
1339179237498553
1339179240747960
1339179244032152
1339179249377170
1339179252523420
1339179255636488
1339179258988329
1339179262305359
1339179265694948
1339179268987291
1339179272610787
1339179276132442
1339179279771166
1339179282980534
1339179286542288
1339179289830853
1339179293108010
1339179296250212
1339179301147097
1339179304571169
1339179307849830
1339179314386472
1339179317922274
