1336249932618283
1336250940105048
1336251946854854
1336252953444159
1336253958417589
1336254969003144
1336255979894633
1336256986854411
1336257996048096
1336259002922040
1336260007942767
1336261014682508
1336262021162000
1336263029593823
1336264037449844
1336265046580185
1336266052018112
1336267060454302
1336268065110091
1336269073773434
1336270079650738
1336271088910380
1336272097579383
1336273103272587
1336274111100008
1336275116592858
1336276125784460
1336277130462241
1336278138555237
1336279144041097
1336280149870144
1336281156435473
1336282159458900
1336283163353874
1336284171355838
1336285177674412
1336286186518839
1336287195666135
1336288203351947
1336289214107807
1336290219439124
1336291229633214
1336292236811631
1336293247340549
1336294253467999
1336295259147761
1336296269310000
1336297276692961
1336298282222050
1336299291140164
1336300296900961
1336301304840534
1336302310229623
1336303320123128
1336304327717946
1336305336250197
1336306344225554
1336307348749510
1336308357493006
1336309362430275
1336310369229386
1336311373283856
1336312377160264
1336313381652777
1336314385853561
1336315389443985
1336316393475486
1336317397448048
1336318402469377
1336319406944189
1336320412411181
1336321418346823
1336322422500543
1336323426213899
1336324430210944
1336325435540788
1336326441380116
1336327448059078
1336328455449427
1336329463177220
1336330470414861
1336331479309431
1336332489579496
1336333498280865
1336334508665998
1336335519263395
1336336530062427
1336337541467546
1336338548955012
1336339554796321
1336340566059300
1336341576567949
1336342588352760
1336343593107546
1336344599796089
1336345606202272
1336346615594827
1336347623881647
1336348631024669
1336349643964716
