1335544383638309
1335545388095481
1335546391944447
1335547395942916
1335548400257554
1335549405556857
1335550410082660
1335551416124886
1335552421438532
1335553426460974
1335554433158240
1335555438764457
1335556444294178
1335557450341738
1335558458385665
1335559467126090
1335560474887234
1335561482268924
1335562491161003
1335563501051731
1335564510902036
1335565522506230
1335566529699385
1335567534264660
1335568547030120
1335569557107174
1335570568036781
1335571580093909
1335572590498593
1335573601491824
1335574616534556
1335575627252416
1335576639439646
1335577650764998
1335578663602372
1335579677624299
1335580691130037
1335581704308230
1335582716767004
1335583727911051
1335584740477115
1335585753471998
1335586766169799
1335587780036711
1335588789855790
1335589800611855
1335590811391819
1335591820313145
1335592827735151
1335593837315528
1335594849652673
1335595861317752
1335596873827321
1335597884861117
1335598896112105
1335599907256598
1335600915520506
1335601919514115
1335602924498424
1335603931124039
1335604936616598
1335605946193981
1335606955285661
1335607965629078
1335608976924060
1335609987046422
1335610998348620
1335612007181803
1335613015237314
1335614020326083
1335615025437598
1335616029774228
1335617040288402
1335618051189043
1335619064138169
1335620076567673
1335621087459644
1335622097704853
1335623107287926
1335624116959432
1335625126788680
1335626136948687
1335627146632295
1335628155253960
1335629163142058
1335630166626034
1335631171218853
1335632175788829
1335633183567347
1335634194623592
1335635206639626
1335636218727974
1335637228273641
1335638241569635
1335639254233934
1335640264833212
1335641277748599
1335642288183577
1335643301494114
1335644312773634
