1338266370425328
1338267374079821
1338268377331382
1338269380890043
1338270385807876
1338271390028158
1338272394294101
1338273399819424
1338274405890038
1338275411526951
1338276418068796
1338277425238633
1338278432615335
1338279442037074
1338280449142902
1338281456298693
1338282466051902
1338283478133059
1338284489627696
1338285500088729
1338286512938131
1338287525590832
1338288533564448
1338289544722520
1338290554125838
1338291566710984
1338292578948547
1338293592971349
1338294607788409
1338295620247437
1338296632184826
1338297646087565
1338298658613065
1338299670284021
1338300681454080
1338301694371976
1338302708097792
1338303720951492
1338304732794533
1338305745663059
1338306757197548
1338307771085868
1338308785225568
1338309799046808
1338310811780233
1338311822446469
1338312833483027
1338313841234672
1338314849802596
1338315854168351
1338316862071129
1338317867841543
1338318876162944
1338319885589238
1338320896017124
1338321903849755
1338322913907004
1338323924163463
1338324936687732
1338325945282685
1338326952580697
1338327959927381
1338328968357298
1338329975171940
1338330982330122
1338331991077616
1338333001900429
1338334010011929
1338335015825408
1338336022767721
1338337033142826
1338338045002105
1338339056496704
1338340068811307
1338341081350474
1338342092259983
1338343105000544
1338344115930632
1338345123357225
1338346130381934
1338347134628208
1338348137992480
1338349141825247
1338350146100341
1338351150256627
1338352154317343
1338353158499327
1338354162749963
1338355167226592
1338356171575293
1338357175198534
1338358179224915
1338359183244254
1338360187744039
1338361190934511
1338362194646784
1338363198448169
1338364202292919
1338365205702209
1338366209421453
