1337259045280111
1337260051241956
1337261058386411
1337262063726333
1337263071984030
1337264080935483
1337265091003283
1337266099476765
1337267109031677
1337268118054265
1337269124749659
1337270133118974
1337271138482990
1337272142565959
1337273149883014
1337274163236183
1337275175685634
1337276184531669
1337277196337746
1337278207347040
1337279218635999
1337280226768566
1337281231849219
1337282246032687
1337283259750295
1337284272854378
1337285283814009
1337286297539658
1337287309675910
1337288322089065
1337289334374785
1337290348118487
1337291363177068
1337292374033438
1337293387295792
1337294394200265
1337295405681835
1337296418061886
1337297432548089
1337298445212443
1337299457604476
1337300471637178
1337301485406384
1337302499018501
1337303508481162
1337304522053579
1337305534841435
1337306544227820
1337307553826331
1337308566274497
1337309577513788
1337310588827895
1337311600906508
1337312613828212
1337313627135254
1337314638853859
1337315651279302
1337316666114080
1337317678811093
1337318693746058
1337319706482863
1337320720298229
1337321732031523
1337322744115002
1337323757323838
1337324767746808
1337325780044839
1337326790309956
1337327804145647
1337328816570123
1337329828303505
1337330836493781
1337331846658155
1337332858842279
1337333869027818
1337334872677900
1337335876952116
1337336881208469
1337337884871023
1337338888295263
1337339894490768
1337340905657173
1337341909438922
1337342914743913
1337343918884672
1337344922417389
1337345925948460
1337346928906320
1337347933018562
1337348943004782
1337349956885005
1337350969234460
1337351982106815
1337352991416729
1337353999906260
1337355005185495
1337356011560217
1337357016919783
1337358025445745
1337359030335145
