1338668391012935
1338669395668223
1338670400328859
1338671405492457
1338672411303813
1338673416980501
1338674422623504
1338675428167852
1338676434067665
1338677441167262
1338678449251142
1338679458493563
1338680466047248
1338681472202859
1338682481818603
1338683490520273
1338684496889585
1338685502935323
1338686511947474
1338687524487669
1338688535996412
1338689549332764
1338690559865120
1338691571456146
1338692582684488
1338693592132040
1338694598166326
1338695608497274
1338696620209356
1338697630788273
1338698640930211
1338699645384498
1338700651895050
1338701657157373
1338702664626340
1338703671169420
1338704677312138
1338705685124489
1338706692143281
1338707698434860
1338708705907815
1338709710363906
1338710721819574
1338711728711156
1338712738537372
1338713747438726
1338714752997257
1338715759912097
1338716766401823
1338717774286759
1338718785929161
1338719797104717
1338720807968949
1338721820489630
1338722831675739
1338723843712723
1338724851829483
1338725858855675
1338726868118212
1338727876969264
1338728886887405
1338729892522683
1338730897707532
1338731906087773
1338732911496335
1338733918171053
1338734924493037
1338735932373820
1338736941253154
1338737950658099
1338738956748810
1338739963143914
1338740969593256
1338741974004347
1338742978076853
1338743986015795
1338744993703363
1338746002161432
1338747007077021
1338748010804220
1338749014776534
1338750018814935
1338751022936789
1338752027190099
1338753031082640
1338754037097780
1338755046449633
1338756056800862
1338757066091014
1338758075970798
1338759084534170
1338760091847446
1338761098645010
1338762107183132
1338763114130039
1338764120283004
1338765126559990
1338766130289143
1338767134397089
1338768137785250
