1336349651803281
1336350659370300
1336351664505162
1336352671727743
1336353681044520
1336354687463834
1336355692123036
1336356696637132
1336357708804491
1336358717481789
1336359728936463
1336360734899625
1336361743967089
1336362754699168
1336363762014123
1336364773930612
1336365780154585
1336366788816197
1336367796666426
1336368806094088
1336369812653743
1336370817382208
1336371821167767
1336372826994828
1336373834848177
1336374842528929
1336375851326707
1336376860148795
1336377873391723
1336378881325411
1336379892864635
1336380900334987
1336381912523819
1336382918891882
1336383922746975
1336384933300177
1336385945652169
1336386955856965
1336387963567298
1336388975726577
1336389988578166
1336390998431366
1336392007122582
1336393015458523
1336394022349313
1336395030109113
1336396035853838
1336397043071856
1336398055395323
1336399062272887
1336400072211535
1336401079191357
1336402090681706
1336403100182676
1336404109378599
1336405120236427
1336406128551445
1336407138243810
1336408149208137
1336409153395539
1336410157855314
1336411166527135
1336412174165871
1336413186036752
1336414194281051
1336415202164808
1336416212266009
1336417217705309
1336418228096264
1336419234557976
1336420242083561
1336421247776242
1336422252311063
1336423261027957
1336424270627724
1336425278735425
1336426287991903
1336427297858685
1336428307168256
1336429317560230
1336430327962699
1336431338393429
1336432351487610
1336433362336621
1336434367545861
1336435373934989
1336436378607494
1336437382858603
1336438386933933
1336439390792766
1336440394437038
1336441398426711
1336442403321938
1336443408942504
1336444414397901
1336445419294224
1336446425536035
1336447433082677
1336448440888233
1336449448665341
