1336350656252730
1336351662049062
1336352667579010
1336353675966994
1336354685107269
1336355689947356
1336356694378738
1336357700929321
1336358713252435
1336359721809706
1336360733341576
1336361738431510
1336362748110755
1336363758600387
1336364766283981
1336365777591507
1336366783181172
1336367793084439
1336368800684887
1336369810381694
1336370815109637
1336371819707721
1336372824443466
1336373829754496
1336374839681139
1336375845866408
1336376855752573
1336377865131831
1336378877691193
1336379885742436
1336380896478918
1336381905166951
1336382917254718
1336383921079232
1336384926791556
1336385938888882
1336386950363370
1336387960121306
1336388968627975
1336389981349053
1336390992381944
1336392003775844
1336393010493384
1336394019216891
1336395025743571
1336396033369497
1336397038835573
1336398048771290
1336399060252494
1336400065811977
1336401075524954
1336402083693310
1336403095071876
1336404105012473
1336405113598518
1336406124833824
1336407132607516
1336408143558705
1336409151456588
1336410155380751
1336411161242769
1336412170374453
1336413178573704
1336414189975678
1336415198710450
1336416206511273
1336417215420040
1336418221320644
1336419231728185
1336420239203964
1336421244530815
1336422250385475
1336423255324516
1336424265636367
1336425274272937
1336426282787711
1336427292237522
1336428301645081
1336429311807614
1336430322602990
1336431331943755
1336432344283642
1336433357208609
1336434365676132
1336435370986537
1336436376232869
1336437380664640
1336438384862553
1336439388990883
1336440392605117
1336441396732518
1336442400544814
1336443405994565
1336444411419439
1336445416939677
1336446422023516
1336447429057459
1336448437271505
1336449444457356
1336450452272950
