1339185651597306
1339185655236127
1339185658885373
1339185662475906
1339185666037130
1339185669585005
1339185673333829
1339185676808351
1339185680536844
1339185684465368
1339185688824580
1339185693087137
1339185696946548
1339185700860223
1339185704994208
1339185709255753
1339185712870194
1339185716693870
1339185720747304
1339185725152467
1339185729314098
1339185733822252
1339185740123643
1339185744475075
1339185749740271
1339185754207113
1339185758446211
1339185763740706
1339185768970121
1339185773871037
1339185778375861
1339185783197738
1339185792796944
1339185797602353
1339185801025207
1339185804174012
1339185807336343
1339185810597362
1339185814006959
1339185817658250
1339185821286943
1339185824944578
1339185828873214
1339185833650946
1339185839077850
1339185844956144
1339185851461127
1339185858914537
1339185865423816
1339185871671593
1339185875645167
1339185879476483
1339185883577250
1339185887543792
1339185891283488
1339185896009264
1339185900497616
1339185905433196
1339185910123945
1339185914799382
1339185919732099
1339185926077856
1339185933272250
1339185940791080
1339185947030737
1339185953756976
1339185960551888
1339185968240410
1339185975844594
1339185983559379
1339185989965065
1339185995599219
1339186001193161
1339186006255350
1339186010590476
1339186016940702
1339186022105925
1339186027339821
1339186032376014
1339186035872480
1339186039117705
1339186042193359
1339186046319869
1339186050364042
1339186054345697
1339186058328916
1339186062078175
1339186065836909
1339186069414604
1339186072971530
1339186076459964
1339186080401180
1339186084039252
1339186087645435
1339186091154080
1339186094661367
1339186098416936
1339186102586359
1339186107050401
1339186111049163
