1338265368672089
1338266372303682
1338267375399828
1338268378954964
1338269383358130
1338270388236028
1338271391824629
1338272397121173
1338273403070638
1338274408603668
1338275415105308
1338276422031147
1338277429002876
1338278437893236
1338279446169649
1338280452435455
1338281461177610
1338282472688663
1338283484392790
1338284494781511
1338285507466691
1338286520400771
1338287529303168
1338288540213074
1338289549375040
1338290560717953
1338291573901018
1338292586762763
1338293599885751
1338294615856666
1338295626061459
1338296640564010
1338297653645602
1338298665287243
1338299676157840
1338300689237856
1338301702916333
1338302715375329
1338303728271916
1338304740133270
1338305752590957
1338306764532920
1338307779426273
1338308793983101
1338309806185699
1338310816780353
1338311829652027
1338312837856548
1338313845808428
1338314852083211
1338315858658528
1338316865004400
1338317872264216
1338318881002535
1338319891651076
1338320899613755
1338321909572838
1338322919012473
1338323932081448
1338324941677359
1338325948382024
1338326956236804
1338327964732063
1338328971779855
1338329978836112
1338330985777714
1338331998421999
1338333005361577
1338334012905443
1338335019543807
1338336027523003
1338337039164626
1338338051269239
1338339062701974
1338340075458466
1338341087709456
1338342098909964
1338343110729246
1338344120669957
1338345127030763
1338346132980550
1338347136085962
1338348139774465
1338349143884880
1338350148055073
1338351152315602
1338352156557910
1338353160826139
1338354165235852
1338355169483842
1338356173356753
1338357177157320
1338358181326629
1338359185140057
1338360189146600
1338361192752375
1338362196479069
1338363200211072
1338364203807074
1338365207526192
