1339180210686844
1339180214054663
1339180217440699
1339180220715452
1339180224456333
1339180231790544
1339180236571617
1339180241109365
1339180245719065
1339180250544795
1339180255239676
1339180259239054
1339180263152034
1339180267082042
1339180271128054
1339180275036364
1339180278793815
1339180282673610
1339180286392971
1339180290213512
1339180293980026
1339180298075893
1339180302130939
1339180306430547
1339180310866381
1339180315070450
1339180319508246
1339180324275243
1339180328942132
1339180333663275
1339180338933159
1339180345170509
1339180350524211
1339180355291486
1339180359637804
1339180363726749
1339180373228754
1339180377427888
1339180380936430
1339180384304850
1339180387638587
1339180391241371
1339180394819458
1339180398419858
1339180401977274
1339180405809478
1339180409626369
1339180413223583
1339180416904798
1339180420875717
1339180424405069
1339180428171825
1339180431917265
1339180435726605
1339180439287157
1339180442968200
1339180446460335
1339180449876117
1339180453570146
1339180457601349
1339180461465926
1339180466169158
1339180471328837
1339180476141404
1339180481251125
1339180485162487
1339180492111857
1339180496343813
1339180500522374
1339180504721229
1339180509849544
1339180514651166
1339180519551321
1339180524708517
1339180528118339
1339180531653033
1339180535147312
1339180538682131
1339180542614622
1339180546193085
1339180549602994
1339180552990919
1339180557532517
1339180561796560
1339180566554583
1339180571501592
1339180576244160
1339180581178689
1339180586200778
1339180591488522
1339180596605631
1339180601887105
1339180607767498
1339180614508457
1339180620144640
1339180624853352
1339180629374260
1339180634023383
1339180639904752
1339180645713184
