1337259045738737
1337260051772932
1337261058827194
1337262064192553
1337263072571034
1337264081500022
1337265091480724
1337266100134027
1337267109591007
1337268118563174
1337269125245203
1337270133604412
1337271138847548
1337272143257753
1337273150696392
1337274164178882
1337275176191753
1337276185568077
1337277197355041
1337278208273252
1337279219116469
1337280227116950
1337281232838084
1337282247067026
1337283260784869
1337284273646907
1337285286270368
1337286298460020
1337287310563503
1337288323124842
1337289335286696
1337290349043114
1337291364215557
1337292375060661
1337293388164852
1337294394886031
1337295406399267
1337296419077632
1337297433531235
1337298446264311
1337299458643214
1337300472656813
1337301486413114
1337302500056874
1337303509516067
1337304523068649
1337305535836694
1337306544805228
1337307554849053
1337308567298472
1337309578342581
1337310589867275
1337311601860017
1337312614857465
1337313628195737
1337314639861231
1337315652226193
1337316667136777
1337317679788368
1337318694780301
1337319707512165
1337320721326028
1337321733064679
1337322745138751
1337323758336372
1337324768788810
1337325780955260
1337326791351271
1337327805168143
1337328817586355
1337329828891564
1337330837140366
1337331847675123
1337332859851295
1337333869270501
1337334873110639
1337335877857848
1337336881499928
1337337885203613
1337338888643654
1337339895497438
1337340906098076
1337341909863140
1337342915077858
1337343919397634
1337344922833919
1337345926192132
1337346929225120
1337347933820395
1337348944053986
1337349957924260
1337350970250813
1337351982845433
1337352991995929
1337354000245793
1337355005655445
1337356011919731
1337357017449289
1337358025819401
1337359031174212
