1335946701953062
1335947707503786
1335948712230674
1335949716488138
1335950723827727
1335951729707044
1335952734872782
1335953743372072
1335954749213208
1335955760024791
1335956768485818
1335957779326217
1335958788369131
1335959794088822
1335960802325558
1335961808520389
1335962816897301
1335963824691828
1335964836891954
1335965841761078
1335966850844952
1335967859220872
1335968865481019
1335969872273108
1335970878801643
1335971885161609
1335972890900140
1335973895477086
1335974900579140
1335975905449077
1335976913153465
1335977919618276
1335978929291594
1335979939064547
1335980946453877
1335981957349822
1335982968563713
1335983982573522
1335984993997783
1335986004091509
1335987010200049
1335988015495466
1335989023529717
1335990034191809
1335991041600644
1335992053200803
1335993065336793
1335994074931747
1335995087110781
1335996099345033
1335997110215519
1335998120163188
1335999124823978
1336000131375705
1336001141913356
1336002150673000
1336003158609413
1336004163303293
1336005167922103
1336006171159251
1336007182334819
1336008192337156
1336009201165739
1336010213017318
1336011219744589
1336012226501623
1336013231446489
1336014237560852
1336015243925732
1336016249206823
1336017257406760
1336018264451181
1336019270326229
1336020276518192
1336021285341117
1336022292630354
1336023303090135
1336024314232436
1336025320675877
1336026327180098
1336027332403269
1336028339303595
1336029348588175
1336030361067661
1336031370839883
1336032376139302
1336033381104717
1336034385370837
1336035388889415
1336036393131719
1336037396802844
1336038401980279
1336039406836868
1336040412735840
1336041418462701
1336042425714138
1336043432365822
1336044440531049
1336045450905588
1336046457659063
