1337055803975974
1337056815371607
1337057828251897
1337058840140802
1337059852900621
1337060865596224
1337061877713835
1337062892629332
1337063905019791
1337064918586371
1337065931601107
1337066944646129
1337067958134853
1337068971898615
1337069983028452
1337070996065143
1337072006264637
1337073012281453
1337074017156257
1337075022276088
1337076027422102
1337077034948746
1337078041118468
1337079048694974
1337080056186874
1337081063236291
1337082070484354
1337083078413586
1337084087270400
1337085097401875
1337086109422441
1337087121812686
1337088134467077
1337089148223342
1337090161372178
1337091174274026
1337092186715494
1337093199134650
1337094209785842
1337095221601596
1337096235315201
1337097248929535
1337098262160104
1337099274189769
1337100287625031
1337101301847580
1337102314860102
1337103325174903
1337104333685243
1337105344265809
1337106355339686
1337107368248850
1337108380037224
1337109392332722
1337110406092072
1337111415909168
1337112428560377
1337113442625414
1337114455841040
1337115469261558
1337116480027583
1337117492028272
1337118505588794
1337119517711347
1337120532180171
1337121546121082
1337122558827097
1337123570308621
1337124582554089
1337125596077147
1337126607096081
1337127620436195
1337128634202168
1337129643276639
1337130655794834
1337131670236020
1337132683659776
1337133695744127
1337134709655097
1337135722362333
1337136733653653
1337137747712137
1337138756307903
1337139766323449
1337140778170456
1337141790165075
1337142800783598
1337143812169842
1337144824739068
1337145838352916
1337146849850150
1337147860653770
1337148871730412
1337149884199333
1337150895804948
1337151907426011
1337152920156074
1337153931447824
1337154940980049
1337155949898814
