1338165613409604
1338166622195448
1338167633282564
1338168642460745
1338169646813237
1338170653220132
1338171658057421
1338172661380290
1338173666625746
1338174676202496
1338175690089401
1338176701965805
1338177712261049
1338178723962572
1338179737003853
1338180746132968
1338181750373829
1338182754532662
1338183763244665
1338184767322787
1338185773116876
1338186778268438
1338187785493070
1338188796639830
1338189806140733
1338190817633167
1338191829144175
1338192835498519
1338193848461837
1338194861369297
1338195874419920
1338196886968917
1338197899755541
1338198911716805
1338199925864836
1338200936866921
1338201945050752
1338202961020525
1338203972862729
1338204985059920
1338205994894867
1338207006221495
1338208011666709
1338209017170537
1338210023434839
1338211031244517
1338212040504755
1338213051474769
1338214062824219
1338215069666930
1338216081400742
1338217094815188
1338218107226015
1338219117956686
1338220123301080
1338221127990739
1338222131319759
1338223135852140
1338224138980444
1338225143299604
1338226147120605
1338227151204731
1338228155410844
1338229159152531
1338230163327618
1338231167411169
1338232170877828
1338233175367467
1338234179397326
1338235183375970
1338236187621273
1338237191663740
1338238196091532
1338239199915352
1338240203849234
1338241207686932
1338242211291677
1338243215095017
1338244219008385
1338245223376905
1338246226630068
1338247230394915
1338248234572959
1338249241767948
1338250246371564
1338251252030115
1338252260109784
1338253267468849
1338254275295813
1338255282597500
1338256292776005
1338257301438088
1338258312257876
1338259321839771
1338260332050369
1338261337168208
1338262348202218
1338263356166792
1338264362244750
1338265366841891
