1336349652495485
1336350659715866
1336351664811628
1336352672306555
1336353681673326
1336354687765800
1336355692378634
1336356696973493
1336357709576431
1336358717918493
1336359729832222
1336360735118468
1336361744475416
1336362755176667
1336363762471502
1336364774723230
1336365780426786
1336366789461487
1336367797131291
1336368806777636
1336369812998492
1336370817706852
1336371821379074
1336372827244004
1336373835422945
1336374842945117
1336375851945517
1336376860671613
1336377874358806
1336378881768064
1336379893362129
1336380900806707
1336381914238899
1336382919084974
1336383922973773
1336384933995873
1336385946134244
1336386956530692
1336387964076827
1336388976309436
1336389988970263
1336390999009831
1336392007482599
1336393016033493
1336394022723801
1336395030571639
1336396036176086
1336397043641385
1336398056179560
1336399062557029
1336400072670920
1336401079578003
1336402091299006
1336403100745720
1336404109869372
1336405120886002
1336406129048586
1336407138944927
1336408149525482
1336409153748362
1336410158212881
1336411167167851
1336412174638212
1336413186898106
1336414195573663
1336415202617425
1336416212764187
1336417217930825
1336418228746297
1336419234869470
1336420242434362
1336421248222981
1336422252603955
1336423261750377
1336424271239850
1336425279303480
1336426288618704
1336427298413451
1336428307734177
1336429318161884
1336430328457162
1336431339153581
1336432352381665
1336433362892263
1336434367793884
1336435374221308
1336436378834836
1336437383103338
1336438387234985
1336439391000713
1336440394639756
1336441398602758
1336442403689435
1336443409196752
1336444414739779
1336445419621327
1336446426082664
1336447434186886
1336448441301884
1336449449234120
