1339177231785306
1339177238717027
1339177241924391
1339177245049912
1339177251743223
1339177254797334
1339177258051695
1339177265417791
1339177268705422
1339177271901246
1339177275262942
1339177278760427
1339177282222884
1339177285713277
1339177289269633
1339177292559917
1339177296064615
1339177300035349
1339177303874664
1339177307845842
1339177311715747
1339177315688934
1339177319556776
1339177323680281
1339177327455202
1339177331511486
1339177336170984
1339177341327129
1339177346454971
1339177351832435
1339177356843897
1339177363121377
1339177367235658
1339177370521046
1339177373948653
1339177377972492
1339177381577137
1339177385136858
1339177388507003
1339177391778368
1339177394919321
1339177398498373
1339177402257750
1339177406225209
1339177410345129
1339177414478482
1339177418734901
1339177422638876
1339177426634731
1339177430879518
1339177435635965
1339177440133406
1339177444248692
1339177447854402
1339177451753329
1339177456388775
1339177460993019
1339177465344705
1339177470132727
1339177474775501
1339177479476813
1339177484313102
1339177494510789
1339177498247539
1339177502023556
1339177505609357
1339177508880059
1339177512474033
1339177516092253
1339177519861872
1339177524130527
1339177528457021
1339177532331999
1339177536096973
1339177539813460
1339177544862657
1339177549885208
1339177553793058
1339177557809682
1339177561879785
1339177566011200
1339177570263116
1339177574364726
1339177578575415
1339177583313815
1339177587296070
1339177591110994
1339177596336305
1339177601893313
1339177605759014
1339177609620278
1339177613608881
1339177618609242
1339177623840919
1339177627354351
1339177630701729
1339177634105038
1339177637802913
1339177642438055
1339177646804781
