1336450456174123
1336451465840120
1336452478723449
1336453488880422
1336454499730822
1336455513591082
1336456524723063
1336457532335597
1336458538972156
1336459545311478
1336460552491126
1336461559123689
1336462564150454
1336463568705793
1336464572948753
1336465577125195
1336466582507210
1336467590334078
1336468598900797
1336469606562294
1336470619122242
1336471631550337
1336472643867424
1336473653303243
1336474664957921
1336475672474363
1336476684462825
1336477697052011
1336478703311405
1336479713636194
1336480723096084
1336481729733892
1336482739671009
1336483745365870
1336484756205683
1336485769199676
1336486778169752
1336487786062065
1336488794569113
1336489806410141
1336490816120625
1336491827004381
1336492834624051
1336493845883778
1336494858238456
1336495864334892
1336496873848760
1336497884433462
1336498894469515
1336499907697597
1336500918908734
1336501925570098
1336502937057842
1336503946244247
1336504952874845
1336505963218974
1336506973384553
1336507983640425
1336508990754239
1336509998556780
1336511008564473
1336512015669585
1336513024936044
1336514033525153
1336515040607585
1336516048255407
1336517060246684
1336518072799963
1336519085245255
1336520096273803
1336521106410790
1336522117695639
1336523128169135
1336524141008494
1336525153413078
1336526162460217
1336527173845750
1336528183579573
1336529190408779
1336530198599906
1336531207026533
1336532215181210
1336533226217433
1336534233470592
1336535245161146
1336536257416656
1336537265767576
1336538276550294
1336539284346762
1336540296764592
1336541304880352
1336542309481468
1336543314483287
1336544323877368
1336545332850312
1336546344289431
1336547352885651
1336548365357818
1336549370154427
1336550373530665
