1339182318724799
1339182324248355
1339182329435550
1339182335660348
1339182339227406
1339182342321772
1339182345460016
1339182349794023
1339182353744158
1339182357326959
1339182361372819
1339182364956731
1339182368532953
1339182375307995
1339182378637189
1339182382352440
1339182390646681
1339182394348280
1339182397867109
1339182401240416
1339182404804035
1339182408559561
1339182412370232
1339182416421266
1339182420739365
1339182425020442
1339182430092168
1339182435227375
1339182439921973
1339182444444959
1339182450006022
1339182454879397
1339182459834691
1339182465268731
1339182469154489
1339182472414855
1339182475870545
1339182479824103
1339182483295048
1339182486781167
1339182490384999
1339182496083590
1339182499495712
1339182503826805
1339182508510987
1339182513168763
1339182518080060
1339182522402163
1339182526854412
1339182530503451
1339182534297468
1339182537887731
1339182541191308
1339182544600448
1339182548960284
1339182553737351
1339182558177509
1339182562289465
1339182566410662
1339182570832279
1339182576312222
1339182581054008
1339182585890710
1339182590413695
1339182595643357
1339182601927016
1339182607096704
1339182612149772
1339182615745122
1339182619409569
1339182622811008
1339182626652450
1339182631132832
1339182636265328
1339182640831860
1339182645388801
1339182650078219
1339182655044151
1339182660006757
1339182665595930
1339182670439462
1339182674956296
1339182680219203
1339182684690882
1339182688980995
1339182693423659
1339182697912240
1339182702680088
1339182706438202
1339182709828678
1339182713006918
1339182716156267
1339182719523631
1339182722934944
1339182726881429
1339182730756609
1339182734490249
1339182738580599
1339182745012695
1339182751551747
