1339176818122670
1339176823190271
1339176827715698
1339176831428753
1339176835188760
1339176839054350
1339176842958469
1339176847083672
1339176851533031
1339176855847610
1339176859894706
1339176864197942
1339176868765384
1339176873404098
1339176877942121
1339176882647962
1339176887370396
1339176891118729
1339176894871214
1339176898538805
1339176902351378
1339176911294875
1339176916069897
1339176919877567
1339176923924574
1339176928774365
1339176932893766
1339176936909197
1339176940830603
1339176944514202
1339176948825879
1339176953169278
1339176957707561
1339176962699560
1339176967272906
1339176971180782
1339176975146224
1339176978971423
1339176982556891
1339176987004418
1339176991100575
1339176995955905
1339176999373726
1339177004063449
1339177007279559
1339177011198277
1339177015845380
1339177020433276
1339177025156583
1339177029456151
1339177033470920
1339177038049060
1339177043524731
1339177047452822
1339177051461497
1339177055501750
1339177059544022
1339177063444321
1339177067358917
1339177071813207
1339177076586349
1339177081142021
1339177086162649
1339177091201969
1339177095279836
1339177099425771
1339177103535314
1339177108794660
1339177118839444
1339177123183433
1339177127586284
1339177130806316
1339177134136411
1339177137428778
1339177140748425
1339177144017179
1339177147363849
1339177150524017
1339177153886421
1339177157101286
1339177160363887
1339177163494305
1339177166779902
1339177169980845
1339177173255750
1339177176425758
1339177182780070
1339177186336500
1339177189642221
1339177193324444
1339177197323889
1339177200694154
1339177203851441
1339177207145713
1339177210427922
1339177213938408
1339177217353446
1339177221306353
1339177224693276
1339177227941029
