1339173816529882
1339173820921294
1339173825300706
1339173829936661
1339173834926080
1339173840932611
1339173845785318
1339173854170829
1339173859860443
1339173864652010
1339173869012512
1339173873486942
1339173877938829
1339173882453540
1339173887810593
1339173893593611
1339173899022976
1339173903978382
1339173907404842
1339173910807651
1339173914073249
1339173917829707
1339173921501127
1339173925670446
1339173929825086
1339173934026339
1339173938313971
1339173943108493
1339173947545007
1339173951887777
1339173956414120
1339173960700839
1339173964970685
1339173969220814
1339173973515985
1339173977613183
1339173981514043
1339173985504580
1339173989297891
1339173993633786
1339173998068731
1339174004101270
1339174008597418
1339174012612881
1339174018104339
1339174023023504
1339174032325832
1339174037723664
1339174048722236
1339174052894231
1339174056973789
1339174064954839
1339174068402406
1339174075883636
1339174081947335
1339174085967989
1339174089733890
1339174093970822
1339174098654001
1339174102510434
1339174106283839
1339174110000091
1339174116282803
1339174120631484
1339174125056376
1339174131793037
1339174135088627
1339174138490842
1339174142655965
1339174145988002
1339174149184129
1339174152275557
1339174155680394
1339174159487347
1339174162831744
1339174166082013
1339174169367767
1339174172712338
1339174176688731
1339174187366203
1339174191376202
1339174194608211
1339174201858932
1339174205154814
1339174208366877
1339174213991159
1339174217402734
1339174220604722
1339174227306473
1339174230787687
1339174233835079
1339174237092047
1339174244167860
1339174247302813
1339174250442693
1339174258291470
1339174261775895
1339174265033168
1339174268356745
1339174271521775
