1337056808614281
1337057820455343
1337058833557963
1337059844784292
1337060858765617
1337061870895777
1337062883889632
1337063897769855
1337064910417659
1337065924447252
1337066936347643
1337067950778880
1337068964623499
1337069976537852
1337070989374470
1337072000360885
1337073009799955
1337074014839573
1337075019760102
1337076024947803
1337077031042572
1337078038344152
1337079044553195
1337080052861632
1337081059515597
1337082066862190
1337083074268701
1337084082354195
1337085091695856
1337086102835340
1337087115184338
1337088127320632
1337089140858200
1337090153800247
1337091168147691
1337092178948115
1337093192040285
1337094203488453
1337095215575440
1337096227383486
1337097240746913
1337098254919663
1337099267747683
1337100279927946
1337101294106107
1337102306887740
1337103319286203
1337104330683138
1337105337625172
1337106348533584
1337107361581949
1337108373143516
1337109385703094
1337110398967885
1337111410392268
1337112421139226
1337113434565276
1337114448541665
1337115461731423
1337116473958532
1337117485874436
1337118497755686
1337119510157443
1337120523711680
1337121537744394
1337122551326123
1337123564705545
1337124575702595
1337125588414101
1337126601583365
1337127612570083
1337128626846438
1337129638664860
1337130648375455
1337131662991054
1337132675323956
1337133688842727
1337134701408750
1337135714278496
1337136726851570
1337137739388021
1337138752610163
1337139760658035
1337140772173497
1337141782814561
1337142795067950
1337143805749170
1337144817386289
1337145829847847
1337146843462133
1337147854000322
1337148865800455
1337149877343203
1337150888650668
1337151900746563
1337152912744655
1337153925060941
1337154936062564
1337155945190856
1337156953644550
