1337459687976613
1337460697810064
1337461708808418
1337462722656450
1337463732902657
1337464745700715
1337465751326472
1337466759225628
1337467767509318
1337468777692948
1337469788878270
1337470795535151
1337471800110620
1337472804638447
1337473809049376
1337474812435365
1337475819082073
1337476831217472
1337477842439672
1337478848497940
1337479858424452
1337480866511330
1337481872896824
1337482881446266
1337483889705891
1337484900319258
1337485912390107
1337486922959554
1337487934468447
1337488939923314
1337489949552329
1337490961496469
1337491973878265
1337492985965973
1337493995925937
1337495002340424
1337496006261038
1337497010302938
1337498015034361
1337499021767866
1337500026487389
1337501032012117
1337502043834955
1337503048555194
1337504052698334
1337505059625840
1337506068848606
1337507076944945
1337508086956507
1337509094737823
1337510106853944
1337511116046945
1337512127743120
1337513131827843
1337514134947858
1337515139131203
1337516145427242
1337517149138322
1337518152783197
1337519155948245
1337520159036246
1337521162696228
1337522166564342
1337523170396927
1337524174146596
1337525178293867
1337526181962221
1337527185516879
1337528188421356
1337529192458346
1337530196273948
1337531199901434
1337532203565311
1337533207316102
1337534211008093
1337535214130160
1337536218425273
1337537222043954
1337538227293947
1337539231542179
1337540235552143
1337541238884655
1337542242111348
1337543245818124
1337544250044610
1337545254210326
1337546258067916
1337547264680079
1337548270842568
1337549274407021
1337550283331086
1337551289102595
1337552296168384
1337553301155228
1337554304806430
1337555310230725
1337556313730786
1337557317077815
1337558324360312
1337559331067850
