1339177651489266
1339177655344241
1339177659526150
1339177673120470
1339177676323443
1339177679840424
1339177683664248
1339177687684561
1339177691901881
1339177695920957
1339177700447319
1339177705365005
1339177710563952
1339177715936881
1339177720418676
1339177724547966
1339177728845252
1339177733189363
1339177737373556
1339177741593212
1339177745991256
1339177749547079
1339177753132755
1339177756832080
1339177760461546
1339177765727635
1339177770153022
1339177774541856
1339177778725762
1339177783048141
1339177788006571
1339177793790634
1339177799253211
1339177804400933
1339177809893511
1339177814265785
1339177818007482
1339177821708198
1339177826487303
1339177831734643
1339177837302087
1339177842391135
1339177847478744
1339177852678979
1339177857931229
1339177862002981
1339177866268325
1339177870723192
1339177875258640
1339177879384095
1339177882961401
1339177886560552
1339177890343123
1339177894875741
1339177899481599
1339177903392662
1339177907219182
1339177910913129
1339177914820787
1339177919042064
1339177923622685
1339177928407829
1339177934025022
1339177939818052
1339177944434616
1339177949457849
1339177953720915
1339177958185263
1339177962993164
1339177967647769
1339177972161618
1339177976300691
1339177980246019
1339177983295639
1339177986407694
1339177989901981
1339177993456513
1339177997526642
1339178003710230
1339178007936248
1339178011264180
1339178014819857
1339178018464115
1339178022960783
1339178027500609
1339178031736468
1339178035899934
1339178040352511
1339178044736669
1339178048905902
1339178053156423
1339178058095892
1339178063521519
1339178069137911
1339178074927627
1339178079462622
1339178084075837
1339178088358602
1339178093820375
1339178098704593
