1339185262320212
1339185265514920
1339185268589237
1339185271661261
1339185274860442
1339185278213077
1339185281648101
1339185284896997
1339185288117137
1339185291377231
1339185294617398
1339185297990170
1339185301313599
1339185304598389
1339185308080111
1339185311316432
1339185314512388
1339185317695159
1339185320913566
1339185325335692
1339185328950476
1339185332145710
1339185335424541
1339185338775904
1339185342047825
1339185345131498
1339185348976601
1339185352279879
1339185355387103
1339185359305709
1339185363153964
1339185366951808
1339185370657972
1339185374430574
1339185381780258
1339185386136639
1339185390261222
1339185393470504
1339185396585233
1339185399906395
1339185403424593
1339185407560749
1339185411633571
1339185416581023
1339185422146335
1339185427475218
1339185434034116
1339185440804700
1339185445806121
1339185450752735
1339185455316461
1339185459372373
1339185463456067
1339185467295674
1339185471168843
1339185474927196
1339185478713352
1339185482408633
1339185486145931
1339185489862423
1339185494132135
1339185498612821
1339185502661115
1339185506761831
1339185510841062
1339185515120396
1339185519360081
1339185523818804
1339185527241710
1339185530891688
1339185534363674
1339185538694112
1339185542621743
1339185546154539
1339185549690136
1339185553203462
1339185556774927
1339185560291840
1339185563811472
1339185567351362
1339185570857660
1339185574588518
1339185578398262
1339185582149779
1339185586012748
1339185589942058
1339185593603854
1339185597254777
1339185601833805
1339185606075608
1339185610247262
1339185613954266
1339185617779774
1339185621418252
1339185625500295
1339185629750217
1339185634242644
1339185638359813
1339185642618272
1339185647183715
