1336450456180025
1336451465853016
1336452478735076
1336453488891774
1336454499743710
1336455513605141
1336456524733427
1336457532347516
1336458538980026
1336459545319340
1336460552499794
1336461559129839
1336462564157340
1336463568712372
1336464572953201
1336465577133420
1336466582514695
1336467590342954
1336468598912501
1336469606572016
1336470619130363
1336471631565035
1336472643875438
1336473653314054
1336474664968631
1336475672482692
1336476684475002
1336477697066422
1336478703315739
1336479713648994
1336480723107390
1336481729738137
1336482739681978
1336483745370495
1336484756216221
1336485769214661
1336486778180203
1336487786070316
1336488794579807
1336489806424085
1336490816131528
1336491827011846
1336492834633385
1336493845897874
1336494858250689
1336495864348683
1336496873857384
1336497884443963
1336498894478127
1336499907718760
1336500918922004
1336501925577034
1336502937072324
1336503946255381
1336504952881159
1336505963230864
1336506973393732
1336507983654552
1336508990761752
1336509998565810
1336511008578080
1336512015677909
1336513024947360
1336514033534423
1336515040613849
1336516048266636
1336517060260119
1336518072811933
1336519085251848
1336520096294377
1336521106421588
1336522117706340
1336523128180454
1336524141020552
1336525153426325
1336526162471196
1336527173862524
1336528183591279
1336529190415124
1336530198612302
1336531207033768
1336532215192206
1336533226228154
1336534233479089
1336535245169818
1336536257427138
1336537265775805
1336538276558726
1336539284355849
1336540296778455
1336541304898583
1336542309495242
1336543314488259
1336544323885647
1336545332860023
1336546344297595
1336547352895545
1336548365377964
1336549370159512
1336550373535530
