1338770144221338
1338771147949788
1338772152465311
1338773156382543
1338774160604788
1338775163691152
1338776166622126
1338777169957255
1338778173646722
1338779177527299
1338780180587152
1338781183417530
1338782186788584
1338783190304053
1338784193497638
1338785197295187
1338786201582746
1338787204994162
1338788208535520
1338789211867743
1338790215684068
1338791219636258
1338792223401181
1338793227575262
1338794232102137
1338795238791671
1338796248239480
1338797256386906
1338798260551743
1338799264854283
1338800273924918
1338801281083456
1338802287454962
1338803291978763
1338804300172406
1338805307755233
1338806317536468
1338807328599579
1338808338595770
1338809344436837
1338810352371082
1338811361160948
1338812367513430
1338813371631675
1338814375663030
1338815380385788
1338816385788476
1338817389629145
1338818393625488
1338819398631820
1338820402504430
1338821406784834
1338822410984171
1338823414811912
1338824418166160
1338825423250900
1338826429322781
1338827434710067
1338828441168131
1338829448805208
1338830454738071
1338831464404483
1338832475200210
1338833482274294
1338834489533923
1338835496834298
1338836506311797
1338837513433974
1338838520377019
1338839528864689
1338840532818330
1338841542286166
1338842553021516
1338843564540952
1338844573407541
1338845583726758
1338846596479254
1338847606223161
1338848612737918
1338849619304717
1338850629525330
1338851637435226
1338852643702335
1338853656381984
1338854669182495
1338855682509202
1338856694456543
1338857701544131
1338858708532382
1338859718758332
1338860727151307
1338861737009972
1338862746838707
1338863759076147
1338864769157901
1338865780063165
1338866791270532
1338867796915460
1338868806996986
1338869818207962
