1339182757388948
1339182760807115
1339182764211025
1339182767418749
1339182771201493
1339182775302325
1339182779623075
1339182784031872
1339182788418126
1339182793315168
1339182798081120
1339182802767837
1339182807498323
1339182811713140
1339182815024371
1339182818321457
1339182821504645
1339182825182702
1339182829864826
1339182834465344
1339182838943013
1339182843450001
1339182847480125
1339182851118393
1339182854725657
1339182858414176
1339182862008781
1339182865846566
1339182869941429
1339182874023502
1339182877794022
1339182881756311
1339182885462582
1339182889105183
1339182892904143
1339182897362408
1339182902056312
1339182906523827
1339182910704914
1339182915130743
1339182919706725
1339182924236701
1339182928321581
1339182932408140
1339182936338478
1339182940569879
1339182945131113
1339182949607781
1339182954636105
1339182960243608
1339182965165638
1339182970329360
1339182975568923
1339182981079884
1339182985880688
1339182990010590
1339182993888619
1339182997748946
1339183004474243
1339183009073263
1339183012800439
1339183016261243
1339183020035799
1339183024410268
1339183028702211
1339183032835648
1339183037145860
1339183041617112
1339183045785373
1339183049746583
1339183054094924
1339183059106718
1339183063150512
1339183067379876
1339183071055199
1339183074768883
1339183078386048
1339183082082597
1339183085939377
1339183090114298
1339183094256667
1339183097983822
1339183101837579
1339183106095078
1339183109889630
1339183118763779
1339183123006986
1339183129685675
1339183133413826
1339183136539341
1339183139712754
1339183147202926
1339183150556398
1339183153742777
1339183157091180
1339183160594990
1339183165281706
1339183168482565
1339183171606293
1339183174828720
