1339184414913631
1339184418754414
1339184423135479
1339184428119609
1339184433356321
1339184437947394
1339184442766505
1339184446534400
1339184450333065
1339184454089992
1339184457701112
1339184461320331
1339184464852220
1339184468334122
1339184471770198
1339184475731356
1339184479264446
1339184483468342
1339184488140824
1339184493201650
1339184498126976
1339184502636284
1339184507637582
1339184513464572
1339184518906303
1339184522994118
1339184527097273
1339184531740135
1339184536387561
1339184540613687
1339184544421509
1339184547970072
1339184551681725
1339184555528169
1339184560216367
1339184564798296
1339184569288520
1339184573220090
1339184576989572
1339184580719563
1339184584387402
1339184587987977
1339184591577013
1339184595236670
1339184598786585
1339184602350795
1339184605924565
1339184609525952
1339184613403766
1339184617291606
1339184621852873
1339184626215309
1339184630625100
1339184634478560
1339184638404279
1339184642222996
1339184646108971
1339184649788857
1339184653650446
1339184658173568
1339184662331882
1339184666685404
1339184671228339
1339184676736981
1339184681669080
1339184686598957
1339184691512474
1339184696035822
1339184701854019
1339184706693260
1339184711185333
1339184715500973
1339184719818287
1339184724182344
1339184729700282
1339184735002539
1339184741076499
1339184747144811
1339184751287612
1339184755244804
1339184759184603
1339184762698185
1339184766206930
1339184773541424
1339184781370597
1339184786041195
1339184789485679
1339184792656344
1339184796269332
1339184799811194
1339184803853826
1339184807897985
1339184812443699
1339184817817920
1339184823447936
1339184828936322
1339184834116410
1339184839890083
1339184845446937
1339184852230530
