1339174276458345
1339174282598625
1339174286152637
1339174289536704
1339174292780125
1339174296252336
1339174299357635
1339174302395369
1339174305700810
1339174308892244
1339174312090231
1339174315290992
1339174321987768
1339174325723597
1339174329330429
1339174332892118
1339174336095613
1339174339117812
1339174342250695
1339174345793588
1339174349073820
1339174352258739
1339174356088955
1339174360122390
1339174367926714
1339174372124286
1339174376449763
1339174380260981
1339174383490957
1339174386795555
1339174390372489
1339174393730226
1339174397101750
1339174400123082
1339174404189977
1339174408133256
1339174412662932
1339174417197717
1339174421707277
1339174426053203
1339174430796710
1339174442387058
1339174448520468
1339174454016387
1339174459010819
1339174464256464
1339174469716966
1339174474969537
1339174479873852
1339174485809811
1339174489845531
1339174493839870
1339174498372583
1339174503132182
1339174508282337
1339174513215927
1339174518413443
1339174523424502
1339174527386468
1339174532416597
1339174536436937
1339174541330834
1339174546345551
1339174550321439
1339174554412728
1339174558328478
1339174562521847
1339174566772573
1339174571580510
1339174576997348
1339174581698242
1339174586193774
1339174590744713
1339174594688751
1339174598609537
1339174602468368
1339174606288993
1339174622179749
1339174626138164
1339174629403893
1339174632663223
1339174636144926
1339174639094895
1339174642587533
1339174646968607
1339174651154417
1339174655776940
1339174660727215
1339174665429328
1339174670296341
1339174675153814
1339174679827513
1339174684687593
1339174689457982
1339174694481293
1339174699066698
1339174703644164
1339174708438647
1339174713383160
1339174717902404
