1339187788488864
1339187794013268
1339187800424005
1339187807379223
1339187812441434
1339187824344843
1339187830468022
1339187834196401
1339187837687816
1339187840900985
1339187844332107
1339187847855779
1339187851582318
1339187855491108
1339187859350807
1339187862816500
1339187867351228
1339187872716882
1339187878172630
1339187882728913
1339187887313347
1339187892036361
1339187897081435
1339187901820996
1339187909058318
1339187914422344
1339187919063660
1339187924196745
1339187929209120
1339187933425302
1339187937573721
1339187942096649
1339187946701007
1339187951473261
1339187957225774
1339187963205035
1339187969320993
1339187976072061
1339187982909250
1339187990070279
1339187995787416
1339188002319047
1339188012174261
1339188016429399
1339188020126229
1339188023776257
1339188027369735
1339188030774164
1339188034239301
1339188038018023
1339188041752995
1339188045512425
1339188049150090
1339188052727830
1339188056239314
1339188059730152
1339188063201002
1339188066637181
1339188070354097
1339188073922978
1339188077611448
1339188082005069
1339188086335554
1339188091385019
1339188096094165
1339188101227308
1339188106766317
1339188112709707
1339188117904075
1339188122006079
1339188125518050
1339188128795024
1339188132072868
1339188135498612
1339188138724569
1339188142415175
1339188145719818
1339188149128010
1339188152551567
1339188155896366
1339188158962532
1339188162154778
1339188165604637
1339188169016970
1339188172397819
1339188175653249
1339188178997262
1339188182218772
1339188185528734
1339188189957153
1339188205020067
1339188210064199
1339188213289366
1339188216603940
1339188219867191
1339188223267424
1339188226584394
1339188229904844
1339188233484880
1339188236737563
