1339180656128408
1339180660511724
1339180664903561
1339180668965687
1339180674347206
1339180678580141
1339180682860651
1339180687894339
1339180692155741
1339180695781229
1339180699464942
1339180703558548
1339180712813111
1339180716016244
1339180719696887
1339180723091743
1339180726772213
1339180730085080
1339180733570733
1339180737098367
1339180740680243
1339180744358348
1339180748515094
1339180752923209
1339180757341194
1339180761638221
1339180765504611
1339180769372574
1339180773133851
1339180777865158
1339180782721532
1339180787608868
1339180792878054
1339180796922053
1339180800244385
1339180803662146
1339180807239311
1339180811055434
1339180814907675
1339180818940748
1339180822739330
1339180826386132
1339180830109355
1339180834039084
1339180838658753
1339180843242594
1339180847733424
1339180852490462
1339180858125785
1339180862830654
1339180867465168
1339180872368161
1339180876818266
1339180881321257
1339180886149687
1339180890915449
1339180895051775
1339180898809159
1339180902330781
1339180905779654
1339180909876881
1339180914248908
1339180918623302
1339180923094608
1339180927317911
1339180930857918
1339180934339464
1339180937694770
1339180941166083
1339180945155138
1339180949383376
1339180953479047
1339180957779881
1339180962048039
1339180966626986
1339180971198003
1339180975622918
1339180979537482
1339180983491205
1339180987095838
1339180991097391
1339180995267333
1339180999534925
1339181005156150
1339181008486379
1339181011624728
1339181017456902
1339181020770802
1339181024078311
1339181027570242
1339181030815639
1339181034401017
1339181037885006
1339181041183934
1339181044205122
1339181047445644
1339181050708882
1339181054152092
1339181058100802
1339181061725570
