1339184857379852
1339184861522188
1339184865563567
1339184870401872
1339184876587672
1339184882474786
1339184888167582
1339184893872691
1339184898061856
1339184902208100
1339184906249186
1339184910094250
1339184914000784
1339184917860594
1339184921958810
1339184927494069
1339184933657947
1339184939441357
1339184944805107
1339184949764998
1339184953855196
1339184957888563
1339184961710649
1339184965349939
1339184968978090
1339184972608141
1339184976227469
1339184979841277
1339184983516267
1339184987319600
1339184991357614
1339184995317067
1339184999183971
1339185004238878
1339185008184331
1339185012403306
1339185017163914
1339185022574519
1339185027527207
1339185032248824
1339185036684951
1339185041290835
1339185046232603
1339185052247220
1339185056933561
1339185060928021
1339185065164328
1339185069012045
1339185073035808
1339185076915326
1339185081014043
1339185085029743
1339185090080778
1339185094561055
1339185098466322
1339185102619883
1339185107704361
1339185112552727
1339185117415078
1339185122494704
1339185127383046
1339185130936038
1339185134200283
1339185137571982
1339185140837933
1339185144368315
1339185147675699
1339185150872079
1339185154437846
1339185157837969
1339185161101196
1339185164210657
1339185167652537
1339185171026004
1339185174246928
1339185177698478
1339185181149609
1339185184606412
1339185187695301
1339185190878093
1339185194173061
1339185197271431
1339185200591651
1339185203887278
1339185207070422
1339185210378351
1339185213749491
1339185217263980
1339185221320980
1339185224579304
1339185227757014
1339185231274785
1339185234548966
1339185237866978
1339185241337459
1339185244509791
1339185247898242
1339185251269609
1339185254463369
1339185257709706
