1336350656252008
1336351662048526
1336352667578226
1336353675966067
1336354685106639
1336355689946841
1336356694378162
1336357700927808
1336358713251722
1336359721808503
1336360733341131
1336361738430182
1336362748109763
1336363758599669
1336364766282649
1336365777591013
1336366783180256
1336367793083804
1336368800683959
1336369810381255
1336370815109140
1336371819707250
1336372824442301
1336373829753743
1336374839679812
1336375845865486
1336376855751835
1336377865130593
1336378877690668
1336379885740979
1336380896478052
1336381905165298
1336382917254304
1336383921078787
1336384926790193
1336385938887499
1336386950361967
1336387960120457
1336388968626081
1336389981347670
1336390992380941
1336392003774330
1336393010492398
1336394019216238
1336395025742661
1336396033368914
1336397038834835
1336398048770152
1336399060252039
1336400065810774
1336401075524337
1336402083691857
1336403095071050
1336404105011508
1336405113597435
1336406124832551
1336407132606529
1336408143557542
1336409151456044
1336410155380284
1336411161241895
1336412170373841
1336413178572408
1336414189974937
1336415198709606
1336416206510147
1336417215419592
1336418221319018
1336419231727739
1336420239202500
1336421244530354
1336422250385016
1336423255323539
1336424265635530
1336425274272090
1336426282786807
1336427292236600
1336428301644153
1336429311806582
1336430322602011
1336431331942746
1336432344282491
1336433357207694
1336434365675639
1336435370985383
1336436376232129
1336437380664080
1336438384862014
1336439388990436
1336440392604591
1336441396732055
1336442400544201
1336443405994097
1336444411418811
1336445416939064
1336446422022903
1336447429056782
1336448437270642
1336449444456497
1336450452272282
