1339183583727187
1339183587289313
1339183590788910
1339183594605470
1339183599519563
1339183604344040
1339183609315077
1339183613754508
1339183618190747
1339183622588148
1339183626992327
1339183631357014
1339183635769718
1339183639390744
1339183642835013
1339183646638316
1339183650287373
1339183654028753
1339183657747340
1339183661456944
1339183665167575
1339183668851104
1339183672580322
1339183676280983
1339183680848399
1339183684805517
1339183688543961
1339183692321544
1339183696907396
1339183701969802
1339183707143422
1339183711954969
1339183716675916
1339183720194052
1339183723692617
1339183727202030
1339183730550794
1339183733997766
1339183737505456
1339183741420816
1339183745343359
1339183748798092
1339183752183021
1339183756896609
1339183764699866
1339183768608706
1339183771632456
1339183774894316
1339183778125622
1339183782003201
1339183786138274
1339183790137691
1339183794489394
1339183798831712
1339183802806422
1339183806748206
1339183810541087
1339183814400774
1339183818391294
1339183822321660
1339183826935447
1339183831056538
1339183834998242
1339183838795734
1339183843414664
1339183847044473
1339183850511758
1339183854143825
1339183857646993
1339183860833011
1339183864071345
1339183867287446
1339183870528806
1339183873779863
1339183877018876
1339183880237645
1339183883660479
1339183887034412
1339183890314588
1339183893554801
1339183896910124
1339183900362935
1339183903823861
1339183907495015
1339183912087780
1339183917222773
1339183922021539
1339183926850855
1339183932202946
1339183938367632
1339183944378615
1339183950521125
1339183954281085
1339183957897480
1339183961463213
1339183964774554
1339183968084324
1339183971670875
1339183975333906
1339183978932476
