1339187313081878
1339187317269401
1339187321228214
1339187325182773
1339187330270918
1339187336998268
1339187342817663
1339187349438264
1339187354007160
1339187358304643
1339187362828910
1339187374771503
1339187379119374
1339187388145973
1339187391619856
1339187394930435
1339187398299189
1339187402665008
1339187407330938
1339187411834455
1339187417341014
1339187422475467
1339187427985972
1339187434274473
1339187438225857
1339187441932714
1339187445717750
1339187449341440
1339187452961048
1339187456519041
1339187460297519
1339187464242229
1339187468386089
1339187472754951
1339187477279116
1339187481590780
1339187485718158
1339187489742653
1339187494011481
1339187498280789
1339187502624498
1339187507320845
1339187511939471
1339187516526049
1339187521937604
1339187529059758
1339187534859751
1339187540588943
1339187546402080
1339187552370391
1339187557423331
1339187563711121
1339187571598046
1339187578826581
1339187587358869
1339187594076588
1339187600694840
1339187605729354
1339187609942629
1339187614270369
1339187618567484
1339187622769500
1339187626594326
1339187630410089
1339187634578196
1339187638520808
1339187642453598
1339187646649049
1339187650738974
1339187654346879
1339187657841234
1339187661318163
1339187664802655
1339187668512362
1339187672144478
1339187679164662
1339187683611390
1339187687987543
1339187692182582
1339187696408616
1339187700283071
1339187704127388
1339187707964049
1339187711746412
1339187715554118
1339187719375642
1339187723609573
1339187728403126
1339187733047160
1339187737543912
1339187741478670
1339187745736096
1339187750006485
1339187753777947
1339187757831791
1339187763301478
1339187767809914
1339187772559647
1339187777621217
1339187782910007
