1339184857191896
1339184861324884
1339184865379685
1339184870138773
1339184876220062
1339184882166501
1339184887887802
1339184893611155
1339184897856339
1339184902022780
1339184906063321
1339184909886194
1339184913801500
1339184917693982
1339184921711098
1339184927229022
1339184933404183
1339184939188665
1339184944534618
1339184949564865
1339184953671451
1339184957704438
1339184961545431
1339184965184432
1339184968815348
1339184972431904
1339184976037221
1339184979676609
1339184983321875
1339184987141293
1339184991159987
1339184995145647
1339184999012654
1339185004032929
1339185007955950
1339185012190294
1339185016881022
1339185022303109
1339185027282122
1339185032026235
1339185036429529
1339185041076843
1339185045936263
1339185051952855
1339185056732134
1339185060754587
1339185064936041
1339185068835862
1339185072859098
1339185076747997
1339185080816206
1339185084835700
1339185089793581
1339185094384544
1339185098288144
1339185102439592
1339185107433142
1339185112302898
1339185117199230
1339185122267293
1339185127121176
1339185130780507
1339185134057513
1339185137417819
1339185140681660
1339185144160545
1339185147526821
1339185150728213
1339185154293545
1339185157656221
1339185160953468
1339185163991508
1339185167486509
1339185170865865
1339185174082917
1339185177501842
1339185180957654
1339185184443962
1339185187554368
1339185190727565
1339185194032320
1339185197119970
1339185200430043
1339185203737208
1339185206896636
1339185210184533
1339185213591234
1339185217108363
1339185221170417
1339185224430063
1339185227615072
1339185231076594
1339185234385461
1339185237718866
1339185241135932
1339185244366565
1339185247742683
1339185251119083
1339185254322964
1339185257564936
