1338063913122844
1338064925473908
1338065938515423
1338066952117530
1338067961193563
1338068966659352
1338069978815801
1338070985371191
1338071992521407
1338073000924510
1338074008900187
1338075015649862
1338076025214024
1338077035767272
1338078048346229
1338079056761637
1338080064386514
1338081070937577
1338082077985066
1338083083213797
1338084086843404
1338085096195682
1338086106885704
1338087114480404
1338088118894079
1338089126025168
1338090131657640
1338091135296827
1338092138803897
1338093142694412
1338094146423758
1338095150130572
1338096153803040
1338097158196727
1338098161837638
1338099166006087
1338100169794246
1338101173237148
1338102177281479
1338103181461204
1338104185003177
1338105188831447
1338106192422151
1338107197706692
1338108201718039
1338109205174577
1338110209150206
1338111212945159
1338112217171211
1338113220965555
1338114225171454
1338115231505480
1338116237895337
1338117245881518
1338118251938567
1338119255462417
1338120259092962
1338121262926067
1338122272634038
1338123278199921
1338124285566835
1338125290542461
1338126296918731
1338127302154741
1338128311867217
1338129320993335
1338130330406302
1338131339253214
1338132347650599
1338133357390612
1338134366081329
1338135370942470
1338136375202270
1338137379346027
1338138384139088
1338139389300649
1338140393985370
1338141399885661
1338142406572483
1338143413346216
1338144421279607
1338145427001429
1338146433685725
1338147441230708
1338148449485685
1338149454668141
1338150462544949
1338151472147116
1338152482883778
1338153492937094
1338154500579455
1338155509395930
1338156520249448
1338157531964955
1338158542301916
1338159554690944
1338160568575849
1338161581060954
1338162588394717
1338163597670976
