1339174721461054
1339174726015040
1339174730050288
1339174734982604
1339174739019401
1339174743343857
1339174747448768
1339174751929405
1339174756568797
1339174761128782
1339174766144022
1339174769630221
1339174773087973
1339174776531846
1339174780083912
1339174783553446
1339174787142380
1339174791160973
1339174796101535
1339174801031726
1339174805143978
1339174809049348
1339174812781368
1339174816433144
1339174823760852
1339174829053780
1339174834292160
1339174838318266
1339174841997185
1339174845763767
1339174850337340
1339174854891044
1339174859704790
1339174864306120
1339174868906905
1339174873379846
1339174878096985
1339174882912745
1339174887904355
1339174892890359
1339174898141011
1339174903069893
1339174906331733
1339174909688039
1339174912952134
1339174916312572
1339174919617593
1339174923050635
1339174926492446
1339174930873021
1339174934937661
1339174939041376
1339174943340790
1339174947305568
1339174951948014
1339174956933307
1339174960382906
1339174963564710
1339174966783511
1339174970069020
1339174973492408
1339174976986828
1339174980570020
1339174984238770
1339174988008990
1339174991993966
1339174996101510
1339174999647581
1339175006106658
1339175010115283
1339175014187985
1339175018780567
1339175023382974
1339175027608417
1339175031528586
1339175034836733
1339175038405050
1339175041978287
1339175045429324
1339175048985836
1339175053482717
1339175057531693
1339175061738662
1339175066111622
1339175070613201
1339175074998373
1339175078916554
1339175082886096
1339175086687358
1339175090390857
1339175094293375
1339175098155791
1339175102247480
1339175106342739
1339175110543566
1339175114845376
1339175119241826
1339175122725460
1339175127158305
1339175130236319
