1339185262470089
1339185265652035
1339185268738342
1339185271799969
1339185274992398
1339185278391276
1339185281798566
1339185285034262
1339185288284214
1339185291524431
1339185294758745
1339185298118698
1339185301510556
1339185304788965
1339185308261724
1339185311446405
1339185314656564
1339185317828829
1339185321046998
1339185325622806
1339185329085012
1339185332302800
1339185335602808
1339185338936924
1339185342179740
1339185345274858
1339185349120435
1339185352435242
1339185355552624
1339185359521037
1339185363331143
1339185367145274
1339185370818153
1339185374605735
1339185382005431
1339185386336755
1339185390433274
1339185393602033
1339185396765725
1339185400075546
1339185403602303
1339185407731837
1339185411826885
1339185416927775
1339185422386947
1339185427832827
1339185434275906
1339185441054160
1339185446010752
1339185450956405
1339185455492765
1339185459556807
1339185463641528
1339185467442286
1339185471316989
1339185475082319
1339185478876264
1339185482573941
1339185486303722
1339185490038909
1339185494318100
1339185498798367
1339185502829025
1339185506946170
1339185511017439
1339185515306822
1339185519546973
1339185524029559
1339185527385686
1339185531050651
1339185534538127
1339185538874709
1339185542767456
1339185546300241
1339185549836449
1339185553350472
1339185556922138
1339185560449886
1339185563959590
1339185567498563
1339185571004114
1339185574748402
1339185578540607
1339185582302384
1339185586226758
1339185590092588
1339185593752612
1339185597403869
1339185601998240
1339185606251713
1339185610419004
1339185614134179
1339185617937263
1339185621595442
1339185625673864
1339185629941124
1339185634415337
1339185638532827
1339185642787816
1339185647399498
