1339173406143780
1339173410040826
1339173413867577
1339173418049910
1339173422151857
1339173425388322
1339173428590731
1339173431752244
1339173435372625
1339173439302799
1339173443226644
1339173447703380
1339173452699972
1339173457681209
1339173461926212
1339173465765030
1339173468855519
1339173472613233
1339173475945893
1339173479166440
1339173482713439
1339173487287932
1339173490963245
1339173494288242
1339173497726833
1339173501293229
1339173504452432
1339173508119406
1339173512129127
1339173515934007
1339173520185094
1339173524514244
1339173529157848
1339173533510917
1339173537542221
1339173541753404
1339173546093990
1339173551331351
1339173556795242
1339173561505112
1339173564783739
1339173567882553
1339173570956201
1339173574700830
1339173578346972
1339173581988255
1339173585635629
1339173589243547
1339173592837509
1339173597644551
1339173606807781
1339173612034435
1339173615732799
1339173619171450
1339173622677788
1339173626305711
1339173629973174
1339173634478081
1339173638808190
1339173643042428
1339173647777192
1339173652689168
1339173657832051
1339173662946063
1339173667698240
1339173671683367
1339173675819609
1339173680331901
1339173685030952
1339173689149076
1339173692951432
1339173696783224
1339173700350168
1339173703893488
1339173707673908
1339173711845887
1339173716096328
1339173720249810
1339173724436605
1339173728691644
1339173732437374
1339173736162028
1339173739781245
1339173743171647
1339173747069740
1339173750602551
1339173754203643
1339173759674443
1339173764331363
1339173769075791
1339173774122030
1339173778974696
1339173783430728
1339173787431345
1339173791761749
1339173795204334
1339173798562820
1339173801915260
1339173806774809
1339173812987108
