1339174723093652
1339174727525544
1339174731354881
1339174736396419
1339174740561574
1339174744791953
1339174749005695
1339174753632100
1339174758142329
1339174762891692
1339174767367451
1339174770823232
1339174774268408
1339174777874431
1339174781374236
1339174784859998
1339174788419147
1339174792918712
1339174797871061
1339174802758063
1339174806445261
1339174810380900
1339174814100833
1339174821265962
1339174825637202
1339174830963920
1339174835875022
1339174839628934
1339174843340645
1339174847138447
1339174852131149
1339174856612291
1339174861386458
1339174866006512
1339174870414808
1339174874875293
1339174879777118
1339174884647712
1339174889782259
1339174894691219
1339174899971622
1339174904193993
1339174907494227
1339174910828646
1339174914107646
1339174917424840
1339174920847874
1339174924337237
1339174928131555
1339174932298420
1339174936368673
1339174940605281
1339174944716813
1339174948963413
1339174953698342
1339174958390391
1339174961484325
1339174964812128
1339174967983829
1339174971117538
1339174974730634
1339174978320080
1339174981864413
1339174985581564
1339174989392125
1339174993485805
1339174997340557
1339175003603753
1339175007495527
1339175011561477
1339175015696728
1339175020488756
1339175024956884
1339175029166719
1339175032682670
1339175036204610
1339175039616780
1339175043198314
1339175046645236
1339175050535711
1339175054790895
1339175058905516
1339175063240257
1339175067638325
1339175072346509
1339175076447617
1339175080309365
1339175084253923
1339175087953807
1339175091847419
1339175095486115
1339175099485482
1339175103667877
1339175107750619
1339175112128981
1339175116395109
1339175120586968
1339175123947837
1339175128256286
1339175131306113
