1335442747842851
1335443753027717
1335444757555339
1335445762131063
1335446767091529
1335447772382442
1335448777947788
1335449781887940
1335450785276365
1335451790418647
1335452796693809
1335453801454261
1335454807753288
1335455812440528
1335456817445244
1335457821931946
1335458826756234
1335459833312183
1335460839707657
1335461845825420
1335462851818273
1335463858917751
1335464865581205
1335465871842628
1335466877736629
1335467884648526
1335468892362937
1335469898535072
1335470904079634
1335471909358970
1335472915879458
1335473921811871
1335474927907600
1335475933627302
1335476939748166
1335477945256031
1335478952385478
1335479958654047
1335480965848534
1335481972977255
1335482979525320
1335483985130258
1335484991851978
1335485998023981
1335487004453319
1335488010576730
1335489017648437
1335490023735429
1335491030378412
1335492035303539
1335493041837066
1335494046978842
1335495052415829
1335496058698761
1335497064244755
1335498070849112
1335499076245291
1335500082511820
1335501088779126
1335502092813137
1335503098730089
1335504104283541
1335505111583970
1335506116807011
1335507122581790
1335508128721652
1335509134865073
1335510141180947
1335511146777370
1335512154284529
1335513160640066
1335514167414792
1335515174217616
1335516179227557
1335517186528786
1335518193351070
1335519198933823
1335520205354062
1335521214500966
1335522225991491
1335523233709294
1335524240871702
1335525250064151
1335526257096966
1335527262783265
1335528269473217
1335529276085664
1335530282036965
1335531287954033
1335532291595866
1335533297771234
1335534304793021
1335535318393936
1335536325301280
1335537336880219
1335538347233937
1335539356918354
1335540365356784
1335541373674229
1335542377539756
