1339176393731742
1339176397084642
1339176400291561
1339176403851898
1339176407595561
1339176411517733
1339176415047874
1339176418955418
1339176422606924
1339176426299204
1339176430454803
1339176435116133
1339176439643242
1339176444384557
1339176450098237
1339176455030273
1339176459686396
1339176464373374
1339176468102807
1339176471752050
1339176475964213
1339176480732885
1339176488755908
1339176494401619
1339176498774051
1339176502654164
1339176506404096
1339176510147205
1339176514842822
1339176520039995
1339176525055925
1339176530049209
1339176534764705
1339176539720956
1339176544113062
1339176548516036
1339176552644348
1339176556523334
1339176560344714
1339176564096449
1339176567795169
1339176572169069
1339176576654172
1339176581672170
1339176585877723
1339176589813777
1339176593824345
1339176598131221
1339176602709987
1339176607673385
1339176612299033
1339176616945708
1339176622207428
1339176627438988
1339176630994025
1339176634374422
1339176637539200
1339176640881630
1339176650476518
1339176655534923
1339176659217384
1339176662618450
1339176666187550
1339176669440732
1339176672897892
1339176676450698
1339176680563897
1339176684443284
1339176688898468
1339176693281558
1339176697394953
1339176700908001
1339176704389004
1339176707973751
1339176711411806
1339176715236899
1339176719649837
1339176724340295
1339176728395669
1339176731982616
1339176735775885
1339176739606744
1339176743513938
1339176747858459
1339176752018941
1339176756228695
1339176760852553
1339176765004048
1339176768227005
1339176771567550
1339176774923310
1339176778190324
1339176782157478
1339176785738963
1339176789505273
1339176793447850
1339176797732200
1339176802323420
1339176806879286
1339176811567026
