1337662031879205
1337663035351344
1337664038494504
1337665043121725
1337666047824819
1337667057362629
1337668067876424
1337669074766545
1337670078662057
1337671086027122
1337672090750994
1337673098928295
1337674109284970
1337675116520283
1337676119564682
1337677123063437
1337678127144862
1337679130542350
1337680134210535
1337681138650786
1337682142680544
1337683146341288
1337684149693450
1337685153101486
1337686156295743
1337687159443058
1337688162830686
1337689166541587
1337690169411913
1337691172827037
1337692176448179
1337693179894889
1337694184024173
1337695187827103
1337696191629433
1337697195206943
1337698198329347
1337699202539177
1337700205982002
1337701210595887
1337702219652620
1337703224945476
1337704228328114
1337705232067040
1337706234789928
1337707238202567
1337708242246765
1337709249799707
1337710253111657
1337711256380129
1337712260061227
1337713263360078
1337714267939213
1337715272696392
1337716277306343
1337717283672558
1337718288767777
1337719293008982
1337720297365634
1337721300644263
1337722304952457
1337723313685036
1337724316972802
1337725321352095
1337726326870586
1337727334560685
1337728338597024
1337729344400073
1337730352698426
1337731359403113
1337732366397769
1337733371569607
1337734374975973
1337735378768584
1337736382838904
1337737385921346
1337738389953766
1337739394030385
1337740398599543
1337741403476815
1337742407693951
1337743412730125
1337744417190910
1337745420626678
1337746427032428
1337747432746310
1337748439005311
1337749447994889
1337750454118753
1337751458380820
1337752463643089
1337753467527139
1337754471240877
1337755474397032
1337756478322780
1337757481476230
1337758485794544
1337759491579540
1337760496176576
1337761501181051
