1337662031878489
1337663035350955
1337664038493941
1337665043120858
1337666047823917
1337667057361841
1337668067875480
1337669074766057
1337670078661164
1337671086026639
1337672090750225
1337673098927381
1337674109284057
1337675116519745
1337676119564042
1337677123062779
1337678127144309
1337679130541818
1337680134210089
1337681138650338
1337682142671339
1337683146340838
1337684149692941
1337685153100883
1337686156295161
1337687159442503
1337688162830243
1337689166541077
1337690169411157
1337691172826582
1337692176447503
1337693179894411
1337694184023567
1337695187826485
1337696191628799
1337697195206516
1337698198328877
1337699202538573
1337700205981561
1337701210594989
1337702219651978
1337703224944915
1337704228327595
1337705232066500
1337706234789367
1337707238202073
1337708242245870
1337709249799307
1337710253110906
1337711256379678
1337712260060563
1337713263359524
1337714267938555
1337715272695922
1337716277305698
1337717283671822
1337718288767275
1337719293008455
1337720297365162
1337721300643332
1337722304951656
1337723313683705
1337724316972357
1337725321351407
1337726326869725
1337727334560224
1337728338596391
1337729344399316
1337730352697976
1337731359401926
1337732366397127
1337733371569046
1337734374975484
1337735378768105
1337736382829401
1337737385920850
1337738389953093
1337739394029923
1337740398598863
1337741403476231
1337742407693349
1337743412729436
1337744417190442
1337745420625874
1337746427031818
1337747432745570
1337748439004389
1337749447994228
1337750454118186
1337751458380168
1337752463642602
1337753467526462
1337754471240385
1337755474396567
1337756478322333
1337757481475718
1337758485793619
1337759491578965
1337760496175997
1337761501180420
