1339186897824609
1339186901676307
1339186905690747
1339186910053994
1339186913933653
1339186917810593
1339186921600012
1339186925410049
1339186929310035
1339186933427593
1339186937587060
1339186941683162
1339186945802978
1339186949874487
1339186953756612
1339186957676892
1339186961464000
1339186965409841
1339186970546650
1339186974432358
1339186977989383
1339186981696583
1339186985737375
1339186989699907
1339186993949831
1339186998261632
1339187004083361
1339187009012794
1339187014363986
1339187019563966
1339187025744325
1339187032719540
1339187038987399
1339187044453149
1339187049164766
1339187053697367
1339187060890914
1339187069042135
1339187075958831
1339187081002578
1339187085967329
1339187091315940
1339187098035753
1339187104454791
1339187109304632
1339187113889345
1339187118701317
1339187123677633
1339187127628437
1339187130951450
1339187134482743
1339187137803197
1339187141123134
1339187144402847
1339187147676772
1339187150958066
1339187154193457
1339187157358733
1339187160652723
1339187163725543
1339187166988425
1339187170436239
1339187173877071
1339187177370327
1339187180856505
1339187183958577
1339187187370450
1339187190629107
1339187193879602
1339187197083908
1339187200449535
1339187203553842
1339187206816785
1339187210064244
1339187213405482
1339187216751408
1339187220065016
1339187223186835
1339187226533287
1339187229825664
1339187233036971
1339187236431577
1339187239738443
1339187242960731
1339187246254241
1339187249431002
1339187252759317
1339187255920338
1339187259326915
1339187262894652
1339187266351768
1339187270302320
1339187274055823
1339187278339488
1339187283310539
1339187288559568
1339187293287837
1339187298651375
1339187302729655
1339187306792335
