1336551378388774
1336552383669674
1336553388646806
1336554392423960
1336555396839937
1336556400501486
1336557405023596
1336558409786249
1336559414442137
1336560419155931
1336561423653779
1336562426997526
1336563433126267
1336564440369297
1336565447482441
1336566457425556
1336567467298067
1336568475784202
1336569485020396
1336570496078502
1336571506842335
1336572518504129
1336573523303210
1336574530278234
1336575536922057
1336576541303694
1336577550136016
1336578554986570
1336579558079308
1336580569785292
1336581575163652
1336582586813251
1336583595461784
1336584605768418
1336585616959816
1336586622671090
1336587629221037
1336588635957433
1336589643770256
1336590654142990
1336591657795595
1336592666432871
1336593673253754
1336594682281139
1336595692608484
1336596702882433
1336597715778567
1336598725984385
1336599731390498
1336600741536683
1336601747086029
1336602756665156
1336603764505898
1336604770495816
1336605781159036
1336606789151494
1336607799286010
1336608809722685
1336609817793149
1336610822929866
1336611833511295
1336612841254682
1336613852080807
1336614860965534
1336615866904704
1336616873939727
1336617884352800
1336618895241954
1336619906835387
1336620911809429
1336621921435016
1336622927105492
1336623937063355
1336624947029144
1336625957048516
1336626967900232
1336627974341295
1336628982771471
1336629995824539
1336631003529634
1336632010358689
1336633017748604
1336634027401618
1336635037164972
1336636043022340
1336637052538328
1336638060550805
1336639070402099
1336640076375632
1336641086102667
1336642094324639
1336643102579442
1336644114890570
1336645120711286
1336646131758702
1336647140889779
1336648148260748
1336649155531376
1336650161246687
1336651171531968
