1339174275217193
1339174278770904
1339174284733279
1339174288100052
1339174291468074
1339174294892842
1339174298071691
1339174301181165
1339174304303234
1339174307569052
1339174310729735
1339174313982991
1339174317215043
1339174324422744
1339174327823849
1339174331587894
1339174334774532
1339174337881433
1339174341040802
1339174344460464
1339174347672490
1339174350939488
1339174354557002
1339174358491678
1339174365897109
1339174370479590
1339174374743734
1339174378852638
1339174382130558
1339174385502397
1339174388863319
1339174392309585
1339174395711087
1339174398939949
1339174402550747
1339174406574431
1339174410884323
1339174415172766
1339174419821580
1339174424399430
1339174428902199
1339174439690265
1339174446087327
1339174451941696
1339174456962640
1339174462127761
1339174467525123
1339174473092091
1339174478055124
1339174482909955
1339174488280196
1339174492232363
1339174496572910
1339174501344412
1339174506221116
1339174511281820
1339174516283809
1339174521644311
1339174525830074
1339174529780075
1339174534850586
1339174539295213
1339174544646586
1339174548753289
1339174552883771
1339174556741984
1339174560938525
1339174565134736
1339174569501106
1339174574929045
1339174579809517
1339174584432945
1339174588946742
1339174593158715
1339174597131641
1339174600979362
1339174604807606
1339174608479285
1339174624686145
1339174628112878
1339174631214151
1339174634864783
1339174637886355
1339174640999608
1339174645217482
1339174649598766
1339174653823746
1339174658612935
1339174663483060
1339174668261795
1339174673264710
1339174678031693
1339174682758182
1339174687467605
1339174692486086
1339174697332169
1339174701748249
1339174706479608
1339174711487667
1339174716026191
