1336451459756169
1336452471752004
1336453483022184
1336454493606375
1336455505768173
1336456518715581
1336457528682905
1336458535771299
1336459541752728
1336460548845512
1336461556060518
1336462561792017
1336463566145504
1336464571121069
1336465574884385
1336466579497571
1336467585707497
1336468594403683
1336469602925915
1336470611484839
1336471624252664
1336472637399942
1336473648484292
1336474658331877
1336475668741102
1336476677817322
1336477689774872
1336478700846814
1336479707043055
1336480717655664
1336481727531128
1336482733321733
1336483743716819
1336484749236454
1336485761736290
1336486773175228
1336487782102766
1336488790067537
1336489799462664
1336490811611888
1336491820525238
1336492830300469
1336493839234979
1336494851893114
1336495861957641
1336496867914092
1336497878341364
1336498889417470
1336499899636784
1336500911778059
1336501922568106
1336502929466883
1336503941097387
1336504950402971
1336505956647791
1336506968045009
1336507977880312
1336508987045822
1336509994532718
1336511002278570
1336512011945582
1336513019057466
1336514029295934
1336515037195831
1336516043929867
1336517053171067
1336518066330353
1336519078289846
1336520089688289
1336521100835459
1336522111289006
1336523122495111
1336524133725428
1336525146484991
1336526158060371
1336527167748307
1336528177485140
1336529187893228
1336530193407639
1336531203028955
1336532211005237
1336533219755698
1336534229824320
1336535238846173
1336536250267580
1336537261177558
1336538269888986
1336539280330724
1336540289156894
1336541301063545
1336542307403340
1336543312410887
1336544318089699
1336545327941887
1336546337907497
1336547348986308
1336548357442762
1336549368348629
1336550371788674
1336551375469233
