1338668391009360
1338669395663043
1338670400324059
1338671405484705
1338672411297820
1338673416975534
1338674422615487
1338675428161154
1338676434050488
1338677441160708
1338678449241569
1338679458481926
1338680466039611
1338681472195276
1338682481807945
1338683490514599
1338684496883224
1338685502928641
1338686511931718
1338687524472888
1338688535983561
1338689549319630
1338690559851409
1338691571446500
1338692582668621
1338693592119445
1338694598160844
1338695608491011
1338696620193458
1338697630776961
1338698640919173
1338699645379910
1338700651888798
1338701657151418
1338702664617405
1338703671162773
1338704677305680
1338705685117280
1338706692125631
1338707698428023
1338708705898953
1338709710359885
1338710721803782
1338711728704356
1338712738527973
1338713747430339
1338714752992441
1338715759905207
1338716766386344
1338717774277095
1338718785917061
1338719797092563
1338720807958201
1338721820478465
1338722831664427
1338723843696069
1338724851824982
1338725858851028
1338726868110258
1338727876957200
1338728886880250
1338729892516336
1338730897702009
1338731906070211
1338732911490941
1338733918162659
1338734924475898
1338735932365680
1338736941243624
1338737950648669
1338738956742408
1338739963135149
1338740969582979
1338741973997810
1338742978069383
1338743986004243
1338744993685363
1338746002151662
1338747007072629
1338748010798571
1338749014768925
1338750018808700
1338751022931312
1338752027184873
1338753031077597
1338754037079249
1338755046441591
1338756056788314
1338757066081825
1338758075960260
1338759084525044
1338760091837090
1338761098637174
1338762107169424
1338763114122988
1338764120275892
1338765126555529
1338766130284573
1338767134392622
1338768137780865
