1339181897595476
1339181901589572
1339181905648284
1339181909799630
1339181913847395
1339181917942024
1339181921880134
1339181925707242
1339181929422214
1339181933441274
1339181937475018
1339181940790998
1339181944112157
1339181947742425
1339181951654028
1339181955550651
1339181960160189
1339181965437298
1339181970795261
1339181974985135
1339181978670357
1339181982253968
1339181985900217
1339181989652649
1339181993858720
1339181998308599
1339182004133400
1339182007272700
1339182010978788
1339182014653416
1339182018792958
1339182023023919
1339182026785210
1339182030476368
1339182033944831
1339182037863008
1339182042533990
1339182047569434
1339182052801149
1339182057550715
1339182062001366
1339182066464084
1339182070607069
1339182075257216
1339182079600590
1339182083572864
1339182087631394
1339182092276132
1339182096954657
1339182101834963
1339182107129848
1339182111638802
1339182115220738
1339182118468847
1339182121647506
1339182124962801
1339182128462224
1339182131775936
1339182134943129
1339182142140416
1339182145626742
1339182148876872
1339182155945978
1339182159769409
1339182163084511
1339182170270262
1339182173605905
1339182176876701
1339182186965438
1339182197923048
1339182201446997
1339182204625815
1339182207779070
1339182210915385
1339182214289081
1339182217764500
1339182221164668
1339182224407241
1339182227941933
1339182231918487
1339182235591959
1339182239222770
1339182242725082
1339182246253226
1339182250741401
1339182255195603
1339182259588738
1339182263975809
1339182267733404
1339182271205015
1339182274837130
1339182278840721
1339182282658869
1339182286391881
1339182290084988
1339182294420557
1339182299117537
1339182303814253
1339182308793162
1339182313968618
