1339174275220011
1339174278774186
1339174284745886
1339174288103511
1339174291471211
1339174294895914
1339174298074427
1339174301184026
1339174304306276
1339174307572149
1339174310732729
1339174313986240
1339174317218146
1339174324425954
1339174327835965
1339174331590992
1339174334777796
1339174337884409
1339174341043853
1339174344463717
1339174347675500
1339174350942693
1339174354560643
1339174358495672
1339174365906154
1339174370484324
1339174374747897
1339174378856885
1339174382135536
1339174385505532
1339174388866316
1339174392312461
1339174395714004
1339174398942760
1339174402555050
1339174406578139
1339174410888805
1339174415176732
1339174419826166
1339174424404000
1339174428907137
1339174439695995
1339174446093707
1339174451946527
1339174456967328
1339174462133054
1339174467530632
1339174473097169
1339174478060208
1339174482913883
1339174488284085
1339174492236495
1339174496577135
1339174501349211
1339174506225697
1339174511287176
1339174516288940
1339174521648370
1339174525834152
1339174529784325
1339174534854843
1339174539300057
1339174544650312
1339174548756915
1339174552887665
1339174556746082
1339174560942748
1339174565139575
1339174569505569
1339174574934167
1339174579814156
1339174584437737
1339174588951038
1339174593162477
1339174597135409
1339174600983133
1339174604811284
1339174608482517
1339174624692483
1339174628115926
1339174631217024
1339174634868414
1339174637889400
1339174641002736
1339174645221413
1339174649602434
1339174653827908
1339174658617743
1339174663487137
1339174668266883
1339174673269244
1339174678036046
1339174682762784
1339174687471836
1339174692490704
1339174697336460
1339174701752748
1339174706484163
1339174711492610
1339174716030698
