1339177651289598
1339177655138839
1339177659288279
1339177672960153
1339177676159848
1339177679682079
1339177683504020
1339177687516703
1339177691729059
1339177695721764
1339177700195894
1339177705030268
1339177710341250
1339177715751702
1339177720177324
1339177724340945
1339177728655750
1339177733021156
1339177737146755
1339177741417701
1339177745848374
1339177749401979
1339177752979411
1339177756681047
1339177760308429
1339177765474336
1339177769962408
1339177774359133
1339177778552805
1339177782839452
1339177787738892
1339177793463645
1339177799003145
1339177804169625
1339177809486555
1339177814085385
1339177817836659
1339177821530763
1339177826251398
1339177831449162
1339177837042624
1339177842187604
1339177847261931
1339177852436338
1339177857703709
1339177861838487
1339177866042637
1339177870518474
1339177875034795
1339177879210693
1339177882802192
1339177886412984
1339177890136700
1339177894672461
1339177899275732
1339177903211373
1339177907042515
1339177910690384
1339177914660422
1339177918821030
1339177923431614
1339177928148310
1339177933776950
1339177939552023
1339177944207215
1339177949257467
1339177953528856
1339177957957105
1339177962780715
1339177967456561
1339177971959797
1339177976125077
1339177980041039
1339177983117928
1339177986217579
1339177989713796
1339177993303421
1339177997328157
1339178003515932
1339178007802165
1339178011091534
1339178014666815
1339178018312087
1339178022768962
1339178027269160
1339178031542161
1339178035726167
1339178040154956
1339178044554018
1339178048704901
1339178052917733
1339178057899773
1339178063250886
1339178068883169
1339178074648595
1339178079249007
1339178083884788
1339178088085533
1339178093565691
1339178098503944
