1339174275368183
1339174278930617
1339174284922802
1339174288293271
1339174291639105
1339174295074582
1339174298219121
1339174301332104
1339174304480335
1339174307720158
1339174310877894
1339174314140192
1339174317373259
1339174324573731
1339174328025690
1339174331740169
1339174334931841
1339174338026253
1339174341189923
1339174344643950
1339174347823369
1339174351088353
1339174354737205
1339174358695584
1339174366240916
1339174370689137
1339174374960192
1339174379022163
1339174382321662
1339174385650396
1339174389099832
1339174392479420
1339174395848210
1339174399076466
1339174402764993
1339174406757742
1339174411114040
1339174415377489
1339174420030961
1339174424596885
1339174429130549
1339174440008180
1339174446413479
1339174452196046
1339174457208326
1339174462391613
1339174467820509
1339174473337234
1339174478302431
1339174483113094
1339174488483224
1339174492435061
1339174496810402
1339174501578178
1339174506477933
1339174511525427
1339174516553431
1339174521877473
1339174526023707
1339174529960803
1339174535038296
1339174539538771
1339174544865227
1339174548965880
1339174553066943
1339174556940022
1339174561138882
1339174565335606
1339174569729335
1339174575200772
1339174580033881
1339174584646330
1339174589171864
1339174593352986
1339174597311381
1339174601171862
1339174605002179
1339174608661135
1339174624896185
1339174628303306
1339174631361750
1339174635011662
1339174638024590
1339174641202351
1339174645423898
1339174649785523
1339174654040661
1339174658867197
1339174663718355
1339174668513638
1339174673506311
1339174678243312
1339174682977853
1339174687691421
1339174692807718
1339174697542972
1339174701962740
1339174706724726
1339174711724449
1339174716259009
