1339182757244762
1339182760614905
1339182764032367
1339182767248679
1339182771026921
1339182775093678
1339182779413045
1339182783844030
1339182788217159
1339182793047142
1339182797870616
1339182802548761
1339182807263789
1339182811553252
1339182814872289
1339182818164756
1339182821356146
1339182824986126
1339182829633502
1339182834247262
1339182838743497
1339182843253192
1339182847311325
1339182850944630
1339182854563473
1339182858231957
1339182861823117
1339182865643576
1339182869752577
1339182873851604
1339182877612133
1339182881579326
1339182885296680
1339182888932027
1339182892686742
1339182897174284
1339182901832351
1339182906332560
1339182910512815
1339182914939375
1339182919471272
1339182924048836
1339182928110877
1339182932237228
1339182936149612
1339182940360321
1339182944902625
1339182949394008
1339182954366297
1339182959965071
1339182964911357
1339182970099956
1339182975282904
1339182980820130
1339182985685398
1339182989806996
1339182993712105
1339182997564978
1339183004146386
1339183008881720
1339183012613186
1339183016075611
1339183019841480
1339183024197014
1339183028516479
1339183032613966
1339183036952021
1339183041372086
1339183045593666
1339183049572480
1339183053854089
1339183058911785
1339183062959917
1339183067173105
1339183070895561
1339183074589698
1339183078206634
1339183081915606
1339183085749123
1339183089923979
1339183094092197
1339183097818453
1339183101646322
1339183105876441
1339183109721784
1339183118550679
1339183122804546
1339183126420158
1339183133264699
1339183136390057
1339183139555993
1339183147050887
1339183150392578
1339183153591911
1339183156940942
1339183160448204
1339183165130443
1339183168326227
1339183171457293
1339183174674680
