1337156960437073
1337157969399182
1337158975649680
1337159980888232
1337160986611940
1337161991097597
1337162995085867
1337164002382116
1337165008727892
1337166016694050
1337167021288912
1337168026488010
1337169031680477
1337170038191278
1337171043435315
1337172051481518
1337173059336631
1337174068436936
1337175077283937
1337176087971371
1337177097513617
1337178107008643
1337179117879299
1337180130753889
1337181139251193
1337182150941435
1337183160959441
1337184175035549
1337185186046702
1337186200725376
1337187211614478
1337188225356538
1337189232953632
1337190245166350
1337191259720458
1337192271159261
1337193282635382
1337194294564713
1337195306955414
1337196320943670
1337197334272720
1337198348542262
1337199361452508
1337200372651761
1337201385952738
1337202398867444
1337203411022211
1337204422347231
1337205434566315
1337206446668520
1337207459658262
1337208473088309
1337209486526977
1337210499123365
1337211512983842
1337212522761852
1337213535597517
1337214548977775
1337215563403287
1337216576854439
1337217588031554
1337218601138845
1337219611497332
1337220624961242
1337221636759375
1337222651026150
1337223664568915
1337224676846261
1337225690565030
1337226703877612
1337227714149012
1337228726640391
1337229740164241
1337230751005071
1337231763717452
1337232775902690
1337233790420240
1337234803377723
1337235813496232
1337236825079608
1337237838284673
1337238851221192
1337239863184980
1337240875370177
1337241886956757
1337242899417046
1337243913297897
1337244924559272
1337245936266855
1337246950105369
1337247963709076
1337248977048923
1337249983468764
1337250994071187
1337252006948760
1337253012787287
1337254017457449
1337255021909467
1337256027243727
1337257033768105
