1339174276298942
1339174282458407
1339174285936062
1339174289349922
1339174292604620
1339174296111928
1339174299187601
1339174302247946
1339174305430022
1339174308741396
1339174311936296
1339174315051325
1339174318468175
1339174325578317
1339174329113700
1339174332746907
1339174335955662
1339174338974304
1339174342101528
1339174345652987
1339174348926215
1339174352098251
1339174355904207
1339174359905774
1339174367670937
1339174371916411
1339174376156845
1339174380093355
1339174383331317
1339174386661844
1339174390204739
1339174393541691
1339174396935039
1339174399951706
1339174403978608
1339174407946967
1339174412470321
1339174416829037
1339174421497713
1339174425848087
1339174430597308
1339174442122798
1339174448224820
1339174453791521
1339174458791934
1339174463962152
1339174469485835
1339174474777582
1339174479664873
1339174485632889
1339174489658674
1339174493663940
1339174498159507
1339174502927867
1339174508059654
1339174513000351
1339174518209146
1339174523215315
1339174527209203
1339174532219574
1339174536257494
1339174541062041
1339174546153587
1339174550145149
1339174554230952
1339174558150856
1339174562324844
1339174566559747
1339174571316053
1339174576766700
1339174581467748
1339174585944186
1339174590532268
1339174594521323
1339174598441373
1339174602298739
1339174606135856
1339174610326796
1339174625977618
1339174629268946
1339174632459090
1339174635980068
1339174638920614
1339174642409882
1339174646757226
1339174650972701
1339174655544225
1339174660520075
1339174665237479
1339174670088891
1339174674948316
1339174679641377
1339174684468935
1339174689241579
1339174694277899
1339174698880896
1339174703401559
1339174708213169
1339174713195341
1339174717578351
