1338468047906729
1338469058220762
1338470069207751
1338471080989512
1338472093576608
1338473107097539
1338474116770819
1338475121076652
1338476125854012
1338477132407899
1338478135890496
1338479139682567
1338480143159514
1338481146279845
1338482150161343
1338483153751297
1338484157200687
1338485160932596
1338486165085003
1338487169045638
1338488173348587
1338489177381019
1338490181577584
1338491185890739
1338492189566845
1338493193777734
1338494197481083
1338495200927985
1338496205272536
1338497211615711
1338498215036096
1338499218745013
1338500223024936
1338501226946060
1338502231100709
1338503235735428
1338504239691459
1338505244027099
1338506248250621
1338507251356590
1338508254848034
1338509258790686
1338510264114973
1338511276120511
1338512282696909
1338513287292681
1338514295572574
1338515307247644
1338516318667628
1338517331065844
1338518343407896
1338519355332286
1338520363547413
1338521371036369
1338522374777150
1338523379131195
1338524383839330
1338525387740096
1338526391843327
1338527395882577
1338528400665273
1338529405800216
1338530411180394
1338531417451868
1338532424584114
1338533430034281
1338534436124066
1338535442575083
1338536449533165
1338537458858540
1338538465317658
1338539472231735
1338540477565955
1338541487862213
1338542493853849
1338543501552993
1338544510035013
1338545519967042
1338546529902907
1338547541133241
1338548549818602
1338549558047902
1338550563989764
1338551568710313
1338552573584487
1338553580264551
1338554587335918
1338555592419817
1338556603150016
1338557608283686
1338558616093343
1338559623236867
1338560630837846
1338561637966535
1338562648642328
1338563657946257
1338564668570302
1338565679139937
1338566690372702
1338567698315315
