1336248929989000
1336249937093028
1336250941924139
1336251950175997
1336252955643189
1336253963886292
1336254975650617
1336255982598936
1336256992742776
1336257999850029
1336259005307079
1336260011603251
1336261017970743
1336262025719662
1336263033650481
1336264043252150
1336265049008951
1336266056916350
1336267062070289
1336268069934192
1336269076404522
1336270085255290
1336271092690467
1336272100572681
1336273107484439
1336274113510912
1336275121760236
1336276127657315
1336277134739566
1336278141135342
1336279146801461
1336280153747365
1336281157792170
1336282161040999
1336283167324165
1336284174629492
1336285182883999
1336286190616697
1336287199657969
1336288209399295
1336289215926154
1336290225486418
1336291232683299
1336292243281795
1336293250290016
1336294256355556
1336295264501106
1336296272719017
1336297279086193
1336298287442476
1336299293743737
1336300301579688
1336301307254348
1336302316464633
1336303324081325
1336304332069755
1336305340114365
1336306345873859
1336307353766244
1336308359430006
1336309366382164
1336310371200087
1336311375131551
1336312379434497
1336313384135189
1336314387431443
1336315391332996
1336316395165112
1336317400575954
1336318404205887
1336319409450146
1336320415967359
1336321420243209
1336322424182786
1336323427918848
1336324432842013
1336325438273325
1336326444807049
1336327451507842
1336328460185625
1336329466835043
1336330475814344
1336331484745482
1336332495130234
1336333503641013
1336334514023600
1336335525083329
1336336537031587
1336337546125263
1336338551566698
1336339560758768
1336340571814443
1336341582986935
1336342590533565
1336343596511894
1336344602470885
1336345610932365
1336346620737837
1336347626500904
1336348638715074
