1339176392663180
1339176395809231
1339176399141840
1339176402579984
1339176406188195
1339176410123371
1339176413829122
1339176417665920
1339176421299902
1339176425035673
1339176428856835
1339176433542768
1339176438094093
1339176442639404
1339176447524713
1339176453290191
1339176458031160
1339176462924115
1339176466707070
1339176470442678
1339176474281881
1339176479061102
1339176483771658
1339176492430822
1339176497346121
1339176501293493
1339176505154437
1339176508822558
1339176513144856
1339176518240121
1339176523329160
1339176528306326
1339176533129975
1339176538052444
1339176542587389
1339176546944290
1339176551102192
1339176555159659
1339176559039686
1339176562714534
1339176566455870
1339176570607315
1339176574942941
1339176579961429
1339176584411420
1339176588474756
1339176592448860
1339176596484617
1339176601161696
1339176605859636
1339176610632273
1339176615233952
1339176620170986
1339176625592690
1339176629821336
1339176633185458
1339176636435235
1339176639634775
1339176643530823
1339176654110267
1339176657851979
1339176661417671
1339176665126450
1339176668301518
1339176671571653
1339176675107942
1339176679088186
1339176682971029
1339176687221841
1339176691716565
1339176696120571
1339176699679864
1339176703112327
1339176706762028
1339176710095432
1339176713735052
1339176718089439
1339176722743707
1339176727102060
1339176730728248
1339176734406132
1339176738231511
1339176742145948
1339176746367618
1339176750583582
1339176754776030
1339176759139112
1339176763853615
1339176767029827
1339176770395733
1339176773785595
1339176777056826
1339176780806358
1339176784509513
1339176788097473
1339176791960170
1339176796209964
1339176800739295
1339176805291765
1339176809839030
