1338064917457867
1338065930648299
1338066943593347
1338067955104209
1338068963915982
1338069970376703
1338070982380123
1338071987822779
1338072995233473
1338074004506847
1338075012190665
1338076019067383
1338077029658054
1338078040596829
1338079052549781
1338080060413173
1338081066974401
1338082073090257
1338083080936937
1338084085126917
1338085090055282
1338086100373858
1338087110301440
1338088116585469
1338089121393155
1338090128882761
1338091133662631
1338092137023245
1338093140789041
1338094144429597
1338095148150847
1338096151959926
1338097155684179
1338098159890911
1338099163627863
1338100168101376
1338101171473606
1338102175091333
1338103179164633
1338104183244031
1338105186882778
1338106190400155
1338107194793260
1338108199684909
1338109203239803
1338110207442061
1338111210894880
1338112214637881
1338113218773499
1338114222672265
1338115227232592
1338116234404581
1338117240676756
1338118249190542
1338119253673549
1338120256974540
1338121260877001
1338122265494352
1338123276047381
1338124280652980
1338125288555081
1338126292752571
1338127299349106
1338128305175891
1338129315973369
1338130324788070
1338131333577329
1338132343139315
1338133351600141
1338134361009121
1338135368793314
1338136372831202
1338137377108000
1338138380958979
1338139386421133
1338140391374137
1338141396502871
1338142402600769
1338143408993957
1338144416312132
1338145424029635
1338146429320587
1338147436940125
1338148444305258
1338149452497671
1338150457587487
1338151466650511
1338152475981153
1338153487029368
1338154496374317
1338155503902254
1338156513531609
1338157524589668
1338158535659642
1338159546943567
1338160559895517
1338161573906791
1338162584887195
1338163592501741
1338164601329641
