1339179784544715
1339179789102897
1339179793850410
1339179798611137
1339179803553666
1339179807566707
1339179811968888
1339179816608404
1339179821584127
1339179826518006
1339179831368955
1339179835670830
1339179839574753
1339179843405019
1339179847381189
1339179852023626
1339179856901627
1339179862368142
1339179866553888
1339179870831841
1339179874735467
1339179879554177
1339179884369527
1339179889267231
1339179894735016
1339179900504463
1339179904654876
1339179908688493
1339179912855166
1339179917387035
1339179921920518
1339179926131962
1339179930796492
1339179935411250
1339179939806556
1339179943345037
1339179947036184
1339179950690001
1339179954108918
1339179957760195
1339179960841643
1339179963964205
1339179967603781
1339179971217017
1339179975556861
1339179979819075
1339179984166304
1339179988665541
1339179992940190
1339179997199916
1339180003564011
1339180007828399
1339180011680843
1339180015517425
1339180019270899
1339180023184945
1339180027270470
1339180031232302
1339180035218581
1339180039647122
1339180044289008
1339180048578232
1339180052265495
1339180055991409
1339180059880631
1339180063382937
1339180067300001
1339180071152774
1339180075829838
1339180080373339
1339180084937325
1339180090117882
1339180095303653
1339180098827171
1339180102654051
1339180106716156
1339180111135535
1339180118960160
1339180123070726
1339180126562990
1339180129880838
1339180133527090
1339180136850602
1339180139892951
1339180143202038
1339180146559550
1339180149630349
1339180152901346
1339180158150907
1339180161414321
1339180164765857
1339180168148699
1339180173274923
1339180176495077
1339180179530659
1339180186781056
1339180194604445
1339180198240504
1339180201882935
1339180205395713
