1337661027876963
1337662033946796
1337663036873678
1337664040609942
1337665045304099
1337666053730446
1337667064126264
1337668072321568
1337669076386765
1337670083355412
1337671088476403
1337672095534359
1337673104674026
1337674114199570
1337675118080813
1337676121210470
1337677125545197
1337678128956975
1337679132584846
1337680136682792
1337681140980233
1337682144704708
1337683148284373
1337684151741892
1337685154813944
1337686157778890
1337687161136968
1337688165043496
1337689168109036
1337690171089752
1337691174783989
1337692178176829
1337693182211010
1337694186010457
1337695190042508
1337696193691096
1337697196720355
1337698200737032
1337699204349010
1337700208143703
1337701215778568
1337702222899895
1337703226801620
1337704230442630
1337705233614255
1337706236749302
1337707239785952
1337708247428915
1337709251626559
1337710254870429
1337711258404622
1337712261764858
1337713265715195
1337714270692192
1337715275275525
1337716281216940
1337717286588506
1337718291108558
1337719295457064
1337720299051722
1337721302601645
1337722310510015
1337723315316102
1337724319455260
1337725324449919
1337726331519782
1337727336549242
1337728341568636
1337729349401495
1337730354964760
1337731364062644
1337732369451893
1337733373296898
1337734376837690
1337735381072280
1337736384465540
1337737388008277
1337738392424332
1337739396287010
1337740401307240
1337741405667537
1337742410565784
1337743415742682
1337744418631371
1337745424095368
1337746430177642
1337747436363114
1337748444775988
1337749451777372
1337750456481602
1337751461384720
1337752465885341
1337753469527711
1337754472832034
1337755476635732
1337756479934668
1337757483738168
1337758489267674
1337759493747324
1337760498972846
