1339175967829483
1339175972683831
1339175977370180
1339175981632692
1339175985718177
1339175990060631
1339175994546977
1339175999112916
1339176006135106
1339176011049579
1339176024262034
1339176028764499
1339176033274911
1339176037620047
1339176042162381
1339176046833170
1339176051665565
1339176056780397
1339176062095917
1339176069073927
1339176073376301
1339176077625277
1339176081933834
1339176086625906
1339176091120962
1339176095531648
1339176099525650
1339176103723125
1339176110906477
1339176115045106
1339176118770372
1339176122725880
1339176126419374
1339176129900319
1339176133010278
1339176136392968
1339176139584880
1339176142832884
1339176145929369
1339176149194947
1339176153008671
1339176156234474
1339176159535595
1339176166561147
1339176171098478
1339176174314482
1339176181415074
1339176192728605
1339176196582057
1339176199770783
1339176202847024
1339176205989578
1339176209453048
1339176212573193
1339176219507993
1339176223179965
1339176226428719
1339176229788925
1339176233026510
1339176236047347
1339176238938773
1339176242260165
1339176245578040
1339176248854933
1339176252193403
1339176255380392
1339176261658673
1339176265016129
1339176268242581
1339176273056671
1339176276456611
1339176280009660
1339176283559755
1339176290735430
1339176294404784
1339176297993687
1339176301370734
1339176304742126
1339176308122917
1339176311362255
1339176315493855
1339176319527238
1339176323756150
1339176327895692
1339176332224067
1339176336958588
1339176341852972
1339176345935435
1339176349258437
1339176352518089
1339176355920508
1339176360105469
1339176363765208
1339176367558338
1339176370788779
1339176374594741
1339176377941320
1339176381420732
1339176386504241
1339176390087983
