1339184415067690
1339184418933473
1339184423383849
1339184428334178
1339184433564904
1339184438138041
1339184442919758
1339184446685855
1339184450487230
1339184454244102
1339184457865986
1339184461471110
1339184465011981
1339184468484768
1339184471920068
1339184475906995
1339184479422062
1339184483653043
1339184488375071
1339184493463545
1339184498314966
1339184502818127
1339184507917295
1339184513683721
1339184519089484
1339184523177816
1339184527272148
1339184531954418
1339184536593758
1339184540770053
1339184544570472
1339184548153119
1339184551828437
1339184555714913
1339184560412900
1339184564988823
1339184569480222
1339184573371673
1339184577148619
1339184580876090
1339184584540306
1339184588146795
1339184591728066
1339184595381479
1339184598927439
1339184602494778
1339184606067018
1339184609706720
1339184613563899
1339184617453669
1339184622042180
1339184626399311
1339184630785001
1339184634635606
1339184638559536
1339184642377945
1339184646275950
1339184649940524
1339184653830175
1339184658374525
1339184662501789
1339184666851971
1339184671463273
1339184676965799
1339184681889965
1339184686802794
1339184691757488
1339184696336081
1339184702113400
1339184706882965
1339184711437970
1339184715703818
1339184720008246
1339184724467143
1339184729964830
1339184735243302
1339184741373236
1339184747338948
1339184751462000
1339184755417458
1339184759369327
1339184762849587
1339184766356606
1339184773920917
1339184781697802
1339184786196758
1339184789618867
1339184792837311
1339184796462118
1339184799969487
1339184804059603
1339184808101269
1339184812688687
1339184818059206
1339184823730502
1339184829139471
1339184834360167
1339184840162464
1339184845777847
1339184852609785
