1339175133824148
1339175137231673
1339175140378734
1339175143670509
1339175146858656
1339175150048411
1339175153272280
1339175156533421
1339175159710145
1339175163351994
1339175166590646
1339175169860710
1339175173171824
1339175176482482
1339175179823172
1339175183120362
1339175186332730
1339175189691324
1339175192960490
1339175196339842
1339175199507508
1339175202735965
1339175206034997
1339175209155010
1339175212362754
1339175215455473
1339175222591094
1339175225885494
1339175229298137
1339175235358138
1339175238518933
1339175241745896
1339175248374939
1339175251852370
1339175254955212
1339175258693346
1339175261807765
1339175265165646
1339175268561858
1339175271999820
1339175275958802
1339175280846614
1339175285491320
1339175290402016
1339175294989644
1339175298898817
1339175302848927
1339175306601368
1339175310332371
1339175314074361
1339175317834538
1339175322183995
1339175326695652
1339175331763537
1339175336387455
1339175340926711
1339175344775518
1339175348357901
1339175351808107
1339175355321398
1339175359539673
1339175364067127
1339175368483673
1339175372531909
1339175376734184
1339175379876691
1339175383200480
1339175386517552
1339175389989284
1339175393413998
1339175396732933
1339175399972407
1339175403433183
1339175407181501
1339175411322167
1339175416019781
1339175421482567
1339175426573331
1339175431426580
1339175435936874
1339175440750160
1339175445702631
1339175449337433
1339175453314365
1339175457265592
1339175461682058
1339175465887076
1339175469597091
1339175473147315
1339175476607232
1339175479835013
1339175482819012
1339175486248992
1339175489370741
1339175492623248
1339175496581277
1339175500487903
1339175504776388
1339175508891596
1339175513042562
