1339175518562634
1339175522397086
1339175526159829
1339175530249498
1339175534484764
1339175538779554
1339175543051830
1339175546950119
1339175550558791
1339175554504138
1339175558750893
1339175563012028
1339175567419773
1339175571580096
1339175576080432
1339175580279643
1339175584555005
1339175589018629
1339175593576720
1339175598036349
1339175602600510
1339175607174021
1339175611462085
1339175615622436
1339175620131104
1339175635473012
1339175640171594
1339175643409076
1339175646591039
1339175650106502
1339175653533292
1339175657456571
1339175661316300
1339175665277383
1339175670086554
1339175674620393
1339175679043450
1339175683987658
1339175689390247
1339175694759463
1339175700521189
1339175704620827
1339175708777011
1339175713189202
1339175717605879
1339175721771970
1339175726247877
1339175731945583
1339175737193511
1339175742408941
1339175747384474
1339175751282668
1339175755255273
1339175759180490
1339175763852397
1339175768631687
1339175773645846
1339175778218925
1339175782562340
1339175787138897
1339175792575439
1339175797810865
1339175802355660
1339175806690650
1339175811136899
1339175816320554
1339175822274915
1339175828405193
1339175832223079
1339175836132528
1339175840081234
1339175844950459
1339175849962028
1339175854641832
1339175859095232
1339175863877722
1339175868137330
1339175872480227
1339175876897331
1339175880984540
1339175885757943
1339175890563823
1339175895542163
1339175900791420
1339175906571848
1339175911506248
1339175914724279
1339175918080395
1339175921597615
1339175925611809
1339175929926723
1339175934031159
1339175937304632
1339175940554829
1339175943746708
1339175947233737
1339175951047050
1339175954786343
1339175958513046
1339175963664194
