1337360043437980
1337361052236232
1337362057143202
1337363070255198
1337364079149957
1337365090728660
1337366103485882
1337367115037209
1337368123679432
1337369135228703
1337370139105973
1337371142780390
1337372146314386
1337373150293742
1337374154118457
1337375157132413
1337376159922301
1337377163364930
1337378166795314
1337379170236091
1337380173712440
1337381177030427
1337382180086818
1337383183192834
1337384186820153
1337385190349279
1337386193873302
1337387197608400
1337388201912730
1337389208626620
1337390212349019
1337391216196272
1337392220367094
1337393223875035
1337394227538840
1337395230792756
1337396234491325
1337397237970822
1337398241444227
1337399247545211
1337400251116251
1337401254135896
1337402258720341
1337403265431123
1337404271084955
1337405275606416
1337406286752907
1337407290406675
1337408298752958
1337409304976630
1337410315030146
1337411322984691
1337412326750915
1337413330803480
1337414339620194
1337415350384097
1337416359430784
1337417366546213
1337418370345039
1337419376207922
1337420380242428
1337421383814946
1337422386779645
1337423391120158
1337424401263788
1337425406548798
1337426411937657
1337427418794360
1337428428229418
1337429434902763
1337430441812870
1337431450581084
1337432460959699
1337433470905759
1337434479155623
1337435485146574
1337436491293212
1337437495718584
1337438506513873
1337439513762031
1337440523765337
1337441527433074
1337442532249059
1337443544031748
1337444555792421
1337445566533286
1337446575021371
1337447582281333
1337448590837112
1337449597023751
1337450601578240
1337451607106283
1337452611360434
1337453616840143
1337454627164715
1337455637826356
1337456644414709
1337457655844761
1337458666863324
1337459678340251
