1339171860232120
1339171864276448
1339171868233424
1339171872400487
1339171876471419
1339171880419149
1339171884445801
1339171888910934
1339171893316730
1339171897674581
1339171902068252
1339171906483610
1339171910633775
1339171915243402
1339171919737384
1339171924154690
1339171928433021
1339171932639314
1339171936556704
1339171940538482
1339171944086917
1339171947365371
1339171950830731
1339171954841852
1339171959825929
1339171963407515
1339171967170859
1339171971057147
1339171975114782
1339171980078015
1339171984168500
1339171988027426
1339171992260209
1339171996119799
1339171999672402
1339172004578777
1339172008209217
1339172012071589
1339172016245240
1339172020934412
1339172025578827
1339172030469833
1339172035065888
1339172039618777
1339172043308615
1339172046522976
1339172049707104
1339172053925628
1339172058416888
1339172062453741
1339172067208978
1339172072466200
1339172077601959
1339172082049976
1339172086519559
1339172091930047
1339172097099455
1339172101457654
1339172105429159
1339172109242986
1339172113151414
1339172117344865
1339172121509205
1339172125268235
1339172128533192
1339172131662103
1339172134848965
1339172138306049
1339172141789125
1339172144870611
1339172148266119
1339172151598646
1339172154861556
1339172158504829
1339172162150930
1339172168950933
1339172172496591
1339172175996751
1339172183126723
1339172186657085
1339172189725986
1339172192822163
1339172196102333
1339172199201717
1339172202121572
1339172205132226
1339172208595178
1339172211604255
1339172214763716
1339172218020494
1339172221256864
1339172224555389
1339172227691873
1339172230744360
1339172233906424
1339172237259343
1339172240470994
1339172243478896
1339172250032296
1339172253574466
