1335645324039182
1335646334810232
1335647345135672
1335648356422398
1335649362870212
1335650369306798
1335651373366840
1335652377772664
1335653382118896
1335654385738280
1335655389973947
1335656393314860
1335657397356599
1335658402718827
1335659406837028
1335660413062639
1335661419980384
1335662426699368
1335663433339067
1335664441282923
1335665447595465
1335666453839238
1335667462493352
1335668472682532
1335669481709546
1335670490779218
1335671498474340
1335672508138308
1335673516715919
1335674527544039
1335675539278775
1335676545604959
1335677557937903
1335678567110209
1335679580555696
1335680590422328
1335681600944972
1335682612957145
1335683624682101
1335684638895047
1335685651517293
1335686663674297
1335687676801649
1335688691539320
1335689705005809
1335690718629302
1335691731297941
1335692744455851
1335693757555932
1335694770763275
1335695783030766
1335696795008732
1335697808353933
1335698819376482
1335699831422170
1335700843347089
1335701855501078
1335702867251127
1335703877886297
1335704890399379
1335705902663751
1335706914868298
1335707928530850
1335708939274581
1335709949775132
1335710963641951
1335711975236786
1335712984939319
1335713994863427
1335715003175959
1335716006954251
1335717011503623
1335718015955089
1335719019962200
1335720028763133
1335721035220615
1335722039606745
1335723045590117
1335724054286446
1335725063688923
1335726070584263
1335727080209850
1335728089198169
1335729095946171
1335730101933197
1335731108056395
1335732113046118
1335733117115424
1335734120691871
1335735129150236
1335736140952299
1335737149980839
1335738162678742
1335739173788861
1335740188272048
1335741199520865
1335742210290399
1335743223785036
1335744234963459
1335745246665887
