1338567706338352
1338568718314559
1338569730594257
1338570740428201
1338571744028498
1338572749988622
1338573761651953
1338574772486735
1338575784044558
1338576793111082
1338577804248316
1338578816544382
1338579828533632
1338580839785679
1338581850167074
1338582863123802
1338583873247670
1338584880894793
1338585891139151
1338586898698224
1338587904728230
1338588911874967
1338589924345408
1338590936033208
1338591947637509
1338592959416254
1338593971131601
1338594982409263
1338595989696522
1338597002271482
1338598010675981
1338599018835195
1338600027222866
1338601036413994
1338602044442365
1338603052366686
1338604058276437
1338605064906508
1338606071583450
1338607079326297
1338608084512717
1338609091153044
1338610100752383
1338611109937409
1338612120334439
1338613126176196
1338614129955993
1338615133886066
1338616137496223
1338617141464419
1338618145136116
1338619148760624
1338620152604706
1338621156098680
1338622160248254
1338623163797188
1338624167739879
1338625171571934
1338626176196088
1338627180306916
1338628184404345
1338629188396837
1338630192383894
1338631196552370
1338632199815569
1338633203842444
1338634207814016
1338635212158047
1338636215914357
1338637219647736
1338638223120395
1338639227069943
1338640231121307
1338641235478960
1338642239091946
1338643243621054
1338644247247835
1338645250738149
1338646254095106
1338647258517195
1338648261663623
1338649265258324
1338650271135244
1338651278338348
1338652284943951
1338653292443954
1338654299721743
1338655303938182
1338656313173218
1338657322833127
1338658331586863
1338659338307146
1338660343001896
1338661351497662
1338662361709757
1338663366442525
1338664369302594
1338665375306731
1338666382054717
1338667386583714
