1337963159010165
1337964162716200
1337965166553443
1337966170665020
1337967174688506
1337968178853112
1337969181876849
1337970185482720
1337971188502164
1337972191974468
1337973195975262
1337974199998543
1337975204212511
1337976207968143
1337977211889468
1337978216286750
1337979220680254
1337980224352365
1337981228373333
1337982232119476
1337983235091161
1337984238492446
1337985242103507
1337986246362849
1337987253041183
1337988259184177
1337989265116382
1337990269543130
1337991278056390
1337992286305698
1337993291179249
1337994297163134
1337995306402350
1337996315783499
1337997321549145
1337998328328371
1337999338646510
1338000346411452
1338001357293624
1338002369541756
1338003374475631
1338004379808678
1338005384601506
1338006388328626
1338007392946170
1338008397909417
1338009403929847
1338010408697422
1338011414245472
1338012420223806
1338013426890732
1338014434543359
1338015442091027
1338016448720270
1338017456829806
1338018465633909
1338019473264667
1338020482036066
1338021491587262
1338022502265341
1338023513963288
1338024524228209
1338025536792886
1338026548657303
1338027561382414
1338028571281340
1338029582838483
1338030594037369
1338031607872465
1338032620435100
1338033630970727
1338034638157530
1338035645077877
1338036649146650
1338037655413498
1338038662267384
1338039666636367
1338040675116892
1338041684978002
1338042694035964
1338043702056592
1338044709329642
1338045720702269
1338046726640514
1338047733058102
1338048741974142
1338049752905204
1338050765435640
1338051779624096
1338052793431085
1338053798767177
1338054809590796
1338055820845944
1338056832431880
1338057845766728
1338058855793890
1338059867197116
1338060875250922
1338061887313092
1338062899310284
