1335543381770661
1335544385913498
1335545389807460
1335546394086067
1335547398221869
1335548403024075
1335549407628197
1335550413130560
1335551418744637
1335552424145906
1335553429773110
1335554435812609
1335555441320930
1335556447152604
1335557454129318
1335558463163346
1335559470973966
1335560478825555
1335561487222340
1335562495737021
1335563506278514
1335564517613733
1335565527151431
1335566531482664
1335567540969347
1335568552255407
1335569563766716
1335570574188067
1335571585725261
1335572596402872
1335573609761161
1335574623105265
1335575633576514
1335576645267976
1335577658000346
1335578671180640
1335579685642344
1335580697889186
1335581712339231
1335582723338190
1335583735189000
1335584747243761
1335585760392429
1335586774432452
1335587785098064
1335588796029369
1335589807067389
1335590817548820
1335591823162238
1335592832463533
1335593844584894
1335594856839015
1335595868496535
1335596879975572
1335597891175460
1335598902485779
1335599911314336
1335600917697717
1335601921638993
1335602928794962
1335603934107770
1335604941240040
1335605951270645
1335606961215290
1335607972345997
1335608981911602
1335609993333060
1335611003664037
1335612012084823
1335613017797690
1335614023145215
1335615026988995
1335616035361828
1335617046283947
1335618058347005
1335619071789224
1335620082775938
1335621092873794
1335622103020809
1335623112275378
1335624121879402
1335625132580567
1335626141891821
1335627151078816
1335628159694191
1335629164697316
1335630168997288
1335631173433998
1335632178949626
1335633189987701
1335634200699126
1335635212896874
1335636223218970
1335637236018573
1335638248870154
1335639260321165
1335640271685025
1335641282806613
1335642295524717
1335643308764696
