1339183178652803
1339183181849649
1339183185155307
1339183188627362
1339183191902561
1339183194976947
1339183198435854
1339183201582771
1339183204877771
1339183208134401
1339183211475771
1339183214927491
1339183218285656
1339183221658096
1339183224886615
1339183228239228
1339183232049346
1339183235101518
1339183238328497
1339183241738157
1339183245227011
1339183248716158
1339183252285750
1339183255889110
1339183259788804
1339183263919535
1339183267953258
1339183272793430
1339183278261907
1339183284137304
1339183289231365
1339183294196668
1339183299802517
1339183306362602
1339183312551695
1339183318052525
1339183323499201
1339183329549405
1339183335896604
1339183340338398
1339183344462511
1339183349078215
1339183354667474
1339183359566229
1339183363443807
1339183367577488
1339183371858400
1339183376541273
1339183380502029
1339183383805009
1339183386907836
1339183390225154
1339183393538564
1339183396854550
1339183400170132
1339183404339435
1339183408356132
1339183412301819
1339183416245977
1339183419939250
1339183423313653
1339183426618574
1339183430335104
1339183434454768
1339183437831402
1339183441139564
1339183444514987
1339183447897923
1339183451334057
1339183454758044
1339183458189862
1339183461628947
1339183465013759
1339183468578441
1339183472116587
1339183476040239
1339183479797020
1339183484106529
1339183488180957
1339183492393074
1339183497046428
1339183501969964
1339183506802919
1339183511819307
1339183516822799
1339183521063906
1339183524928868
1339183528740200
1339183532246626
1339183536113161
1339183539759812
1339183544833878
1339183549977389
1339183553965895
1339183557489099
1339183561839422
1339183567162150
1339183570727409
1339183574316001
1339183577869017
