1335746258192177
1335747262623655
1335748266879234
1335749270886779
1335750277701269
1335751288349684
1335752295361278
1335753307931181
1335754318441444
1335755330688151
1335756344049975
1335757356862209
1335758363849260
1335759370153822
1335760373860586
1335761377619276
1335762380711998
1335763384917924
1335764389401588
1335765393940021
1335766397405575
1335767401559956
1335768405453163
1335769409834626
1335770416909639
1335771421472936
1335772428076638
1335773434889053
1335774442780888
1335775448815879
1335776458490863
1335777464074735
1335778473282918
1335779480987136
1335780485184039
1335781488736278
1335782495900695
1335783502040104
1335784510258339
1335785514082790
1335786519701211
1335787523394929
1335788528893222
1335789534425918
1335790539661340
1335791546066960
1335792556382575
1335793560615510
1335794564600180
1335795570847535
1335796577882037
1335797585576138
1335798595218870
1335799599387316
1335800609351181
1335801614191285
1335802623767578
1335803633567184
1335804639146377
1335805647303550
1335806655379876
1335807661057162
1335808667643847
1335809677531871
1335810687933056
1335811696236686
1335812703503895
1335813712235918
1335814723259741
1335815734045368
1335816743887226
1335817752718724
1335818759623348
1335819766246624
1335820770724044
1335821775396942
1335822781137610
1335823789318383
1335824797296969
1335825806155243
1335826813283750
1335827818313609
1335828826287334
1335829830910064
1335830839403758
1335831843700321
1335832846949583
1335833851679748
1335834860555553
1335835865609541
1335836871474414
1335837878570854
1335838883903110
1335839890645144
1335840902263173
1335841913371346
1335842924105698
1335843930304641
1335844935147770
1335845943789649
