1337157964734433
1337158972151625
1337159978054263
1337160983402177
1337161988871639
1337162992651304
1337163998615836
1337165004882198
1337166011755437
1337167018876091
1337168023558943
1337169028790020
1337170033878905
1337171040321451
1337172046233130
1337173054675197
1337174062682501
1337175071649966
1337176081153744
1337177092073530
1337178100775916
1337179111596665
1337180122700677
1337181134405244
1337182144391821
1337183154909340
1337184166255934
1337185178294676
1337186192043698
1337187205516056
1337188216653013
1337189228749034
1337190237088420
1337191251110302
1337192264358656
1337193275701631
1337194288023743
1337195299696184
1337196311658552
1337197325212062
1337198339779723
1337199352661148
1337200366195305
1337201377548649
1337202390037222
1337203403104029
1337204415680081
1337205426427885
1337206439243605
1337207451319470
1337208464326143
1337209477747287
1337210491899778
1337211504585363
1337212516658216
1337213527826601
1337214540620466
1337215554069596
1337216568107742
1337217581569383
1337218593262078
1337219605212598
1337220615571321
1337221629623484
1337222642100348
1337223655778324
1337224668999680
1337225682227657
1337226696282826
1337227708146483
1337228718317636
1337229731320326
1337230744670273
1337231755700205
1337232768204361
1337233782859981
1337234794941459
1337235807596218
1337236817702784
1337237829696283
1337238843260128
1337239856331578
1337240868058534
1337241880150696
1337242890957020
1337243904878578
1337244918222341
1337245928783772
1337246941053191
1337247954824513
1337248968062357
1337249980275412
1337250987873782
1337251998652638
1337253009706447
1337254015091360
1337255019349001
1337256024066771
1337257029778701
1337258037033051
