1339172672576988
1339172677226838
1339172681805294
1339172686158655
1339172690433777
1339172694532714
1339172698919088
1339172703014082
1339172707298227
1339172711758057
1339172716648494
1339172721505653
1339172726596844
1339172731217127
1339172734445636
1339172737779173
1339172741154889
1339172744717577
1339172749161489
1339172753615989
1339172758150008
1339172762784124
1339172767443965
1339172772242865
1339172776872155
1339172781453350
1339172786000503
1339172790395019
1339172795502660
1339172799379509
1339172802784063
1339172806142041
1339172813003498
1339172816363863
1339172819659354
1339172823173066
1339172826398812
1339172829690875
1339172833024890
1339172839500189
1339172843031252
1339172846267518
1339172849635808
1339172852994877
1339172856297006
1339172859636212
1339172862853966
1339172866183410
1339172869492395
1339172872786974
1339172876024002
1339172879325766
1339172882540860
1339172885923730
1339172889190466
1339172892610246
1339172895662090
1339172898589399
1339172901592227
1339172904791493
1339172908150682
1339172911770432
1339172915311701
1339172918979112
1339172922198610
1339172925525057
1339172928874904
1339172932016364
1339172935134841
1339172938644926
1339172942168232
1339172945670393
1339172949049823
1339172952277816
1339172955580874
1339172958823305
1339172962297797
1339172966086992
1339172969345489
1339172972623593
1339172975982734
1339172979302106
1339172982687704
1339172986190218
1339172989570374
1339172992911257
1339172996312747
1339172999463907
1339173005165298
1339173008542260
1339173011961835
1339173017678153
1339173021081469
1339173024278861
1339173027948171
1339173031297432
1339173034542577
1339173038190319
1339173041411165
1339173044902688
