1339187786953542
1339187792141941
1339187798372157
1339187805520779
1339187810871940
1339187819046109
1339187829418520
1339187833287869
1339187836668830
1339187839865280
1339187843179610
1339187846773258
1339187850397020
1339187854413144
1339187858161644
1339187861806664
1339187865863763
1339187871135790
1339187876590844
1339187881376959
1339187885940329
1339187890632540
1339187895464391
1339187900401157
1339187907132510
1339187912929918
1339187917730613
1339187922425717
1339187927795993
1339187932126496
1339187936212518
1339187940770563
1339187945317811
1339187950015027
1339187955453960
1339187961328709
1339187967368920
1339187973776054
1339187980840796
1339187987927123
1339187994178795
1339187999577628
1339188007483606
1339188015317975
1339188018983186
1339188022679567
1339188026321419
1339188029814745
1339188033195914
1339188036911646
1339188040630674
1339188044438229
1339188047977552
1339188051655942
1339188055116790
1339188058691442
1339188062193117
1339188065555993
1339188069307088
1339188072883562
1339188076560294
1339188080401937
1339188085004268
1339188089807584
1339188094669961
1339188099648751
1339188104629714
1339188110993263
1339188116278847
1339188121033715
1339188124602293
1339188127704798
1339188130989963
1339188134496372
1339188137813922
1339188141478123
1339188144794214
1339188148038101
1339188151492374
1339188154755826
1339188158057155
1339188161177001
1339188164673128
1339188168040942
1339188171425162
1339188174619134
1339188178012287
1339188181297880
1339188184464170
1339188187773484
1339188203549972
1339188208915542
1339188212370312
1339188215571613
1339188218851362
1339188222164163
1339188225672079
1339188228992231
1339188232216851
1339188235724337
