1339187313278901
1339187317438941
1339187321435252
1339187325375188
1339187330464907
1339187337287379
1339187343112248
1339187349701362
1339187354228232
1339187358525030
1339187363089860
1339187375010000
1339187379320053
1339187388362048
1339187391768308
1339187395074269
1339187398449294
1339187402864197
1339187407536539
1339187412063145
1339187417635420
1339187422698356
1339187428290190
1339187434522479
1339187438379367
1339187442085507
1339187445872083
1339187449490515
1339187453123353
1339187456682352
1339187460500293
1339187464431505
1339187468568139
1339187472949010
1339187477456802
1339187481775333
1339187485885791
1339187489900754
1339187494197931
1339187498465977
1339187502944250
1339187507524936
1339187512151615
1339187516756325
1339187522154702
1339187529356137
1339187535101273
1339187540839175
1339187546662998
1339187552604089
1339187557675655
1339187564074171
1339187571862366
1339187579191673
1339187587664671
1339187594367324
1339187600953984
1339187605898261
1339187610117950
1339187614439599
1339187618783802
1339187622925629
1339187626744573
1339187630568918
1339187634753764
1339187638677992
1339187642633006
1339187646826430
1339187650916634
1339187654501246
1339187657995251
1339187661456262
1339187664979661
1339187668669940
1339187672313895
1339187679388185
1339187683814015
1339187688226215
1339187692357473
1339187696622518
1339187700504732
1339187704292451
1339187708130973
1339187711956314
1339187715711845
1339187719549830
1339187723851017
1339187728589308
1339187733268319
1339187737706925
1339187741637766
1339187745951398
1339187750188114
1339187753946169
1339187758011776
1339187763507711
1339187768027908
1339187772791100
1339187777856793
1339187783121130
