1339183178655930
1339183181852702
1339183185158409
1339183188630402
1339183191905874
1339183194980320
1339183198439146
1339183201585858
1339183204880902
1339183208137444
1339183211479213
1339183214930547
1339183218289330
1339183221661325
1339183224889770
1339183228242185
1339183232052657
1339183235104583
1339183238331600
1339183241741419
1339183245230070
1339183248719223
1339183252288918
1339183255892801
1339183259792780
1339183263923591
1339183267957210
1339183272797833
1339183278266785
1339183284142762
1339183289235972
1339183294201904
1339183299807870
1339183306368173
1339183312557673
1339183318058097
1339183323504481
1339183329554943
1339183335900479
1339183340342698
1339183344466580
1339183349083197
1339183354672046
1339183359570169
1339183363449991
1339183367582152
1339183371862418
1339183376545950
1339183380507390
1339183383808972
1339183386911420
1339183390228462
1339183393541628
1339183396857654
1339183400173378
1339183404343188
1339183408359847
1339183412305348
1339183416249645
1339183419943056
1339183423316820
1339183426621975
1339183430339232
1339183434457897
1339183437834546
1339183441142585
1339183444517986
1339183447900872
1339183451337252
1339183454761180
1339183458193109
1339183461632072
1339183465017015
1339183468582566
1339183472119700
1339183476044209
1339183479801559
1339183484110493
1339183488184895
1339183492397608
1339183497051706
1339183501974605
1339183506807757
1339183511824241
1339183516827182
1339183521067453
1339183524932395
1339183528743424
1339183532249912
1339183536116539
1339183539763786
1339183544838432
1339183549981442
1339183553969438
1339183557492780
1339183561844212
1339183567165739
1339183570731019
1339183574319676
1339183577872334
