1339181066184061
1339181070162477
1339181074607926
1339181078959459
1339181083324014
1339181087653817
1339181091997475
1339181096493938
1339181100871835
1339181104274022
1339181107754185
1339181111085765
1339181114450410
1339181117994699
1339181126089288
1339181129920055
1339181133215425
1339181136424064
1339181139711740
1339181142811829
1339181146008715
1339181153141402
1339181156445989
1339181159743879
1339181166801716
1339181170464844
1339181173712931
1339181180226131
1339181184007778
1339181187201671
1339181190530807
1339181193715613
1339181197073356
1339181200265949
1339181203701438
1339181211291708
1339181214459598
1339181217936372
1339181221486916
1339181224808823
1339181228013741
1339181231495832
1339181238465994
1339181241906774
1339181245259666
1339181248727575
1339181251880485
1339181255182651
1339181258469851
1339181261808221
1339181265718926
1339181268968484
1339181272189066
1339181279748542
1339181283322732
1339181286975097
1339181293490772
1339181297847962
1339181302835609
1339181307798829
1339181311427950
1339181315100404
1339181318718767
1339181322592365
1339181326515790
1339181330675026
1339181334513120
1339181339601140
1339181344395414
1339181349015760
1339181353761342
1339181358642281
1339181363934261
1339181368757189
1339181371954626
1339181375283025
1339181381413796
1339181385224971
1339181389099473
1339181393208853
1339181397434996
1339181401366503
1339181405166342
1339181410728357
1339181415736328
1339181419926834
1339181423678733
1339181427676580
1339181431718750
1339181436181159
1339181440511498
1339181444811651
1339181448991495
1339181453244926
1339181457629930
1339181462038421
1339181466315896
1339181470064205
1339181473919895
1339181478732867
