1338265368835245
1338266372583144
1338267375627537
1338268379183646
1338269383632760
1338270388467318
1338271392029886
1338272397407306
1338273403438889
1338274409016642
1338275415419675
1338276422474468
1338277429446072
1338278439174820
1338279446569826
1338280452880164
1338281461737980
1338282473455022
1338283485266504
1338284495342588
1338285508316124
1338286521316838
1338287529716649
1338288541041599
1338289549888623
1338290561422636
1338291574492010
1338292587592926
1338293600658215
1338294616509396
1338295626833797
1338296641600245
1338297654184755
1338298666113785
1338299676712402
1338300689764534
1338301703476171
1338302715945323
1338303728736713
1338304740661496
1338305753008512
1338306765419747
1338307780284716
1338308794677296
1338309806797663
1338310817447007
1338311830001169
1338312838244440
1338313846345971
1338314852357553
1338315859181087
1338316865403113
1338317872846408
1338318881650667
1338319892312733
1338320900100646
1338321910212541
1338322919591410
1338323933002878
1338324942206960
1338325948849146
1338326956741401
1338327965282937
1338328972168588
1338329979262672
1338330986376219
1338331999227032
1338333005869505
1338334013324185
1338335019848670
1338336028876661
1338337039999876
1338338051985473
1338339063527441
1338340076322297
1338341088161686
1338342099519417
1338343111286559
1338344120974069
1338345127527480
1338346133193100
1338347136346377
1338348139952240
1338349144177399
1338350148346042
1338351152539732
1338352156828497
1338353161074105
1338354165487598
1338355169698388
1338356173534444
1338357177446192
1338358181632892
1338359185416531
1338360189332286
1338361192997714
1338362196698788
1338363200449623
1338364204077020
1338365207702040
