1336552380319983
1336553386094688
1336554390249207
1336555394342292
1336556398579281
1336557402990877
1336558407022928
1336559411888280
1336560416417876
1336561421347305
1336562425410748
1336563429200029
1336564436170157
1336565443619811
1336566451273298
1336567460969781
1336568471294611
1336569479181165
1336570489545855
1336571500171384
1336572512495511
1336573521408320
1336574527218634
1336575532564642
1336576539357673
1336577543873632
1336578553071803
1336579556568128
1336580561340588
1336581572270869
1336582579253583
1336583590890522
1336584600091039
1336585609703628
1336586619128275
1336587625142289
1336588631870875
1336589638941259
1336590647615811
1336591655865220
1336592660399392
1336593669976547
1336594676134161
1336595686344645
1336596697371237
1336597707105815
1336598719614551
1336599729011512
1336600734847533
1336601744336714
1336602750298448
1336603760124146
1336604768171613
1336605774043140
1336606785300341
1336607793240795
1336608803687099
1336609812929186
1336610820687893
1336611826349697
1336612836950398
1336613844846446
1336614856320148
1336615864044459
1336616871224095
1336617877687197
1336618888358521
1336619899866665
1336620909493177
1336621914534080
1336622925037470
1336623929952916
1336624940819602
1336625951812358
1336626960802137
1336627970590026
1336628977234546
1336629987674272
1336630999489043
1336632006693511
1336633012886534
1336634021340429
1336635031343903
1336636040563099
1336637046120677
1336638055036023
1336639064948830
1336640073078019
1336641079776496
1336642090053291
1336643097864126
1336644107309662
1336645117905727
1336646124045016
1336647135876234
1336648144516519
1336649152507927
1336650157561393
1336651164842131
1336652176515684
