1338971461485052
1338972469226722
1338973479434115
1338974487772778
1338975499585059
1338976509423196
1338977520794901
1338978531943272
1338979541751796
1338980549855085
1338981559466220
1338982568027354
1338983573028988
1338984582583657
1338985591935529
1338986603562143
1338987613948700
1338988621691571
1338989630683472
1338990637213395
1338991644107612
1338992652836923
1338993662710818
1338994671652591
1338995679064906
1338996689329229
1338997698446632
1338998710585244
1338999721894198
1339000730114179
1339001737932900
1339002747739939
1339003758987737
1339004766735661
1339005775440562
1339006784360734
1339007790580966
1339008799157238
1339009805821108
1339010814323418
1339011820993372
1339012826794903
1339013831217777
1339014840950492
1339015851379776
1339016863949981
1339017871366642
1339018882190881
1339019890388072
1339020900100171
1339021908679817
1339022917848146
1339023928444250
1339024936708805
1339025948697235
1339026957744652
1339027968377056
1339028978692406
1339029988047669
1339030996763709
1339032002954289
1339033008881164
1339034016210866
1339035027869547
1339036038256726
1339037044190429
1339038050545560
1339039056647657
1339040068591597
1339041076560269
1339042088036231
1339043096693715
1339044103044405
1339045112723145
1339046122272770
1339047128167140
1339048131674504
1339049135901019
1339050140374334
1339051143917970
1339052147627202
1339053150983551
1339054154824246
1339055157923093
1339056161194690
1339057164497226
1339058168487551
1339059172257060
1339060176346014
1339061179538578
1339062183037608
1339063186665426
1339064190354712
1339065194096272
1339066197944695
1339067201565972
1339068205815730
1339069209476750
1339070213556213
1339071217583910
