1339181484363228
1339181488262373
1339181492248809
1339181495915515
1339181499943284
1339181504507592
1339181509418975
1339181515564614
1339181519997929
1339181524464285
1339181529506095
1339181535122963
1339181538468510
1339181541782658
1339181544880911
1339181548400184
1339181552187789
1339181556020498
1339181559971352
1339181563949692
1339181568269050
1339181573423076
1339181578290950
1339181582046271
1339181585426185
1339181588773041
1339181592386627
1339181596143650
1339181599886619
1339181603436878
1339181606837357
1339181610342838
1339181613711073
1339181617526898
1339181621273912
1339181625253827
1339181629386002
1339181633545078
1339181637579657
1339181641925085
1339181646877820
1339181652133885
1339181656602124
1339181660989164
1339181665359728
1339181669845788
1339181674477720
1339181678967433
1339181683319507
1339181687802208
1339181691871242
1339181696672928
1339181700551519
1339181704283864
1339181707756147
1339181711150777
1339181714657904
1339181718632581
1339181723449790
1339181727541332
1339181734305595
1339181738057844
1339181741574943
1339181745034706
1339181748363698
1339181751677459
1339181755188159
1339181758894541
1339181763083791
1339181767627498
1339181772197964
1339181776932516
1339181781198028
1339181785833144
1339181790893222
1339181796100122
1339181800853608
1339181805605288
1339181809309428
1339181812524122
1339181815528786
1339181822686163
1339181826711837
1339181830530266
1339181834659382
1339181839030266
1339181843219538
1339181847061803
1339181850863581
1339181854679840
1339181858561362
1339181862235415
1339181865866797
1339181870327809
1339181873705550
1339181877093558
1339181880541159
1339181884695797
1339181888737364
1339181892794609
