1335141969624086
1335142974989931
1335143980688646
1335144988701817
1335145994718433
1335147002334689
1335148006970994
1335149012832032
1335150017794825
1335151023676159
1335152029612259
1335153035343127
1335154041143643
1335155047775164
1335156053629374
1335157060131503
1335158065926397
1335159072570305
1335160078704458
1335161084917556
1335162091391452
1335163096880708
1335164103690758
1335165111293497
1335166117412735
1335167124098891
1335168131037721
1335169136843410
1335170142857102
1335171148756806
1335172155521583
1335173161719519
1335174167932893
1335175174509112
1335176180080632
1335177187494169
1335178192631178
1335179197437523
1335180200940373
1335181203875553
1335182207473777
1335183212295208
1335184219122866
1335185225081920
1335186230315210
1335187236265936
1335188243565273
1335189250474573
1335190256274514
1335191262976141
1335192269309736
1335193276269423
1335194282511492
1335195288418932
1335196295774174
1335197303209944
1335198309613464
1335199315643470
1335200319045146
1335201324948184
1335202330871323
1335203337069669
1335204341418151
1335205347656274
1335206352967259
1335207356321304
1335208360347346
1335209366588159
1335210371048813
1335211374604933
1335212378463313
1335213382152554
1335214385378238
1335215388931558
1335216392779410
1335217396518687
1335218400265274
1335219404474311
1335220409091834
1335221413286286
1335222417831964
1335223423776668
1335224430505644
1335225437577967
1335226444141663
1335227449968021
1335228456201201
1335229461453414
1335230466649493
1335231472225598
1335232478276886
1335233485227278
1335234491853332
1335235497898256
1335236502179957
1335237507990171
1335238515255471
1335239521887792
1335240529621392
1335241535673734
