1339183583726936
1339183587289084
1339183590788680
1339183594605119
1339183599519226
1339183604343645
1339183609314777
1339183613754214
1339183618190456
1339183622587879
1339183626992045
1339183631356709
1339183635769392
1339183639390514
1339183642834762
1339183646638096
1339183650287125
1339183654028505
1339183657747086
1339183661456712
1339183665167325
1339183668850848
1339183672580062
1339183676280735
1339183680848142
1339183684805237
1339183688543711
1339183692321282
1339183696907025
1339183701969462
1339183707143020
1339183711954635
1339183716675665
1339183720193808
1339183723692380
1339183727201796
1339183730550554
1339183733997524
1339183737505193
1339183741420558
1339183745343068
1339183748797847
1339183752182773
1339183756896203
1339183764699231
1339183768608437
1339183771632247
1339183774894093
1339183778125420
1339183782002894
1339183786137961
1339183790137409
1339183794489161
1339183798831489
1339183802806179
1339183806747968
1339183810540842
1339183814400503
1339183818391027
1339183822321369
1339183826935198
1339183831056284
1339183834997996
1339183838795476
1339183843414405
1339183847044162
1339183850511500
1339183854143414
1339183857646764
1339183860832786
1339183864071114
1339183867287229
1339183870528587
1339183873779654
1339183877018666
1339183880237420
1339183883660206
1339183887034178
1339183890314374
1339183893554587
1339183896909877
1339183900362716
1339183903823633
1339183907494731
1339183912087499
1339183917222359
1339183922021205
1339183926850550
1339183932202508
1339183938367229
1339183944378202
1339183950520906
1339183954280837
1339183957897246
1339183961462985
1339183964774336
1339183968084103
1339183971670635
1339183975333688
1339183978932246
