1339174721695429
1339174726217387
1339174730228677
1339174735193461
1339174739224174
1339174743547495
1339174747649462
1339174752169438
1339174756799513
1339174761395983
1339174766303604
1339174769789288
1339174773241867
1339174776696648
1339174780258610
1339174783725449
1339174787320153
1339174791366852
1339174796366339
1339174801292442
1339174805330008
1339174809232306
1339174812948559
1339174819869902
1339174824011001
1339174829324716
1339174834542946
1339174838502728
1339174842187961
1339174845920033
1339174850542250
1339174855098665
1339174859919740
1339174864564710
1339174869139391
1339174873603957
1339174878315971
1339174883124170
1339174888170540
1339174893136076
1339174898388587
1339174903216276
1339174906495628
1339174909838860
1339174913099387
1339174916461756
1339174919793562
1339174923223233
1339174926705344
1339174931049092
1339174935149207
1339174939251743
1339174943529692
1339174947509058
1339174952188347
1339174957177841
1339174960531330
1339174963732656
1339174966931207
1339174970209392
1339174973651600
1339174977167204
1339174980733660
1339174984437768
1339174988205367
1339174992225072
1339174996273512
1339174999816120
1339175006327810
1339175010309040
1339175014421905
1339175019005745
1339175023597897
1339175027794622
1339175031680139
1339175035021089
1339175038571781
1339175042184703
1339175045584450
1339175049192458
1339175053669980
1339175057732445
1339175061931459
1339175066323226
1339175070826410
1339175075188600
1339175079104110
1339175083068020
1339175086848301
1339175090574681
1339175094461393
1339175098325943
1339175102446451
1339175106558952
1339175110759253
1339175115042624
1339175119451995
1339175122946879
1339175127331571
1339175130383307
