1338869825061247
1338870835269329
1338871842084763
1338872848602630
1338873852989951
1338874860437985
1338875866370753
1338876875918775
1338877881715312
1338878893029859
1338879900048824
1338880906413094
1338881915892690
1338882926423812
1338883935033663
1338884942660434
1338885950487428
1338886961947534
1338887970551431
1338888979583794
1338889990399687
1338890998796345
1338892007386716
1338893016199940
1338894026329216
1338895034774500
1338896042592456
1338897052227239
1338898058656389
1338899069053319
1338900077680160
1338901084605147
1338902093114975
1338903102967145
1338904109788184
1338905116281600
1338906122385521
1338907128434643
1338908132624188
1338909136567469
1338910140447898
1338911144382000
1338912147985139
1338913151579023
1338914154503965
1338915158343232
1338916162626624
1338917166983017
1338918169851277
1338919172822089
1338920176455704
1338921179509534
1338922183589402
1338923187457581
1338924191496083
1338925195154717
1338926199150702
1338927203188809
1338928207264674
1338929213257337
1338930217251106
1338931220995691
1338932224766603
1338933230272566
1338934234758294
1338935242294102
1338936246743832
1338937250624787
1338938254626790
1338939262815047
1338940268163115
1338941275397145
1338942284506132
1338943291221874
1338944295961128
1338945301199712
1338946309246066
1338947316554474
1338948322890761
1338949332673242
1338950341650137
1338951349122826
1338952357242633
1338953362895735
1338954370570558
1338955374599511
1338956378735719
1338957383291528
1338958387742939
1338959391645901
1338960396313231
1338961401516885
1338962406199905
1338963411867752
1338964418170761
1338965424835478
1338966430811090
1338967437576977
1338968443791274
1338969450204765
