1337560336650180
1337561343955999
1337562348598460
1337563354742781
1337564359336392
1337565366116234
1337566372843640
1337567377321420
1337568381057638
1337569384849598
1337570388475394
1337571392662682
1337572398160142
1337573403772193
1337574409304819
1337575414940290
1337576419119670
1337577424029160
1337578428761253
1337579435613746
1337580441302589
1337581449589706
1337582455941312
1337583462697774
1337584469300587
1337585473846573
1337586479625060
1337587490405776
1337588498777830
1337589510812153
1337590515217211
1337591524713558
1337592534430769
1337593546272318
1337594558191402
1337595570265350
1337596582117542
1337597593806642
1337598603557716
1337599613670910
1337600623424674
1337601630267759
1337602639395917
1337603647663198
1337604655594559
1337605660531180
1337606664217690
1337607668179147
1337608677718472
1337609688690361
1337610693838306
1337611699584470
1337612703734079
1337613708804223
1337614718001123
1337615725009910
1337616729603615
1337617733538914
1337618738489959
1337619741794798
1337620751067259
1337621755526890
1337622758893544
1337623763126334
1337624766533477
1337625774907074
1337626787245351
1337627797683798
1337628810520657
1337629819273004
1337630827401053
1337631836330089
1337632841949418
1337633846533863
1337634853997687
1337635862922813
1337636870913165
1337637876126185
1337638880167799
1337639887541327
1337640891952981
1337641898353777
1337642911451119
1337643915556689
1337644920864773
1337645929923777
1337646940548297
1337647947887847
1337648952572563
1337649955960994
1337650959554035
1337651965557868
1337652969359465
1337653973076819
1337654977292842
1337655987932884
1337656997633548
1337658005305130
1337659013955677
1337660018334800
