1338467043563207
1338468053566384
1338469064259126
1338470075417944
1338471088165625
1338472101340610
1338473113554562
1338474118870955
1338475123297056
1338476129627865
1338477134058496
1338478137674912
1338479141224064
1338480144493478
1338481148144525
1338482151900258
1338483155348162
1338484158944887
1338485162964181
1338486167077528
1338487171254964
1338488175186008
1338489179474492
1338490183691006
1338491187530439
1338492191671608
1338493195477061
1338494199149575
1338495202863608
1338496208841143
1338497213190471
1338498216804451
1338499220939915
1338500225165935
1338501228978857
1338502233474253
1338503237700478
1338504242033066
1338505246192973
1338506249651242
1338507252971043
1338508256812136
1338509260612691
1338510271665185
1338511279655051
1338512284867456
1338513291182133
1338514302442114
1338515314113674
1338516325115217
1338517338481424
1338518349948347
1338519358779670
1338520367717285
1338521372822190
1338522377218603
1338523381154831
1338524385726702
1338525389792924
1338526393830804
1338527398528213
1338528403078153
1338529408496513
1338530414253913
1338531421319633
1338532427300526
1338533433206556
1338534439527740
1338535446009122
1338536454641731
1338537462237947
1338538469024392
1338539474580134
1338540483460474
1338541490594713
1338542498195927
1338543505959724
1338544515276335
1338545525198804
1338546536510480
1338547545996499
1338548554378035
1338549560941121
1338550566635047
1338551570796934
1338552577543668
1338553583311421
1338554589656889
1338555598031341
1338556604920132
1338557613371846
1338558619139466
1338559627543271
1338560634164221
1338561643998664
1338562652907131
1338563663573416
1338564674728993
1338565686966098
1338566693859056
