1339178501213273
1339178504839334
1339178508579001
1339178512455750
1339178516739602
1339178521002326
1339178526576798
1339178530677632
1339178534719832
1339178540133064
1339178544915706
1339178548916687
1339178553020827
1339178557052144
1339178560479619
1339178563978546
1339178567716505
1339178571468363
1339178575423192
1339178579418849
1339178582882391
1339178586526286
1339178589917313
1339178593442218
1339178597162236
1339178600803019
1339178604476682
1339178608189552
1339178612307287
1339178616336728
1339178620732628
1339178625666672
1339178630755033
1339178634023744
1339178637309335
1339178640489714
1339178643516675
1339178646561062
1339178650333058
1339178654534105
1339178658603185
1339178662418327
1339178666893576
1339178671117626
1339178679464975
1339178687524641
1339178691085375
1339178694477491
1339178697901492
1339178701562839
1339178705537724
1339178709494547
1339178714054975
1339178718634213
1339178723506727
1339178729224529
1339178733778283
1339178736945299
1339178740117624
1339178743662139
1339178747193080
1339178751674556
1339178755970763
1339178760630874
1339178765517125
1339178770394192
1339178774669270
1339178778732360
1339178782695002
1339178787644030
1339178793698818
1339178799283973
1339178803895140
1339178808456775
1339178812943357
1339178817454253
1339178822386867
1339178827504267
1339178832528638
1339178837459593
1339178842435990
1339178847352221
1339178850772385
1339178854352193
1339178857953684
1339178863188037
1339178867981369
1339178872136198
1339178877030213
1339178881387872
1339178885443905
1339178889152477
1339178892850004
1339178896680124
1339178900355395
1339178904960393
1339178908530991
1339178911691782
1339178914741184
1339178917812741
