1336753042749442
1336754053622496
1336755061419783
1336756071061728
1336757080233729
1336758086783482
1336759093207533
1336760097760022
1336761101577638
1336762111793077
1336763123400279
1336764131435551
1336765142391803
1336766155119454
1336767166695777
1336768178785374
1336769184559985
1336770191952410
1336771201968945
1336772209061212
1336773218836653
1336774231414884
1336775244891321
1336776258133023
1336777269269705
1336778281435586
1336779293130006
1336780300204009
1336781310378835
1336782318591854
1336783326389625
1336784335841393
1336785341016309
1336786347702772
1336787353341350
1336788362196297
1336789367549371
1336790371832916
1336791376184038
1336792380612749
1336793384772082
1336794388299945
1336795392430848
1336796396557519
1336797401011141
1336798406884460
1336799413496040
1336800418432735
1336801423272010
1336802427559835
1336803435230664
1336804442713571
1336805448897162
1336806453654156
1336807461666681
1336808471229079
1336809482901154
1336810490403018
1336811501505147
1336812512060188
1336813518560896
1336814529883102
1336815541458591
1336816553713455
1336817566582853
1336818578241619
1336819589539399
1336820600570211
1336821605381153
1336822614353099
1336823625633281
1336824637509741
1336825642193981
1336826648961439
1336827653662071
1336828665147188
1336829670040195
1336830679960115
1336831687435505
1336832699153718
1336833708045976
1336834721354697
1336835731508680
1336836745549047
1336837755647132
1336838762964703
1336839770207298
1336840779497493
1336841791445155
1336842802311568
1336843809225889
1336844816046476
1336845824404028
1336846834177593
1336847843826593
1336848853686772
1336849862665745
1336850868588477
1336851874536182
1336852879353526
