1339183582252673
1339183585924236
1339183589467439
1339183592813561
1339183597615989
1339183602401517
1339183607509568
1339183611942142
1339183616282414
1339183620940249
1339183625262852
1339183629697957
1339183634068872
1339183638048899
1339183641505503
1339183645227052
1339183648886579
1339183652611295
1339183656309388
1339183659980493
1339183663687273
1339183667388999
1339183671065042
1339183674782363
1339183678482961
1339183683229131
1339183686971105
1339183690783348
1339183694859200
1339183700054576
1339183705077877
1339183710078593
1339183714776173
1339183718810558
1339183722322601
1339183725846984
1339183729236580
1339183732606932
1339183736121822
1339183739890209
1339183743739157
1339183747423767
1339183750837669
1339183754787799
1339183759859203
1339183767181344
1339183770451470
1339183773703292
1339183776965513
1339183780350873
1339183784550710
1339183788503448
1339183792798710
1339183797171583
1339183801381077
1339183805310338
1339183809139388
1339183812902499
1339183816854217
1339183820602139
1339183825136901
1339183829385593
1339183833503206
1339183837328796
1339183841454866
1339183845686409
1339183849197394
1339183852614013
1339183856414773
1339183859563295
1339183862791192
1339183866030999
1339183869264226
1339183872525113
1339183875743308
1339183878967858
1339183882196164
1339183885742990
1339183889046328
1339183892292262
1339183895539254
1339183899013033
1339183902397711
1339183905967558
1339183910260783
1339183915238696
1339183920184805
1339183924943361
1339183929995405
1339183936168847
1339183941983003
1339183948301843
1339183952758745
1339183956487793
1339183960042073
1339183963468264
1339183966807853
1339183970265686
1339183973871482
1339183977587796
