1339172258541254
1339172261775504
1339172265725189
1339172268814366
1339172271967633
1339172275279745
1339172279134430
1339172282208094
1339172285407351
1339172292066438
1339172295528777
1339172298826774
1339172302161880
1339172305567526
1339172308808177
1339172311915634
1339172315610572
1339172318972196
1339172322236534
1339172325424082
1339172328783900
1339172332269080
1339172335549207
1339172339145232
1339172343913008
1339172348098562
1339172352483212
1339172357102053
1339172366606219
1339172369933180
1339172373416400
1339172376797017
1339172380068859
1339172383300408
1339172390128494
1339172393754989
1339172397186407
1339172400710370
1339172405163760
1339172409527602
1339172413972119
1339172418796708
1339172423978414
1339172428997213
1339172434325479
1339172440522564
1339172450496696
1339172455993965
1339172461056540
1339172465948954
1339172470753171
1339172475624600
1339172480637333
1339172485892753
1339172491023265
1339172494900084
1339172498390793
1339172501855332
1339172506239682
1339172510613756
1339172514181689
1339172517866833
1339172521521514
1339172525148412
1339172528629500
1339172532073746
1339172535812641
1339172539726682
1339172543542116
1339172548116267
1339172552844018
1339172557260197
1339172560379937
1339172563743945
1339172567423134
1339172572095129
1339172576358959
1339172580266041
1339172590207604
1339172594438948
1339172597803087
1339172601116550
1339172604560058
1339172607839010
1339172610966341
1339172614536390
1339172618280891
1339172622616580
1339172626665473
1339172630857142
1339172635373860
1339172640250356
1339172645585826
1339172649144045
1339172652668238
1339172656065200
1339172659406641
1339172662846684
1339172666223640
1339172669791869
