1339185650386776
1339185653991693
1339185657661226
1339185661224806
1339185664836897
1339185668366208
1339185672100904
1339185675612040
1339185679147717
1339185682906030
1339185687280265
1339185691603654
1339185695576785
1339185699552714
1339185703284055
1339185708016903
1339185711615871
1339185715314555
1339185719282014
1339185723715851
1339185727875232
1339185732304966
1339185738407252
1339185742892105
1339185748183598
1339185752636469
1339185757067035
1339185761688390
1339185767138364
1339185772280963
1339185776811375
1339185781497078
1339185789415232
1339185796124445
1339185799850863
1339185803032456
1339185806199134
1339185809501486
1339185812824764
1339185816270018
1339185819979041
1339185823636298
1339185827379968
1339185831862067
1339185837289216
1339185843047977
1339185849106733
1339185856601480
1339185863312942
1339185869555454
1339185874379220
1339185878062295
1339185882170411
1339185886231964
1339185890030933
1339185894356548
1339185898944221
1339185903719965
1339185908555628
1339185913209440
1339185918166715
1339185923619711
1339185930219071
1339185937911431
1339185944906984
1339185951004216
1339185958155879
1339185965439291
1339185973270513
1339185980962110
1339185988080594
1339185993719610
1339185999194637
1339186004520459
1339186009210780
1339186013534763
1339186020264267
1339186025669541
1339186030654298
1339186034790603
1339186037979466
1339186041125759
1339186044552465
1339186049031842
1339186053051274
1339186057038823
1339186060868609
1339186064589511
1339186068202417
1339186071720258
1339186075222550
1339186078952575
1339186082742038
1339186086382522
1339186089933724
1339186093459386
1339186097154632
1339186100868231
1339186105475399
1339186109701693
