1338468047907655
1338469058221804
1338470069208670
1338471080990980
1338472093577909
1338473107098802
1338474116771273
1338475121077237
1338476125854776
1338477132408375
1338478135890994
1338479139683026
1338480143160070
1338481146280293
1338482150161977
1338483153751810
1338484157201322
1338485160933131
1338486165085445
1338487169046080
1338488173349051
1338489177381461
1338490181578040
1338491185891225
1338492189567404
1338493193778249
1338494197481532
1338495200928445
1338496205273269
1338497211616264
1338498215036603
1338499218745472
1338500223034385
1338501226946499
1338502231101250
1338503235735881
1338504239691982
1338505244027622
1338506248251260
1338507251357046
1338508254848477
1338509258791154
1338510264116319
1338511276121125
1338512282697757
1338513287293405
1338514295573804
1338515307248623
1338516318668604
1338517331067185
1338518343409083
1338519355333004
1338520363548923
1338521371036893
1338522374777625
1338523379131758
1338524383840082
1338525387740633
1338526391843892
1338527395883077
1338528400665794
1338529405800780
1338530411181046
1338531417452415
1338532424584619
1338533430034993
1338534436124520
1338535442575759
1338536449534348
1338537458859555
1338538465318281
1338539472232186
1338540477566877
1338541487863441
1338542493854728
1338543501553707
1338544510036103
1338545519967999
1338546529903735
1338547541134059
1338548549819332
1338549558048516
1338550563990431
1338551568710837
1338552573585324
1338553580265270
1338554587336453
1338555592420886
1338556603150480
1338557608284668
1338558616093974
1338559623238017
1338560630838622
1338561637967527
1338562648643064
1338563657947513
1338564668571421
1338565679141116
1338566690373224
1338567698316287
