1337560336645118
1337561343944504
1337562348583849
1337563354730648
1337564359329896
1337565366099238
1337566372835686
1337567377314085
1337568381052613
1337569384844241
1337570388469675
1337571392658351
1337572398154569
1337573403754223
1337574409299800
1337575414931887
1337576419112095
1337577424023358
1337578428752783
1337579435602749
1337580441295400
1337581449578915
1337582455924677
1337583462689581
1337584469293677
1337585473838725
1337586479617620
1337587490392523
1337588498768721
1337589510796584
1337590515212525
1337591524701355
1337592534419029
1337593546258330
1337594558179126
1337595570252514
1337596582106700
1337597593793120
1337598603543423
1337599613659556
1337600623415072
1337601630257394
1337602639385355
1337603647655335
1337604655584240
1337605660521803
1337606664211202
1337607668171230
1337608677706518
1337609688679382
1337610693831803
1337611699578001
1337612703726654
1337613708797702
1337614717992985
1337615725000006
1337616729598404
1337617733527984
1337618738483959
1337619741786715
1337620751055265
1337621755519250
1337622758886298
1337623763120639
1337624766528491
1337625774892918
1337626787238637
1337627797673197
1337628810508473
1337629819264659
1337630827391309
1337631836318075
1337632841944561
1337633846527722
1337634853985396
1337635862914790
1337636870903669
1337637876119525
1337638880163304
1337639887533138
1337640891944896
1337641898343544
1337642911445438
1337643915548622
1337644920858472
1337645929912261
1337646940540437
1337647947878105
1337648952565825
1337649955953853
1337650959548957
1337651965550314
1337652969352781
1337653973068464
1337654977287721
1337655987920227
1337656997624192
1337658005293203
1337659013947216
1337660018329893
