1339176816309500
1339176821643322
1339176826487088
1339176830288430
1339176834092712
1339176837890316
1339176841840365
1339176845872286
1339176850133414
1339176854673057
1339176858558130
1339176862836637
1339176867456604
1339176871772910
1339176876485863
1339176881283405
1339176886043125
1339176890020400
1339176893735456
1339176897455096
1339176901260743
1339176908826662
1339176914850044
1339176918729302
1339176922720321
1339176927133596
1339176931758642
1339176935724900
1339176939699432
1339176943411521
1339176947477876
1339176951828729
1339176956260151
1339176961195034
1339176966043045
1339176969970520
1339176973986019
1339176977898007
1339176981449434
1339176985966792
1339176989752978
1339176994573326
1339176998321114
1339177002974414
1339177006224981
1339177009950017
1339177014411989
1339177018988671
1339177023741321
1339177028137949
1339177032197704
1339177036541843
1339177042037449
1339177046184068
1339177050252787
1339177054267559
1339177058303994
1339177062269057
1339177066200376
1339177070388784
1339177075224212
1339177079635225
1339177084693082
1339177089795409
1339177094087767
1339177098123280
1339177102252963
1339177107137220
1339177117477033
1339177121846729
1339177126285955
1339177129872975
1339177133127357
1339177136387806
1339177139734506
1339177143056836
1339177146335625
1339177149551442
1339177152838756
1339177156151357
1339177159350601
1339177162533962
1339177165842134
1339177169018238
1339177172289139
1339177175419206
1339177181640524
1339177185380805
1339177188608850
1339177192322938
1339177196330064
1339177199753695
1339177202911425
1339177206142529
1339177209483155
1339177212928920
1339177216205581
1339177220306406
1339177223649851
1339177227027815
