1338870828727624
1338871839068286
1338872844501398
1338873850778350
1338874855775306
1338875862537002
1338876869837241
1338877878027874
1338878885282787
1338879896292388
1338880902867453
1338881910408880
1338882919770345
1338883930358737
1338884938510925
1338885945757849
1338886954327017
1338887966428069
1338888974299454
1338889983682477
1338890994262392
1338892001875503
1338893011051626
1338894019977732
1338895030165605
1338896038083137
1338897046673024
1338898055540915
1338899062785807
1338900072345208
1338901080967135
1338902087647780
1338903096846923
1338904106526735
1338905112499800
1338906119753705
1338907124589092
1338908130404194
1338909134212162
1338910138254492
1338911142226404
1338912146013994
1338913149775426
1338914152832203
1338915156090122
1338916160257247
1338917164247782
1338918168396497
1338919171190860
1338920174515395
1338921178009652
1338922181128094
1338923185339044
1338924189051548
1338925193131893
1338926197081845
1338927200932298
1338928205171658
1338929209344049
1338930215385595
1338931219323823
1338932222767831
1338933226687019
1338934231984985
1338935237370438
1338936244830084
1338937248730417
1338938252370748
1338939257014884
1338940265995575
1338941270457616
1338942278785842
1338943288108283
1338944293208749
1338945298185727
1338946303933842
1338947312236297
1338948319649223
1338949325912105
1338950336428374
1338951345208810
1338952352137581
1338953360092777
1338954365218007
1338955372653255
1338956376409321
1338957380591638
1338958385205404
1338959389458501
1338960393543413
1338961398387263
1338962403614018
1338963408163238
1338964414452330
1338965421058387
1338966427484436
1338967433838061
1338968440517364
1338969445564351
1338970453594892
