1336754048992589
1336755056818364
1336756065810603
1336757075537038
1336758083832828
1336759090094054
1336760095622899
1336761099997293
1336762105157095
1336763116334329
1336764128105068
1336765135926318
1336766147833696
1336767160206244
1336768172875928
1336769182742429
1336770187568913
1336771196976680
1336772205297836
1336773213571716
1336774224201876
1336775237048221
1336776250755549
1336777263592893
1336778273862793
1336779286991612
1336780297396379
1336781303892981
1336782315361931
1336783321862156
1336784330908193
1336785338671381
1336786343515846
1336787350708550
1336788356725582
1336789365566657
1336790369577745
1336791373916099
1336792378684884
1336793382659862
1336794386708185
1336795390222052
1336796394236473
1336797398872664
1336798403615257
1336799409827599
1336800416248736
1336801420712527
1336802425686163
1336803430878923
1336804438969722
1336805446690701
1336806451076699
1336807456491597
1336808466112268
1336809475776175
1336810486991378
1336811494412307
1336812506345913
1336813516755739
1336814522723792
1336815535600413
1336816546749395
1336817558955401
1336818570644773
1336819582264369
1336820595135036
1336821603511532
1336822608471361
1336823619425000
1336824631667924
1336825640424417
1336826644984066
1336827651868378
1336828657531144
1336829668140747
1336830674182886
1336831683612529
1336832691955228
1336833703346337
1336834715269937
1336835725463708
1336836737183759
1336837749971895
1336838759202321
1336839766560506
1336840774468240
1336841784172866
1336842797120215
1336843805823624
1336844812841979
1336845819674301
1336846828702281
1336847838822532
1336848848468905
1336849857899447
1336850866320444
1336851871217297
1336852877691240
1336853882067328
