1335746258191493
1335747262622689
1335748266878569
1335749270886083
1335750277699791
1335751288349143
1335752295359875
1335753307929758
1335754318440101
1335755330686758
1335756344048737
1335757356860700
1335758363848194
1335759370153249
1335760373859853
1335761377618816
1335762380711445
1335763384917230
1335764389400669
1335765393939574
1335766397405051
1335767401559089
1335768405452232
1335769409834085
1335770416909198
1335771421472331
1335772428075995
1335773434888365
1335774442780275
1335775448814815
1335776458490112
1335777464073642
1335778473281792
1335779480978090
1335780485183234
1335781488735673
1335782495899736
1335783502039278
1335784510257788
1335785514082298
1335786519700671
1335787523394318
1335788528892746
1335789534425296
1335790539660729
1335791546065826
1335792556382086
1335793560615038
1335794564599517
1335795570846907
1335796577881423
1335797585575179
1335798595218354
1335799599386569
1335800609350622
1335801614190266
1335802623766586
1335803633566655
1335804639145409
1335805647302735
1335806655379122
1335807661056540
1335808667642524
1335809677530943
1335810687931920
1335811696235948
1335812703503197
1335813712235005
1335814723258905
1335815734044389
1335816743886508
1335817752718089
1335818759622679
1335819766246140
1335820770723605
1335821775396000
1335822781136678
1335823789317679
1335824797296099
1335825806154512
1335826813283195
1335827818312892
1335828826286813
1335829830909294
1335830839402767
1335831843699730
1335832846948974
1335833851679075
1335834860554926
1335835865608784
1335836871473722
1335837878570257
1335838883902536
1335839890643691
1335840902261710
1335841913370116
1335842924105088
1335843930303990
1335844935146958
1335845943789023
