1338165613410760
1338166622196430
1338167633283446
1338168642461189
1338169646813966
1338170653220682
1338171658057987
1338172661380779
1338173666627129
1338174676203879
1338175690091080
1338176701966531
1338177712262091
1338178723963899
1338179737005321
1338180746133650
1338181750374417
1338182754533556
1338183763245309
1338184767323400
1338185773117494
1338186778269016
1338187785494200
1338188796640670
1338189806141906
1338190817634366
1338191829144616
1338192835500017
1338193848463151
1338194861370695
1338195874421329
1338196886970249
1338197899756664
1338198911718119
1338199925866031
1338200936867747
1338201945052022
1338202961021652
1338203972864082
1338204985060749
1338205994896163
1338207006222812
1338208011667263
1338209017171150
1338210023435700
1338211031245263
1338212040505671
1338213051475952
1338214062824909
1338215069667998
1338216081402350
1338217094816335
1338218107227134
1338219117957798
1338220123301821
1338221127991212
1338222131320400
1338223135852604
1338224138980997
1338225143300037
1338226147121052
1338227151205184
1338228155419903
1338229159152987
1338230163328012
1338231167411612
1338232170878332
1338233175368126
1338234179397851
1338235183376446
1338236187622008
1338237191664194
1338238196091990
1338239199915993
1338240203849751
1338241207687373
1338242211292163
1338243215095459
1338244219008916
1338245223377558
1338246226630525
1338247230395376
1338248234573586
1338249241768356
1338250246372152
1338251252030881
1338252260110412
1338253267469570
1338254275296412
1338255282598472
1338256292776862
1338257301438957
1338258312258743
1338259321840827
1338260332050832
1338261337169367
1338262348202989
1338263356167510
1338264362245357
1338265366842564
