1338164608771670
1338165618331648
1338166628434013
1338167638625330
1338168644769218
1338169650305250
1338170655449149
1338171659664621
1338172662848276
1338173672299104
1338174684439841
1338175698056311
1338176706960847
1338177718226694
1338178731755858
1338179743950810
1338180748175580
1338181752072349
1338182759724827
1338183765212824
1338184770450515
1338185775917176
1338186781493831
1338187791959427
1338188801387950
1338189812200971
1338190824606924
1338191831648465
1338192843749532
1338193856078855
1338194868935213
1338195882140638
1338196894710548
1338197906104319
1338198919771745
1338199933147629
1338200940467383
1338201952670022
1338202967573256
1338203980417522
1338204989644258
1338206001830411
1338207009313430
1338208014485045
1338209019737735
1338210027282353
1338211036150099
1338212046380276
1338213058986152
1338214065493544
1338215075781594
1338216088770140
1338217101281108
1338218113142042
1338219121240950
1338220125888779
1338221129340578
1338222133914463
1338223137178188
1338224141194715
1338225145143800
1338226149013259
1338227153482207
1338228157171786
1338229161095331
1338230165332632
1338231168985518
1338232173073963
1338233177430630
1338234181411921
1338235185526498
1338236189699827
1338237194058192
1338238197672966
1338239202014454
1338240205769433
1338241209372477
1338242213257358
1338243217229939
1338244221155909
1338245224838700
1338246228363670
1338247232252208
1338248238447850
1338249244085785
1338250249220769
1338251256593298
1338252264102291
1338253271565245
1338254278785433
1338255288068960
1338256297560937
1338257307097758
1338258316791549
1338259328666845
1338260333733239
1338261343882644
1338262352528877
1338263359094242
1338264364721525
