1336754047039305
1336755056343238
1336756065239771
1336757074974932
1336758083376694
1336759089707228
1336760095275000
1336761099685905
1336762104253909
1336763115507226
1336764127542781
1336765135204477
1336766146980547
1336767159423505
1336768171856394
1336769182410894
1336770187016630
1336771195952470
1336772204721105
1336773212909857
1336774223414229
1336775236118027
1336776249732491
1336777262730536
1336778272937336
1336779286200867
1336780297016625
1336781303109530
1336782314936655
1336783321335356
1336784330203787
1336785338339474
1336786343003135
1336787350239277
1336788356065999
1336789365241246
1336790369218812
1336791373549557
1336792378328057
1336793382283631
1336794386415965
1336795389879237
1336796393916638
1336797398488158
1336798403183923
1336799409390538
1336800415885597
1336801420229096
1336802425321073
1336803429451625
1336804438417698
1336805446177471
1336806450657021
1336807455888505
1336808465457447
1336809474905989
1336810486458915
1336811493610732
1336812505634634
1336813516398312
1336814521696249
1336815534651813
1336816545712662
1336817557986868
1336818569732948
1336819581454430
1336820594374440
1336821603175966
1336822607732613
1336823618656762
1336824630648701
1336825640142364
1336826644345904
1336827651521454
1336828656511409
1336829667827551
1336830673171675
1336831683125815
1336832690920774
1336833702771157
1336834712848772
1336835724748554
1336836736154543
1336837749261499
1336838758734141
1336839766099600
1336840773464772
1336841783278365
1336842796288360
1336843805450317
1336844812395837
1336845819043710
1336846828043396
1336847838258393
1336848847830123
1336849857330773
1336850865907234
1336851870776152
1336852877300331
1336853881413103
