1339176818348547
1339176823519879
1339176827879821
1339176831605508
1339176835374963
1339176839266161
1339176843144410
1339176847250752
1339176851730763
1339176856017697
1339176860096778
1339176864464737
1339176868944482
1339176873623603
1339176878180817
1339176882863516
1339176887551789
1339176891302754
1339176895049931
1339176898689091
1339176902535086
1339176911630595
1339176916253625
1339176920068734
1339176924158566
1339176929013485
1339176933061385
1339176937101621
1339176940984900
1339176944666649
1339176949021856
1339176953401839
1339176957922394
1339176963034689
1339176967459454
1339176971355490
1339176975314158
1339176979124488
1339176982706615
1339176987172597
1339176991388885
1339176996105988
1339176999528039
1339177004231583
1339177007433582
1339177011393279
1339177016052017
1339177020783493
1339177025376891
1339177029622583
1339177033652254
1339177038303121
1339177043681005
1339177047647602
1339177051643734
1339177055686824
1339177059742238
1339177063613211
1339177067541037
1339177072052292
1339177076770557
1339177081380084
1339177086390262
1339177091393716
1339177095508871
1339177099591770
1339177103717979
1339177109042762
1339177119073510
1339177123422745
1339177127779349
1339177130998755
1339177134286034
1339177137599758
1339177140904203
1339177144161475
1339177147526050
1339177150681120
1339177154092432
1339177157260266
1339177160559512
1339177163630196
1339177166967932
1339177170129735
1339177173406456
1339177176625028
1339177182918414
1339177186484401
1339177189787348
1339177193515120
1339177197466026
1339177200829123
1339177204006226
1339177207319638
1339177210601826
1339177214138457
1339177217538459
1339177221484102
1339177224855256
1339177228095134
