1337359041232687
1337360049689848
1337361054850098
1337362066652649
1337363075676187
1337364087057347
1337365099794495
1337366111710302
1337367120455821
1337368131941661
1337369137661501
1337370141409728
1337371144983886
1337372148869074
1337373152683476
1337374156053876
1337375158903321
1337376161923468
1337377165525496
1337378168920332
1337379172298412
1337380175885152
1337381178867343
1337382182085830
1337383185594549
1337384188996989
1337385192401110
1337386196037618
1337387200263515
1337388206588909
1337389210898163
1337390214595475
1337391218924221
1337392222684133
1337393226408871
1337394229466735
1337395233148359
1337396236644244
1337397239770882
1337398245590197
1337399249663701
1337400252889370
1337401256817165
1337402263777095
1337403269161419
1337404273488988
1337405284296839
1337406288629451
1337407295819527
1337408302933440
1337409311611707
1337410320693848
1337411325384707
1337412328931614
1337413336430940
1337414346993353
1337415356454663
1337416365306625
1337417368601487
1337418374332032
1337419378591480
1337420382368573
1337421385576264
1337422388947843
1337423398089326
1337424404669267
1337425410118042
1337426416315473
1337427425092410
1337428432672393
1337429439420896
1337430447409677
1337431457435925
1337432468011237
1337433476775373
1337434482501650
1337435489910170
1337436493326466
1337437503866250
1337438511178314
1337439521225590
1337440526293848
1337441529823696
1337442540751014
1337443552175454
1337444563955172
1337445572448166
1337446579437100
1337447587923041
1337448595078928
1337449599765256
1337450604955677
1337451609972717
1337452614559929
1337453623449582
1337454635128993
1337455641774894
1337456652372532
1337457663230081
1337458675582987
