1339176392666309
1339176395812290
1339176399144983
1339176402583420
1339176406191157
1339176410127369
1339176413832971
1339176417670413
1339176421303478
1339176425039266
1339176428861145
1339176433546969
1339176438098708
1339176442643582
1339176447529735
1339176453294409
1339176458035808
1339176462928730
1339176466711086
1339176470446382
1339176474286478
1339176479065454
1339176483776022
1339176492436150
1339176497349919
1339176501298076
1339176505158099
1339176508826015
1339176513150071
1339176518244726
1339176523333378
1339176528310849
1339176533135173
1339176538056746
1339176542591479
1339176546948300
1339176551105879
1339176555163344
1339176559043377
1339176562718086
1339176566459602
1339176570611410
1339176574947008
1339176579966363
1339176584415490
1339176588479046
1339176592452799
1339176596488895
1339176601165937
1339176605864520
1339176610636352
1339176615238625
1339176620176002
1339176625597602
1339176629824333
1339176633189037
1339176636438715
1339176639638075
1339176643535692
1339176654116490
1339176657856581
1339176661421529
1339176665130126
1339176668304495
1339176671575862
1339176675111476
1339176679092649
1339176682974793
1339176687226775
1339176691721156
1339176696124770
1339176699682940
1339176703115677
1339176706765437
1339176710098584
1339176713738279
1339176718093425
1339176722748282
1339176727105559
1339176730731476
1339176734409836
1339176738235296
1339176742149970
1339176746371841
1339176750587318
1339176754779691
1339176759144076
1339176763857379
1339176767032954
1339176770399271
1339176773788727
1339176777059746
1339176780810281
1339176784513456
1339176788101196
1339176791963985
1339176796213743
1339176800744337
1339176805296304
1339176809843534
