1336652185504625
1336653195196169
1336654202632304
1336655211984151
1336656219817211
1336657226580227
1336658231488568
1336659235158707
1336660238856112
1336661244698586
1336662254253014
1336663261963339
1336664271823292
1336665280699154
1336666287370338
1336667295007934
1336668303518354
1336669310512603
1336670319459687
1336671327314176
1336672335477783
1336673343971531
1336674354856805
1336675365283281
1336676371610108
1336677375408575
1336678378875363
1336679382873204
1336680386655899
1336681390537606
1336682394483068
1336683399186700
1336684403820625
1336685409865025
1336686416562884
1336687423408874
1336688428605034
1336689437266134
1336690444448974
1336691452243258
1336692461672683
1336693473405082
1336694484937609
1336695492756412
1336696502744738
1336697509409510
1336698517918535
1336699525607307
1336700537286646
1336701544231773
1336702555441767
1336703562595495
1336704573912568
1336705581572156
1336706592989916
1336707604108202
1336708614830784
1336709627012494
1336710638829740
1336711649772895
1336712662776533
1336713672692966
1336714685444328
1336715692644945
1336716700530166
1336717709141730
1336718715951411
1336719722414396
1336720727056478
1336721732395062
1336722738921250
1336723747535555
1336724757354577
1336725769270069
1336726778919725
1336727787259199
1336728799468763
1336729808959966
1336730819717107
1336731831478271
1336732837610911
1336733845430967
1336734856219108
1336735867683540
1336736878739926
1336737889537423
1336738902256001
1336739914637557
1336740925337219
1336741936386930
1336742947049095
1336743956366385
1336744966671701
1336745978109554
1336746989709174
1336748000448642
1336749007096219
1336750012863894
1336751022700695
1336752030174485
