1338870827975718
1338871838593959
1338872844062326
1338873850440828
1338874855097127
1338875862135565
1338876869149599
1338877877638660
1338878884466814
1338879895795744
1338880902324460
1338881909080904
1338882919017506
1338883929780326
1338884937941356
1338885945176280
1338886953617876
1338887965845815
1338888973686731
1338889982961262
1338890993789989
1338892001086773
1338893010525369
1338894019334620
1338895029659963
1338896037519033
1338897045906592
1338898055115759
1338899061937227
1338900071783794
1338901080516211
1338902086996561
1338903096219954
1338904106156722
1338905112021246
1338906119057735
1338907124093406
1338908130050333
1338909133868906
1338910137901924
1338911141895857
1338912145730009
1338913149443085
1338914152608404
1338915155751727
1338916159927254
1338917163931931
1338918168188419
1338919170904353
1338920174215862
1338921177727299
1338922180771718
1338923184992735
1338924188699984
1338925192781229
1338926196729850
1338927200625309
1338928204820010
1338929208858079
1338930215054281
1338931218581835
1338932222353775
1338933226265401
1338934231700081
1338935236825306
1338936244460749
1338937248380852
1338938251990633
1338939256469183
1338940265594580
1338941269881304
1338942278132591
1338943287609344
1338944292753558
1338945297807480
1338946303457844
1338947311754323
1338948319234704
1338949325229872
1338950335959981
1338951344638209
1338952351569783
1338953359740038
1338954364639896
1338955372294785
1338956376037827
1338957380225060
1338958384782202
1338959389139321
1338960393182557
1338961398055975
1338962403237881
1338963407756793
1338964414000861
1338965420569938
1338966427034782
1338967433308830
1338968440044573
1338969445119687
1338970453054621
