1336149186300841
1336150194884954
1336151202352470
1336152209136650
1336153220521127
1336154229369607
1336155237412472
1336156248751087
1336157261805933
1336158271036863
1336159275181636
1336160281663195
1336161290419504
1336162299544767
1336163310265047
1336164314229453
1336165320727951
1336166328920025
1336167338559586
1336168344429060
1336169351813181
1336170356818775
1336171364417518
1336172369972930
1336173373715701
1336174377233882
1336175381465424
1336176386024645
1336177390491393
1336178395092159
1336179399849788
1336180403542423
1336181407994764
1336182413526475
1336183420503136
1336184428953229
1336185436156771
1336186442416645
1336187448159753
1336188451937757
1336189456793398
1336190467670248
1336191476554693
1336192487258433
1336193497627811
1336194509688944
1336195519567689
1336196526648120
1336197538323018
1336198543207651
1336199548336490
1336200553986249
1336201561285138
1336202566158193
1336203576037749
1336204583119563
1336205591890860
1336206598984073
1336207608663984
1336208617588366
1336209623228390
1336210631122016
1336211636039716
1336212646217921
1336213652354490
1336214661664026
1336215669248442
1336216676224951
1336217685677128
1336218690838151
1336219700967008
1336220705316531
1336221715621264
1336222725521737
1336223729752468
1336224735482219
1336225739744713
1336226749742528
1336227756106861
1336228762116382
1336229769316247
1336230778261526
1336231785892792
1336232791967431
1336233801018470
1336234807404747
1336235817670055
1336236827948090
1336237837246966
1336238847481765
1336239855357753
1336240860382203
1336241871100854
1336242878540786
1336243887892964
1336244893924159
1336245903183357
1336246912553133
1336247916962006
1336248924048183
