1339186482509921
1339186486668339
1339186490650337
1339186494525966
1339186498385107
1339186502286193
1339186506231096
1339186511066421
1339186515921819
1339186520948098
1339186526070259
1339186530234899
1339186534293406
1339186538383084
1339186542302564
1339186546613414
1339186551939126
1339186557362648
1339186562619155
1339186567287940
1339186571933011
1339186578132991
1339186584330184
1339186588620683
1339186592067134
1339186595512211
1339186598837843
1339186602318580
1339186605578482
1339186608937826
1339186612387461
1339186615763932
1339186619327958
1339186622840879
1339186626539350
1339186630209384
1339186633985855
1339186637917871
1339186641671717
1339186646441771
1339186650292239
1339186654093803
1339186657831641
1339186661821129
1339186666363543
1339186670626310
1339186675056032
1339186679776613
1339186684514677
1339186689305298
1339186695056345
1339186699942813
1339186704270230
1339186708149186
1339186711910895
1339186715686889
1339186719365419
1339186722806372
1339186726237334
1339186729648759
1339186733044925
1339186736429651
1339186739801467
1339186743040175
1339186746313706
1339186749599661
1339186752988284
1339186756394917
1339186759775355
1339186763143083
1339186766435284
1339186769917293
1339186773184307
1339186776805616
1339186781203970
1339186785113107
1339186788954840
1339186792924125
1339186796934171
1339186814600425
1339186818333001
1339186821646966
1339186825202378
1339186828695951
1339186832106587
1339186835715112
1339186839427422
1339186843151370
1339186846802675
1339186850479525
1339186854123130
1339186857705180
1339186861320167
1339186865154982
1339186869441613
1339186874347232
1339186879096290
1339186884100397
1339186889439938
1339186893393656
