1339185261404759
1339185264599766
1339185267609131
1339185270667156
1339185273865830
1339185277136777
1339185280533478
1339185283905444
1339185287075341
1339185290398506
1339185293687444
1339185297083928
1339185300254845
1339185303641151
1339185307073548
1339185310329098
1339185313567973
1339185316779643
1339185319958283
1339185324333551
1339185327801552
1339185331072821
1339185334340365
1339185337779994
1339185341139180
1339185344233166
1339185347845178
1339185351293952
1339185354456216
1339185358057574
1339185362063086
1339185365822771
1339185369599780
1339185373356313
1339185380105007
1339185384925404
1339185389034278
1339185392532035
1339185395556963
1339185398886421
1339185402216432
1339185406187158
1339185410389262
1339185414966535
1339185420566787
1339185425797669
1339185431900999
1339185438845715
1339185444365370
1339185449276484
1339185454026296
1339185458151354
1339185462252389
1339185466182298
1339185469989767
1339185473774274
1339185477635537
1339185481285454
1339185485037319
1339185488710868
1339185492788967
1339185497293742
1339185501478934
1339185505541066
1339185509662643
1339185513874175
1339185518087315
1339185522339825
1339185526251104
1339185529772246
1339185533371180
1339185537439617
1339185541554120
1339185545112529
1339185548678990
1339185552124274
1339185555664046
1339185559200991
1339185562737589
1339185566296662
1339185569830247
1339185573504727
1339185577344663
1339185581017642
1339185584909727
1339185588869634
1339185592513357
1339185596154028
1339185600599471
1339185604806165
1339185609022529
1339185612901201
1339185616549829
1339185620253238
1339185624263103
1339185628477060
1339185632940605
1339185637185341
1339185641281662
1339185645633104
