1339182758481215
1339182761958236
1339182765392349
1339182768675946
1339182772632922
1339182776765325
1339182781284922
1339182785558161
1339182789975634
1339182794982371
1339182799758301
1339182804269551
1339182809076662
1339182812868582
1339182816212875
1339182819445973
1339182822634175
1339182826631784
1339182831441396
1339182835981253
1339182840602160
1339182845130090
1339182848754717
1339182852404147
1339182856011341
1339182859614790
1339182863272403
1339182867186283
1339182871268975
1339182875310490
1339182879036553
1339182883051758
1339182886729656
1339182890433711
1339182894461682
1339182898877800
1339182903593227
1339182907965199
1339182912386022
1339182916694059
1339182921491936
1339182925614284
1339182929767523
1339182933756402
1339182937754389
1339182942144384
1339182946775191
1339182951234645
1339182956532482
1339182962003549
1339182966945524
1339182971954356
1339182977619130
1339182982834766
1339182987449560
1339182991315727
1339182995217554
1339182999172777
1339183006185515
1339183010317644
1339183013961466
1339183017585959
1339183021599608
1339183025884694
1339183030014996
1339183034224347
1339183038586446
1339183043132628
1339183047076230
1339183051087134
1339183055828319
1339183060573585
1339183064566072
1339183068783074
1339183072504674
1339183075968625
1339183079698010
1339183083321014
1339183087303074
1339183091567394
1339183095561129
1339183099219783
1339183103287011
1339183107598173
1339183111318043
1339183120337617
1339183124367047
1339183131312493
1339183134475676
1339183137664633
1339183145010041
1339183148473755
1339183151643162
1339183154858819
1339183158322618
1339183162930460
1339183166317415
1339183169576533
1339183172885882
1339183176011672
