1339176393880023
1339176397250850
1339176400457128
1339176403998636
1339176407752685
1339176411701478
1339176415208705
1339176419099593
1339176422776769
1339176426471002
1339176430677557
1339176435333070
1339176439830193
1339176444648713
1339176450342227
1339176455245297
1339176459903015
1339176464520056
1339176468273807
1339176471943763
1339176476192094
1339176480961574
1339176489046182
1339176494626366
1339176498975809
1339176502850507
1339176506556491
1339176510306966
1339176515065425
1339176520283973
1339176525271180
1339176530244328
1339176534992557
1339176539922531
1339176544314427
1339176548712184
1339176552829052
1339176556680783
1339176560502370
1339176564246614
1339176567976410
1339176572386972
1339176576867416
1339176581883242
1339176586045019
1339176589984615
1339176593991999
1339176598345465
1339176602949044
1339176607878491
1339176612511249
1339176617277084
1339176622427068
1339176627677481
1339176631140851
1339176634524081
1339176637696612
1339176641068979
1339176651250773
1339176655753623
1339176659418149
1339176662803736
1339176666320209
1339176669583221
1339176673057593
1339176676631430
1339176680726965
1339176684639106
1339176689100144
1339176693463585
1339176697538728
1339176701052344
1339176704539317
1339176708132273
1339176711592931
1339176715461762
1339176719844571
1339176724532246
1339176728550960
1339176732150144
1339176735964762
1339176739774438
1339176743710145
1339176748052861
1339176752236834
1339176756444948
1339176761057907
1339176765141900
1339176768391255
1339176771714670
1339176775075912
1339176778373880
1339176782333839
1339176785883147
1339176789704695
1339176793657932
1339176797978198
1339176802506164
1339176807084450
1339176811822733
