1339177231638764
1339177238566993
1339177241769643
1339177244901002
1339177251595306
1339177254648634
1339177257903236
1339177265152115
1339177268517170
1339177271762906
1339177275116762
1339177278621109
1339177282078269
1339177285566611
1339177289123217
1339177292378958
1339177295894383
1339177299861329
1339177303715810
1339177307688031
1339177311560014
1339177315480097
1339177319365641
1339177323499744
1339177327275439
1339177331320146
1339177335921284
1339177341081071
1339177346203540
1339177351609436
1339177356624651
1339177362898960
1339177367070478
1339177370376771
1339177373801909
1339177377439633
1339177381422142
1339177384991194
1339177388299662
1339177391643493
1339177394782922
1339177398311997
1339177402078325
1339177406042463
1339177410152254
1339177414307810
1339177418524264
1339177422461518
1339177426488776
1339177430672679
1339177435428259
1339177439935211
1339177444094568
1339177447676337
1339177451578332
1339177456173299
1339177460795223
1339177465152864
1339177469917401
1339177474569864
1339177479254298
1339177484048275
1339177494322552
1339177498100601
1339177501818434
1339177505473724
1339177508703383
1339177512291448
1339177515916155
1339177519703668
1339177523924358
1339177528245218
1339177532133963
1339177535861369
1339177539666758
1339177544621160
1339177549638583
1339177553619699
1339177557650381
1339177561710169
1339177565833686
1339177570091918
1339177574200808
1339177578346424
1339177583119723
1339177587108738
1339177590920734
1339177596077935
1339177601645971
1339177605588037
1339177609457016
1339177613429156
1339177618372890
1339177623626139
1339177627206726
1339177630562045
1339177633958535
1339177637615197
1339177642240904
1339177646605296
