1339173406144012
1339173410041027
1339173413867856
1339173418050202
1339173422152120
1339173425388526
1339173428590966
1339173431752467
1339173435372880
1339173439303047
1339173443226895
1339173447703695
1339173452700328
1339173457681490
1339173461926466
1339173465765270
1339173468855746
1339173472613474
1339173475946115
1339173479166650
1339173482713710
1339173487288241
1339173490963504
1339173494288478
1339173497727069
1339173501293470
1339173504452686
1339173508119646
1339173512129371
1339173515934251
1339173520185377
1339173524514526
1339173529158182
1339173533511208
1339173537542479
1339173541753685
1339173546094353
1339173551331676
1339173556795673
1339173561505336
1339173564783961
1339173567882762
1339173570956415
1339173574701069
1339173578347242
1339173581988487
1339173585635854
1339173589243840
1339173592837729
1339173597645012
1339173606808035
1339173612043373
1339173615733071
1339173619171704
1339173622678036
1339173626305933
1339173629973439
1339173634478371
1339173638808496
1339173643042701
1339173647777528
1339173652689525
1339173657832445
1339173662946491
1339173667698518
1339173671683628
1339173675819915
1339173680332193
1339173685031281
1339173689149328
1339173692951713
1339173696783474
1339173700350406
1339173703893758
1339173707674163
1339173711846157
1339173716096595
1339173720250094
1339173724436879
1339173728691890
1339173732437582
1339173736162272
1339173739781483
1339173743171868
1339173747070042
1339173750602796
1339173754203964
1339173759674760
1339173764331696
1339173769076129
1339173774122427
1339173778975044
1339173783431013
1339173787431616
1339173791762050
1339173795204574
1339173798563037
1339173801915480
1339173806775252
1339173812987423
