1337459687966674
1337460697805438
1337461708790818
1337462722648827
1337463732890636
1337464745692291
1337465751320618
1337466759218425
1337467767500500
1337468777680880
1337469788870018
1337470795527892
1337471800102407
1337472804630153
1337473809034117
1337474812427608
1337475819073886
1337476831201658
1337477842426369
1337478848488186
1337479858419299
1337480866500439
1337481872889280
1337482881437130
1337483889696843
1337484900308316
1337485912382513
1337486922952990
1337487934453292
1337488939916935
1337489949540797
1337490961482273
1337491973867810
1337492985958676
1337493995915828
1337495002323149
1337496006256172
1337497010298873
1337498015029769
1337499021759184
1337500026480915
1337501031995165
1337502043825711
1337503048547495
1337504052690438
1337505059614428
1337506068838227
1337507076936250
1337508086946759
1337509094728325
1337510106837799
1337511116037895
1337512127729306
1337513131820133
1337514134943510
1337515139126412
1337516145419788
1337517149133584
1337518152776889
1337519155939475
1337520159031302
1337521162691639
1337522166559955
1337523170392168
1337524174141671
1337525178289004
1337526181958046
1337527185510375
1337528188412343
1337529192453656
1337530196266610
1337531199897396
1337532203560342
1337533207311662
1337534211003595
1337535214125719
1337536218417475
1337537222036514
1337538227288229
1337539231537797
1337540235546870
1337541238879140
1337542242106480
1337543245813502
1337544250039763
1337545254196836
1337546258057643
1337547264669592
1337548270837607
1337549274400410
1337550283320315
1337551289097857
1337552296157420
1337553301150679
1337554304801971
1337555310223757
1337556313726449
1337557317073921
1337558324352041
1337559331060901
