1339172257309453
1339172260419555
1339172264499973
1339172267519016
1339172270615514
1339172274001762
1339172277848757
1339172280945613
1339172284139078
1339172290734834
1339172294147507
1339172297589089
1339172300830303
1339172304140945
1339172307482130
1339172310633217
1339172313942920
1339172317719075
1339172321042599
1339172324110902
1339172327373214
1339172330714694
1339172334205431
1339172337680758
1339172341887567
1339172346492257
1339172350679532
1339172355097299
1339172364460292
1339172368719954
1339172371832891
1339172375380384
1339172378649323
1339172381967097
1339172385235457
1339172392362428
1339172395834807
1339172399151170
1339172403259693
1339172407745700
1339172412098798
1339172416808958
1339172422049148
1339172426774149
1339172432079144
1339172438019236
1339172444428296
1339172454077438
1339172458948618
1339172463937739
1339172468875226
1339172473800288
1339172478444492
1339172483886904
1339172488934122
1339172493548465
1339172496896432
1339172500451766
1339172504452041
1339172508986015
1339172512796539
1339172516375127
1339172520033619
1339172523633269
1339172527247492
1339172530680035
1339172534274163
1339172538203511
1339172542081914
1339172546087968
1339172550910027
1339172555681618
1339172559080530
1339172562327510
1339172565730733
1339172569939759
1339172574678109
1339172578634622
1339172583098724
1339172592392479
1339172596477766
1339172599677599
1339172603137691
1339172606519939
1339172609788077
1339172613140821
1339172616492878
1339172620826062
1339172625124176
1339172629160820
1339172633476542
1339172638154355
1339172643561805
1339172647740632
1339172651242138
1339172654697794
1339172658082218
1339172661434537
1339172664848325
1339172668443717
