1337963159188441
1337964162944521
1337965166765189
1337966170892430
1337967174947482
1337968179056280
1337969182103922
1337970185709320
1337971188685218
1337972192155812
1337973196250271
1337974200195499
1337975204726340
1337976208272864
1337977212163702
1337978216665654
1337979220885566
1337980224583432
1337981228641358
1337982232305200
1337983235267964
1337984238676908
1337985242324612
1337986246533240
1337987253602692
1337988259422156
1337989265437435
1337990269751055
1337991278742723
1337992286732087
1337993291418137
1337994297653033
1337995306921693
1337996316352792
1337997321835900
1337998328829402
1337999339337160
1338000346896808
1338001358034920
1338002370361713
1338003374681052
1338004380229111
1338005384825042
1338006388549105
1338007393221384
1338008398292677
1338009404272586
1338010409003210
1338011414600998
1338012420622016
1338013427213928
1338014435080433
1338015442421879
1338016449176836
1338017457326732
1338018466157089
1338019473822780
1338020482596694
1338021492302615
1338022502951351
1338023514648948
1338024526223855
1338025537332926
1338026549467734
1338027562029584
1338028571798961
1338029583599318
1338030594780432
1338031608619047
1338032620897844
1338033631772758
1338034638547729
1338035645325294
1338036649468032
1338037655850397
1338038662686255
1338039666865240
1338040675745296
1338041685550842
1338042694652729
1338043702620747
1338044709745607
1338045721509542
1338046726879154
1338047733521408
1338048742518856
1338049753761165
1338050766286852
1338051780580779
1338052794365668
1338053799006233
1338054810288223
1338055821403715
1338056833179357
1338057846594763
1338058856470107
1338059868023681
1338060875678130
1338061887914043
1338062900190919
