1339180210686603
1339180214054432
1339180217440416
1339180220715167
1339180224456035
1339180231790136
1339180236571308
1339180241109086
1339180245718788
1339180250544476
1339180255239370
1339180259238805
1339180263151774
1339180267081772
1339180271127812
1339180275036109
1339180278793564
1339180282673344
1339180286392685
1339180290213279
1339180293979767
1339180298075605
1339180302130667
1339180306430233
1339180310866093
1339180315070144
1339180319507972
1339180324274906
1339180328941801
1339180333662948
1339180338932772
1339180345170067
1339180350523856
1339180355291219
1339180359637477
1339180363726446
1339180373228450
1339180377427636
1339180380936125
1339180384304636
1339180387638360
1339180391241148
1339180394819274
1339180398419650
1339180401977074
1339180405809237
1339180409626130
1339180413223331
1339180416904502
1339180420875476
1339180424404828
1339180428171549
1339180431917021
1339180435726303
1339180439286924
1339180442967928
1339180446460091
1339180449875875
1339180453569882
1339180457601063
1339180461465650
1339180466168828
1339180471328508
1339180476141056
1339180481250852
1339180485162184
1339180492111572
1339180496343532
1339180500522050
1339180504720917
1339180509849236
1339180514650761
1339180519550996
1339180524708296
1339180528118104
1339180531652765
1339180535147060
1339180538681874
1339180542614415
1339180546192792
1339180549602760
1339180552990631
1339180557532177
1339180561796298
1339180566554280
1339180571501251
1339180576243781
1339180581178356
1339180586200421
1339180591488157
1339180596605287
1339180601886683
1339180607767061
1339180614508037
1339180620144309
1339180624853015
1339180629373937
1339180634023066
1339180639904430
1339180645712854
