1339186116652995
1339186121475917
1339186125746008
1339186129225516
1339186132385257
1339186135540643
1339186138842961
1339186142084363
1339186145364821
1339186148595679
1339186152985170
1339186156014708
1339186159072760
1339186162349977
1339186165473587
1339186168670821
1339186171943954
1339186175266194
1339186178478369
1339186181676358
1339186184824512
1339186191344938
1339186202831583
1339186206015645
1339186209567682
1339186213063166
1339186216305324
1339186219893152
1339186223232628
1339186226335500
1339186229526917
1339186232775957
1339186236084326
1339186239148380
1339186242504765
1339186245768222
1339186248908256
1339186252137801
1339186255417367
1339186258544862
1339186261694610
1339186265155992
1339186268542899
1339186271676580
1339186275059656
1339186278585713
1339186282152967
1339186285594500
1339186288865875
1339186291808014
1339186295092424
1339186298383633
1339186301655575
1339186305259675
1339186308501780
1339186311775669
1339186315342751
1339186318457144
1339186322063875
1339186326170299
1339186330106748
1339186333838467
1339186337486847
1339186341124594
1339186344585720
1339186347954911
1339186351368815
1339186354774057
1339186359493164
1339186363242915
1339186367259208
1339186371366993
1339186375432412
1339186379117540
1339186382410461
1339186385773228
1339186389076659
1339186392452608
1339186395837734
1339186399575743
1339186403108358
1339186407040368
1339186410884927
1339186414596700
1339186418513763
1339186422501050
1339186426396169
1339186430240463
1339186434285967
1339186438193807
1339186442067590
1339186445887464
1339186450066357
1339186453955578
1339186457850812
1339186461965886
1339186465556194
1339186469296015
1339186473773527
1339186478902538
