1339177649908176
1339177653811001
1339177657846675
1339177671746640
1339177674998726
1339177678528125
1339177682171138
1339177686066845
1339177690309609
1339177694259234
1339177698527675
1339177703234323
1339177708485713
1339177713867681
1339177718649345
1339177722894955
1339177726949931
1339177731465402
1339177735659883
1339177739915457
1339177744102972
1339177748131496
1339177751692420
1339177755260256
1339177758971727
1339177763563706
1339177768364440
1339177772796288
1339177777094557
1339177781344045
1339177785872067
1339177791533464
1339177797220617
1339177802426412
1339177807641165
1339177812713662
1339177816538587
1339177820164269
1339177824556449
1339177829615028
1339177834982740
1339177840472125
1339177845575142
1339177850529363
1339177856204163
1339177860320741
1339177864449998
1339177868947125
1339177873464240
1339177877764481
1339177881591328
1339177885248309
1339177888734873
1339177893098552
1339177897709070
1339177901880188
1339177905856299
1339177909438978
1339177913391398
1339177917203731
1339177921799560
1339177926521603
1339177931474866
1339177937597296
1339177942602654
1339177947546604
1339177951926036
1339177956478759
1339177961055201
1339177965932727
1339177970330060
1339177974602288
1339177978592088
1339177982105568
1339177985110400
1339177988411664
1339177992134017
1339177995749169
1339178001891556
1339178006384885
1339178009845332
1339178013376321
1339178017117627
1339178021272735
1339178025750508
1339178030110900
1339178034228037
1339178038647878
1339178043060126
1339178047248832
1339178051382029
1339178056182030
1339178061220645
1339178066898206
1339178072681157
1339178077794586
1339178082371531
1339178086516213
1339178091935181
1339178096829139
