1339178102179480
1339178106839424
1339178111022059
1339178115843801
1339178122431759
1339178125961596
1339178129274445
1339178132596595
1339178135991685
1339178139176354
1339178142500316
1339178148883778
1339178152094618
1339178155705183
1339178158940501
1339178162262015
1339178165597388
1339178168933073
1339178172137851
1339178179183259
1339178193151659
1339178197027400
1339178200306176
1339178203490386
1339178206734175
1339178210168451
1339178213442300
1339178216904935
1339178220943978
1339178224105682
1339178227462266
1339178230724309
1339178233751809
1339178237021775
1339178240226670
1339178243695870
1339178247001399
1339178250280298
1339178253461517
1339178260647443
1339178263823005
1339178266999615
1339178270291686
1339178273508875
1339178276980312
1339178280191354
1339178283525381
1339178286872114
1339178290282364
1339178293450815
1339178296877485
1339178300102716
1339178303770649
1339178307229791
1339178310755161
1339178314237561
1339178317664015
1339178321267311
1339178324768869
1339178328200876
1339178332144365
1339178336210000
1339178340333671
1339178344948044
1339178349282421
1339178353728487
1339178358517638
1339178363258145
1339178371086658
1339178374409096
1339178377828501
1339178386503710
1339178390117205
1339178393314339
1339178396505109
1339178399841274
1339178402835400
1339178406292930
1339178409923034
1339178413958911
1339178418360074
1339178422569536
1339178427195334
1339178431990685
1339178436660543
1339178441403019
1339178445544584
1339178449175162
1339178452823488
1339178456307128
1339178459955929
1339178463538313
1339178467892667
1339178472551537
1339178477439967
1339178482101234
1339178485679423
1339178489178058
1339178492461179
1339178495759474
