1338970458666839
1338971465767517
1338972475390326
1338973484223461
1338974494924013
1338975506374821
1338976516649902
1338977527241521
1338978538322793
1338979545996508
1338980555772497
1338981564833472
1338982570648376
1338983578953961
1338984587769184
1338985598923877
1338986610749260
1338987618282393
1338988626661080
1338989634127626
1338990641195723
1338991648831742
1338992658565166
1338993667626082
1338994675591094
1338995686417383
1338996694449133
1338997705695247
1338998717397562
1338999727242202
1339000734643945
1339001743539016
1339002755114723
1339003763303003
1339004772344351
1339005780980658
1339006787485830
1339007795904511
1339008802825770
1339009811317811
1339010818340093
1339011824705836
1339012828614971
1339013837136473
1339014846536803
1339015859776337
1339016867903029
1339017878211920
1339018886759644
1339019895358357
1339020905113156
1339021914190328
1339022923254902
1339023933582983
1339024943690034
1339025955146327
1339026963650682
1339027975198486
1339028983831636
1339029993509591
1339031000386350
1339032005742142
1339033013229899
1339034022856286
1339035036094270
1339036041233261
1339037047913150
1339038053008959
1339039064647195
1339040072806987
1339041083571295
1339042093302300
1339043099904525
1339044108673220
1339045118227346
1339046125301964
1339047129952315
1339048134088719
1339049138517219
1339050142354565
1339051145819723
1339052149258791
1339053153032523
1339054156333879
1339055159571507
1339056162797821
1339057166845839
1339058170411775
1339059174644900
1339060178007773
1339061181398356
1339062184945260
1339063188739990
1339064192082011
1339065196171685
1339066199882394
1339067204140480
1339068207712241
1339069211724231
1339070215833475
