1339174723322942
1339174727692657
1339174731510623
1339174736567181
1339174740763683
1339174744982210
1339174749220474
1339174753813329
1339174758328236
1339174763111755
1339174767538941
1339174770974267
1339174774418665
1339174778046426
1339174781534644
1339174785026607
1339174788588600
1339174793140178
1339174798077140
1339174802922649
1339174806603331
1339174810536107
1339174814264061
1339174821474246
1339174825842912
1339174831234101
1339174836052969
1339174839777854
1339174843495309
1339174847416137
1339174852343923
1339174856847970
1339174861594116
1339174866193582
1339174870597145
1339174875080529
1339174879998912
1339174884894574
1339174890026953
1339174894919675
1339174900227285
1339174904337391
1339174907640765
1339174910973697
1339174914274455
1339174917590930
1339174921008419
1339174924490081
1339174928334929
1339174932470976
1339174936566456
1339174940792303
1339174944908974
1339174949169182
1339174953946129
1339174958538235
1339174961635595
1339174964978659
1339174968125107
1339174971292714
1339174974877257
1339174978474048
1339174982021626
1339174985745361
1339174989555480
1339174993653581
1339174997498595
1339175003810078
1339175007682325
1339175011724570
1339175015880823
1339175020716033
1339175025140812
1339175029375357
1339175032818210
1339175036381052
1339175039757692
1339175043368356
1339175046787578
1339175050754267
1339175054965880
1339175059086906
1339175063440369
1339175067822098
1339175072559519
1339175076660184
1339175080510955
1339175084418294
1339175088134924
1339175092071628
1339175095661086
1339175099662756
1339175103846785
1339175107935229
1339175112339337
1339175116601689
1339175120766223
1339175124098619
1339175128395739
1339175131454693
