1339180649478085
1339180658731653
1339180663087512
1339180667261489
1339180672475717
1339180676972736
1339180681200614
1339180685828100
1339180690705209
1339180694415261
1339180697994704
1339180701843021
1339180708137220
1339180714755193
1339180718098434
1339180721784117
1339180725351367
1339180728772364
1339180732174513
1339180735671865
1339180739155026
1339180742814961
1339180746810293
1339180751088702
1339180755531970
1339180760009287
1339180764057725
1339180767761608
1339180771626598
1339180775938904
1339180780785151
1339180785615350
1339180790793216
1339180795557133
1339180798855275
1339180802209906
1339180805757574
1339180809623630
1339180813413223
1339180817379389
1339180821228521
1339180824876039
1339180828661579
1339180832459724
1339180836615781
1339180841535653
1339180845972909
1339180850600959
1339180855665712
1339180861009417
1339180865601585
1339180870472301
1339180874947411
1339180879488950
1339180884289612
1339180889067623
1339180893613203
1339180897386209
1339180900934242
1339180904390810
1339180908100721
1339180912511066
1339180916893486
1339180921448166
1339180925777718
1339180929447181
1339180932972413
1339180936387574
1339180939733877
1339180943546626
1339180947698524
1339180951844996
1339180955994562
1339180960262972
1339180964930999
1339180969523637
1339180973900013
1339180978012958
1339180981892313
1339180985705463
1339180989519798
1339180993588904
1339180997874771
1339181003418544
1339181007270842
1339181010322805
1339181015862596
1339181019281042
1339181022679182
1339181026129821
1339181029462240
1339181033092715
1339181036481489
1339181039738514
1339181042904676
1339181046145674
1339181049538196
1339181052818243
1339181056643888
1339181060357579
