1339177230624363
1339177237564890
1339177240861909
1339177243957186
1339177250665653
1339177253734286
1339177256998798
1339177263749111
1339177267547453
1339177270805690
1339177274100821
1339177277434972
1339177281087635
1339177284583750
1339177288086733
1339177291432116
1339177294896275
1339177298725446
1339177302569093
1339177306481754
1339177310367467
1339177314284169
1339177318228681
1339177322270093
1339177326187963
1339177330061764
1339177334466114
1339177339314773
1339177344505788
1339177350069990
1339177355084306
1339177361280872
1339177366091861
1339177369425585
1339177372809562
1339177376359910
1339177380348726
1339177383912371
1339177387256888
1339177390665441
1339177393836049
1339177397258221
1339177400887221
1339177404796609
1339177408930170
1339177413074312
1339177417326165
1339177421388736
1339177425438598
1339177429301446
1339177434044290
1339177438592248
1339177443011004
1339177446556615
1339177450408267
1339177454682668
1339177459386348
1339177463797279
1339177468413163
1339177473234381
1339177477822896
1339177482424113
1339177487951071
1339177496984317
1339177500711549
1339177504422190
1339177507787310
1339177511142710
1339177514783948
1339177518551739
1339177522649130
1339177526890357
1339177530969649
1339177534731732
1339177538600271
1339177543057115
1339177548177543
1339177552528564
1339177556354993
1339177560339182
1339177564494178
1339177568824157
1339177572988964
1339177577054679
1339177581797308
1339177585868379
1339177589776589
1339177594373886
1339177600028579
1339177604411896
1339177608299828
1339177612120525
1339177616636606
1339177622146208
1339177626191552
1339177629564258
1339177632882513
1339177636359505
1339177640828069
1339177645434279
