1339172674172701
1339172678753355
1339172683365280
1339172687656469
1339172691921477
1339172696049324
1339172700472659
1339172704577376
1339172708847452
1339172713562940
1339172718443881
1339172723166819
1339172728330258
1339172732375252
1339172735639591
1339172739036800
1339172742350994
1339172746287029
1339172750611459
1339172755122567
1339172759739853
1339172764413039
1339172769142173
1339172773798870
1339172778540693
1339172783006898
1339172787462195
1339172791942369
1339172797130463
1339172800547280
1339172803906863
1339172807376930
1339172814343652
1339172817559073
1339172820854515
1339172824439671
1339172827572631
1339172830793502
1339172834206518
1339172840859318
1339172844255493
1339172847490798
1339172850832216
1339172854088801
1339172857556987
1339172860799232
1339172864033792
1339172867276519
1339172870569214
1339172873847063
1339172877168673
1339172880502682
1339172883696726
1339172887029348
1339172890338212
1339172893719559
1339172896691436
1339172899684787
1339172902652437
1339172905953156
1339172909596666
1339172913006831
1339172916645077
1339172920140792
1339172923281549
1339172926611319
1339172929987621
1339172933132657
1339172936464618
1339172939965500
1339172943342430
1339172946835776
1339172950097422
1339172953516197
1339172956718272
1339172960048759
1339172963575675
1339172967166914
1339172970457741
1339172973768094
1339172977246855
1339172980509446
1339172983994140
1339172987432910
1339172990640141
1339172994089738
1339172997407423
1339173002755089
1339173006400234
1339173009712498
1339173013383191
1339173018873317
1339173022221527
1339173025540744
1339173029170520
1339173032398227
1339173035817216
1339173039408901
1339173042697376
1339173046041463
