1339180209556151
1339180212975156
1339180216042443
1339180219423129
1339180223052103
1339180230150398
1339180234902645
1339180239488707
1339180244174533
1339180248939405
1339180253812089
1339180257894694
1339180261853533
1339180265793685
1339180269923882
1339180273629813
1339180277523970
1339180281315715
1339180285101328
1339180288889669
1339180292665063
1339180296603268
1339180300678310
1339180305031043
1339180309357943
1339180313636454
1339180318007816
1339180322641759
1339180327241776
1339180332013775
1339180337077100
1339180343121665
1339180348618729
1339180353790638
1339180358141532
1339180362358643
1339180371922810
1339180375719087
1339180379630046
1339180383133045
1339180386474145
1339180389930586
1339180393642529
1339180397223129
1339180400769721
1339180404432187
1339180408333973
1339180412009150
1339180415460271
1339180419419024
1339180423182184
1339180426691848
1339180430624247
1339180434237619
1339180438127454
1339180441698201
1339180445296984
1339180448607962
1339180452282756
1339180456157208
1339180460122619
1339180464213460
1339180469365236
1339180474448244
1339180479722442
1339180483730705
1339180487603907
1339180494963652
1339180499019351
1339180503043789
1339180507935755
1339180512944747
1339180517801174
1339180522970403
1339180526881330
1339180530466523
1339180533947454
1339180537352952
1339180541192585
1339180544869485
1339180548440280
1339180551737545
1339180555953799
1339180560261427
1339180564740607
1339180569727878
1339180574616860
1339180579316766
1339180584385414
1339180589649145
1339180594835033
1339180599866715
1339180605599492
1339180612269979
1339180618216339
1339180623199619
1339180627765298
1339180632400411
1339180637828821
1339180643775501
