1339179321902893
1339179328591246
1339179331975490
1339179335297385
1339179342380674
1339179345757197
1339179349294759
1339179352816466
1339179356034987
1339179360069619
1339179364029716
1339179375614829
1339179390644275
1339179397547092
1339179400872765
1339179404096857
1339179410898336
1339179414152756
1339179417991456
1339179421611793
1339179425070634
1339179428222502
1339179431422679
1339179434857552
1339179438344463
1339179441620444
1339179444896693
1339179448212820
1339179451699536
1339179455589231
1339179459656662
1339179463594034
1339179467509581
1339179471108804
1339179474825752
1339179478658590
1339179482686322
1339179486727799
1339179493454743
1339179497613386
1339179501913061
1339179506300253
1339179511507088
1339179516517035
1339179521219326
1339179525852286
1339179530480935
1339179535365896
1339179539655163
1339179543574234
1339179548278084
1339179552463433
1339179556760926
1339179561335657
1339179566715867
1339179572797734
1339179577849515
1339179582621301
1339179587633428
1339179592654552
1339179597665859
1339179602543565
1339179607618936
1339179612294841
1339179616804509
1339179621535442
1339179626129915
1339179631125263
1339179635377206
1339179639530296
1339179643698691
1339179647675145
1339179651430054
1339179655465761
1339179659708453
1339179667580943
1339179672437336
1339179677784820
1339179683018863
1339179689127660
1339179699079226
1339179702828246
1339179706336368
1339179709736394
1339179712948550
1339179715908629
1339179719750094
1339179723550533
1339179727160007
1339179731033314
1339179735643246
1339179740350930
1339179744392336
1339179748410431
1339179752646882
1339179757684001
1339179762834588
1339179768016251
1339179773709328
1339179779543041
