1339186897998227
1339186901847030
1339186905912583
1339186910225281
1339186914103450
1339186917978965
1339186921768432
1339186925577383
1339186929483815
1339186933617679
1339186937792309
1339186941890299
1339186945986881
1339186950056124
1339186953925071
1339186957837632
1339186961643367
1339186965621048
1339186970711782
1339186974601643
1339186978148739
1339186981869683
1339186985927901
1339186989878566
1339186994165126
1339186998447895
1339187004322025
1339187009261148
1339187014577592
1339187019858525
1339187026033149
1339187033052667
1339187039279430
1339187044651799
1339187049394444
1339187053954052
1339187061318141
1339187069380015
1339187076234314
1339187081277319
1339187086246662
1339187091568023
1339187098366571
1339187104760206
1339187109515462
1339187114095983
1339187118926693
1339187123896068
1339187127769965
1339187131110574
1339187134634975
1339187137951337
1339187141281408
1339187144592469
1339187147824540
1339187151113457
1339187154336499
1339187157580950
1339187160797661
1339187163868604
1339187167190167
1339187170582771
1339187174071332
1339187177520854
1339187181006108
1339187184164246
1339187187513557
1339187190810503
1339187194025471
1339187197239694
1339187200593538
1339187203707119
1339187206962093
1339187210218959
1339187213577627
1339187216954322
1339187220215381
1339187223358345
1339187226686067
1339187229970982
1339187233181582
1339187236618889
1339187239880928
1339187243170494
1339187246407902
1339187249581376
1339187252915937
1339187256082342
1339187259541392
1339187263064150
1339187266512810
1339187270482222
1339187274267248
1339187278580456
1339187283566499
1339187288812198
1339187293532480
1339187298833251
1339187302918177
1339187306971641
