1338669392982534
1338670397803291
1338671402614989
1338672408539787
1338673414685652
1338674419445511
1338675425386220
1338676430868998
1338677437473525
1338678444553285
1338679453412001
1338680463087136
1338681469055656
1338682476108130
1338683486536818
1338684493236069
1338685500150027
1338686506332996
1338687516874023
1338688530339339
1338689541533215
1338690554790596
1338691565172310
1338692576055934
1338693586881972
1338694595957163
1338695601620794
1338696612393975
1338697624683634
1338698635236056
1338699643629156
1338700648101581
1338701654865795
1338702660015216
1338703667728941
1338704674617384
1338705680602646
1338706688613488
1338707695084762
1338708701541996
1338709708866723
1338710714224448
1338711725766034
1338712733052431
1338713742600793
1338714751408276
1338715755815740
1338716762631427
1338717769673863
1338718779055406
1338719791235462
1338720801916273
1338721813436472
1338722825025304
1338723836898550
1338724848027239
1338725856064132
1338726862647369
1338727870974901
1338728881928643
1338729889598452
1338730895715139
1338731901340901
1338732908683712
1338733914065359
1338734921639459
1338735927699172
1338736936046119
1338737946321384
1338738954160304
1338739959621994
1338740966589316
1338741971961375
1338742976522016
1338743980908895
1338744989632345
1338745997529899
1338747005199249
1338748008837910
1338749012836886
1338750016680076
1338751020846824
1338752025247480
1338753029162780
1338754033262923
1338755041349733
1338756050708789
1338757061929387
1338758070599635
1338759080480260
1338760088764615
1338761095532889
1338762102087006
1338763111199820
1338764117331170
1338765124233591
1338766128360418
1338767132592434
1338768136216565
1338769139712215
