1339179322855041
1339179329581267
1339179333008164
1339179336361560
1339179343433860
1339179346664259
1339179350409166
1339179353822963
1339179356957409
1339179361189226
1339179373078058
1339179387743313
1339179394982714
1339179398482996
1339179401789097
1339179408613078
1339179411827254
1339179415112954
1339179419045844
1339179422561753
1339179425977123
1339179429163041
1339179432484355
1339179436091823
1339179439321096
1339179442638256
1339179445964671
1339179449381014
1339179452908623
1339179456811568
1339179460859401
1339179464723253
1339179468630065
1339179472254809
1339179475905754
1339179479845087
1339179483891187
1339179490658465
1339179494607740
1339179498854324
1339179503194493
1339179507711673
1339179512981129
1339179517958399
1339179522590226
1339179527383106
1339179532091614
1339179536715442
1339179540860795
1339179544759461
1339179549665942
1339179553703840
1339179557925568
1339179563047375
1339179568581149
1339179574302537
1339179579217567
1339179584064477
1339179589167353
1339179594162533
1339179599111646
1339179604039782
1339179609219747
1339179613573371
1339179618172677
1339179622882785
1339179627465386
1339179632453226
1339179636662595
1339179640819232
1339179645006696
1339179648823485
1339179652540422
1339179656764041
1339179660895468
1339179669152001
1339179674011011
1339179679337192
1339179684683821
1339179691963109
1339179700183016
1339179703822891
1339179707420568
1339179710778037
1339179713831395
1339179717077121
1339179720979821
1339179724722303
1339179728343153
1339179732430424
1339179737198661
1339179741612150
1339179745619411
1339179749600841
1339179754178900
1339179759216002
1339179764521122
1339179769689687
1339179775393194
1339179780905830
