1339183982891758
1339183986724317
1339183990293875
1339183993937041
1339183997853318
1339184002712926
1339184006976755
1339184010702474
1339184014407722
1339184018004575
1339184021489283
1339184025329570
1339184029215642
1339184033136074
1339184036480592
1339184039769510
1339184043070944
1339184046357144
1339184049704498
1339184053194134
1339184056525190
1339184059723804
1339184062936433
1339184066140391
1339184069903607
1339184073707539
1339184077495706
1339184081354017
1339184085196572
1339184089954971
1339184095467805
1339184100978392
1339184108124296
1339184113610959
1339184119104074
1339184124779823
1339184127896981
1339184131006505
1339184134172348
1339184137296503
1339184140439163
1339184147784148
1339184153830892
1339184158978645
1339184170242550
1339184173777695
1339184185317029
1339184188925472
1339184202530281
1339184206063642
1339184209331668
1339184213046777
1339184216439722
1339184220194127
1339184223471507
1339184227443387
1339184231430413
1339184235390309
1339184239403760
1339184243667805
1339184247525581
1339184251141602
1339184254720340
1339184258574755
1339184262103378
1339184266179372
1339184270694422
1339184275336288
1339184281513802
1339184287473366
1339184293187567
1339184299556618
1339184304498872
1339184309067151
1339184313194784
1339184317222201
1339184320928502
1339184324650385
1339184328404144
1339184332149823
1339184335761768
1339184339436739
1339184343314378
1339184346862075
1339184350898377
1339184354874797
1339184358712540
1339184362684982
1339184366317137
1339184370702546
1339184374883712
1339184378917204
1339184383201924
1339184387028580
1339184390882613
1339184394744823
1339184398695934
1339184402598954
1339184406771035
1339184410760695
