1338769142329568
1338770146350956
1338771150625950
1338772154749814
1338773158771861
1338774162339070
1338775165132249
1338776168297157
1338777171937717
1338778176160702
1338779179272358
1338780182050692
1338781185144880
1338782188655556
1338783191969481
1338784195593248
1338785199937451
1338786203648277
1338787206763066
1338788210230233
1338789214015112
1338790217723005
1338791221583080
1338792225905425
1338793229958249
1338794235936530
1338795245143896
1338796253556162
1338797258410464
1338798262621246
1338799270473897
1338800278382537
1338801284899589
1338802289812708
1338803296953778
1338804304218959
1338805313768663
1338806323608748
1338807335781453
1338808341761752
1338809349026088
1338810357296687
1338811365133846
1338812369851776
1338813373930199
1338814378377723
1338815383620160
1338816387731022
1338817391642776
1338818396738298
1338819400717664
1338820405099198
1338821409058847
1338822413095427
1338823416643129
1338824420879292
1338825426889947
1338826432099942
1338827438477654
1338828445567949
1338829451889291
1338830460156980
1338831471253921
1338832479161402
1338833486479926
1338834493219626
1338835502939400
1338836510933753
1338837517123344
1338838525555795
1338839530494293
1338840538280928
1338841548525688
1338842560278619
1338843569776939
1338844578646981
1338845591531761
1338846602606917
1338847610166164
1338848615585772
1338849625610115
1338850634377483
1338851640531219
1338852650708680
1338853663835799
1338854679008108
1338855689642440
1338856699356039
1338857705081409
1338858716253700
1338859723640240
1338860732466733
1338861743329080
1338862754571895
1338863765092216
1338864776979561
1338865786049853
1338866794402861
1338867802740421
1338868814766990
