1339175133827351
1339175137234820
1339175140381956
1339175143673611
1339175146861659
1339175150051470
1339175153275378
1339175156536886
1339175159713337
1339175163355293
1339175166593480
1339175169863930
1339175173175071
1339175176485648
1339175179826323
1339175183123330
1339175186335496
1339175189694366
1339175192963939
1339175196342950
1339175199510596
1339175202738904
1339175206038411
1339175209157953
1339175212375584
1339175215458577
1339175222603671
1339175225888611
1339175229301413
1339175235361249
1339175238522067
1339175241758414
1339175248378168
1339175251855731
1339175254958697
1339175258696785
1339175261810634
1339175265168959
1339175268565365
1339175272024082
1339175275962930
1339175280851473
1339175285495900
1339175290406657
1339175294993599
1339175298902036
1339175302852284
1339175306604921
1339175310335885
1339175314078333
1339175317838156
1339175322187971
1339175326699311
1339175331767797
1339175336392181
1339175340931231
1339175344778806
1339175348362132
1339175351811455
1339175355324649
1339175359544365
1339175364074000
1339175368488831
1339175372535950
1339175376737972
1339175379880946
1339175383203703
1339175386520826
1339175389993220
1339175393417334
1339175396736076
1339175399975990
1339175403436925
1339175407185499
1339175411326060
1339175416024304
1339175421487898
1339175426577617
1339175431431512
1339175435941147
1339175440754757
1339175445706028
1339175449340804
1339175453318525
1339175457269878
1339175461686394
1339175465891140
1339175469600163
1339175473150888
1339175476610688
1339175479837751
1339175482821592
1339175486252263
1339175489374041
1339175492627777
1339175496585214
1339175500491822
1339175504780214
1339175508895736
1339175513046242
