1339187311765135
1339187316012941
1339187319904832
1339187323965048
1339187328791116
1339187335243862
1339187341165396
1339187347067853
1339187352593899
1339187356936372
1339187361348619
1339187366583843
1339187377906365
1339187386912058
1339187390593736
1339187393984662
1339187397245195
1339187401323336
1339187405978925
1339187410440841
1339187415585865
1339187421043643
1339187426208785
1339187432388240
1339187437110870
1339187440821624
1339187444592283
1339187448227457
1339187451804828
1339187455402255
1339187459079416
1339187463078678
1339187467020604
1339187471281728
1339187475947964
1339187480317161
1339187484510134
1339187488574572
1339187492626657
1339187496969568
1339187501313205
1339187505947689
1339187510609092
1339187515165602
1339187520267565
1339187527291125
1339187533183506
1339187538869805
1339187544594195
1339187550716029
1339187555882812
1339187561582485
1339187569702612
1339187576383928
1339187585120119
1339187592122673
1339187598555722
1339187604270340
1339187608682857
1339187612960958
1339187617304043
1339187621699573
1339187625527514
1339187629273440
1339187633297676
1339187637388594
1339187641197621
1339187645400337
1339187649561067
1339187653294633
1339187656824314
1339187660307116
1339187663643372
1339187667409787
1339187671030015
1339187677832045
1339187682252983
1339187686719654
1339187690948561
1339187695059459
1339187699048900
1339187702986138
1339187706812890
1339187710592027
1339187714470314
1339187718273199
1339187722146000
1339187727027887
1339187731632273
1339187736310291
1339187740264902
1339187744296653
1339187748807345
1339187752644240
1339187756451084
1339187761910800
1339187766459483
1339187771042147
1339187776044214
1339187781460976
