1335343147235599
1335344153336538
1335345157461498
1335346163203756
1335347170287282
1335348177903933
1335349184415493
1335350190748861
1335351196838689
1335352203144614
1335353209630469
1335354215710251
1335355221746253
1335356228198387
1335357234276017
1335358241022199
1335359246853800
1335360252394873
1335361258657168
1335362265790494
1335363272251490
1335364279302829
1335365285358907
1335366292537311
1335367299149630
1335368306088341
1335369311613845
1335370316388845
1335371319948259
1335372327236255
1335373334274727
1335374340905355
1335375346916626
1335376353187154
1335377358774182
1335378364218807
1335379369417207
1335380374391540
1335381378266584
1335382381972131
1335383386339624
1335384392559576
1335385396664335
1335386400277021
1335387405353221
1335388410381073
1335389415082764
1335390421590611
1335391426924417
1335392433836143
1335393440989292
1335394446687317
1335395452544249
1335396459105687
1335397464856855
1335398471157315
1335399477309732
1335400483949584
1335401490162689
1335402496265722
1335403502520157
1335404508863348
1335405513847125
1335406518578134
1335407525062404
1335408531916389
1335409538258974
1335410544342376
1335411551894877
1335412557331106
1335413562688443
1335414568733257
1335415574398861
1335416579742710
1335417585558907
1335418590704376
1335419596177807
1335420603236371
1335421609691599
1335422616826093
1335423622877959
1335424630027395
1335425635565249
1335426641164729
1335427647383824
1335428654118630
1335429661227271
1335430668497638
1335431674778743
1335432681512651
1335433687867014
1335434693985436
1335435700435333
1335436706717065
1335437712285967
1335438717874821
1335439724047661
1335440731278552
1335441738765844
1335442745067376
