1336653189036527
1336654200395077
1336655206132546
1336656217003084
1336657222735269
1336658229478641
1336659233428642
1336660237136210
1336661241287519
1336662248540958
1336663257952036
1336664265934022
1336665275983029
1336666284181478
1336667291051916
1336668298703458
1336669306905105
1336670314035780
1336671324060705
1336672330695175
1336673339705680
1336674349065887
1336675359254224
1336676369349793
1336677373776888
1336678377207525
1336679380855492
1336680385066767
1336681388492680
1336682392645602
1336683396659555
1336684401208758
1336685406843978
1336686412681164
1336687419644856
1336688426587255
1336689432124133
1336690441034487
1336691447621539
1336692456091958
1336693466999784
1336694477882415
1336695489958586
1336696496176919
1336697507732334
1336698511978495
1336699522171315
1336700530048413
1336701541208372
1336702549432108
1336703559169501
1336704567010321
1336705578164910
1336706586432087
1336707598394237
1336708609257977
1336709619592583
1336710632036164
1336711644735633
1336712654715600
1336713667201373
1336714677968608
1336715689067376
1336716695653682
1336717704559641
1336718711921613
1336719719229931
1336720724960033
1336721729296811
1336722735551558
1336723742300572
1336724751670964
1336725762896193
1336726773761196
1336727783587187
1336728792101506
1336729803520425
1336730814114867
1336731824481485
1336732835594563
1336733840587399
1336734849852509
1336735862044218
1336736872379655
1336737883572560
1336738895819839
1336739907560539
1336740919630939
1336741930413011
1336742940729613
1336743952397069
1336744960770922
1336745971505716
1336746983327982
1336747994735513
1336749003509975
1336750010321506
1336751016522266
1336752026891802
1336753034359240
