1339180654444225
1339180658958489
1339180663303334
1339180667470328
1339180672702845
1339180677184440
1339180681402183
1339180686056505
1339180690876237
1339180694579291
1339180698172857
1339180702035985
1339180708599384
1339180714925420
1339180718284299
1339180721954221
1339180725510004
1339180728929048
1339180732347932
1339180735847269
1339180739351328
1339180742986598
1339180747011598
1339180751322457
1339180755738975
1339180760263946
1339180764248280
1339180767944304
1339180771810825
1339180776176452
1339180781039438
1339180785879253
1339180791037094
1339180795707285
1339180799011737
1339180802361178
1339180805947806
1339180809802765
1339180813596408
1339180817587918
1339180821424894
1339180825052815
1339180828836062
1339180832668881
1339180836875704
1339180841764958
1339180846202912
1339180850815973
1339180855926855
1339180861232022
1339180865847882
1339180870690186
1339180875152444
1339180879706969
1339180884524662
1339180889296325
1339180893784716
1339180897573043
1339180901116845
1339180904567528
1339180908353908
1339180912741015
1339180917120056
1339180921673473
1339180925974184
1339180929624242
1339180933137891
1339180936549936
1339180939902440
1339180943747570
1339180947895468
1339180952044179
1339180956203790
1339180960477544
1339180965134603
1339180969746546
1339180974104323
1339180978193026
1339180982084645
1339180985872677
1339180989713502
1339180993784283
1339180998080416
1339181003648727
1339181007426577
1339181010478914
1339181016049290
1339181019442174
1339181022841925
1339181026286406
1339181029620342
1339181033246097
1339181036695907
1339181039884483
1339181043049637
1339181046289115
1339181049685381
1339181053000372
1339181056824102
1339181060530042
