1337963159022742
1337964162720434
1337965166558223
1337966170669270
1337967174702464
1337968178857611
1337969181881102
1337970185488181
1337971188507348
1337972191979333
1337973195980052
1337974200010602
1337975204216840
1337976207982123
1337977211893895
1337978216293447
1337979220684573
1337980224356926
1337981228387346
1337982232124043
1337983235095753
1337984238496874
1337985242107610
1337986246367392
1337987253048819
1337988259197815
1337989265122886
1337990269557204
1337991278067853
1337992286323186
1337993291183510
1337994297180388
1337995306412906
1337996315793595
1337997321563568
1337998328337976
1337999338658100
1338000346420342
1338001357305230
1338002369558787
1338003374480431
1338004379816651
1338005384607560
1338006388333940
1338007392952779
1338008397927747
1338009403936486
1338010408703841
1338011414251869
1338012420241696
1338013426896918
1338014434552361
1338015442097950
1338016448736950
1338017456837820
1338018465642456
1338019473272035
1338020482046731
1338021491599275
1338022502276340
1338023513975217
1338024524241288
1338025536801235
1338026548669976
1338027561392906
1338028571291830
1338029582851389
1338030594050188
1338031607884780
1338032620441192
1338033630983708
1338034638165190
1338035645083148
1338036649152510
1338037655431805
1338038662274052
1338039666640426
1338040675128780
1338041684986678
1338042694046881
1338043702066129
1338044709337805
1338045720715728
1338046726645722
1338047733067139
1338048741982562
1338049752917933
1338050765448626
1338051779641150
1338052793447077
1338053798772471
1338054809603620
1338055820854466
1338056832443579
1338057845779934
1338058855804946
1338059867209910
1338060875268447
1338061887328742
1338062899325318
