1338869824624202
1338870834560328
1338871841757596
1338872848265820
1338873852708163
1338874860078925
1338875865925450
1338876875533719
1338877881314123
1338878892543089
1338879899667403
1338880906020171
1338881915339951
1338882925753882
1338883934530331
1338884942237597
1338885949987713
1338886961160322
1338887970132402
1338888979087862
1338889989735204
1338890998382431
1338892006696110
1338893015675332
1338894025580655
1338895034354101
1338896042087227
1338897051645324
1338898058373373
1338899068523632
1338900077151266
1338901083725612
1338902092416572
1338903102350448
1338904109369190
1338905115869932
1338906122136130
1338907128193330
1338908132442829
1338909136384176
1338910140179580
1338911144151182
1338912147794137
1338913151401274
1338914154259297
1338915158080399
1338916162313434
1338917166771716
1338918169677373
1338919172591470
1338920176244648
1338921179327011
1338922183336178
1338923187279725
1338924191241993
1338925194925372
1338926198919448
1338927202914323
1338928207036730
1338929212865307
1338930217008295
1338931220821595
1338932224517454
1338933229884865
1338934234425438
1338935241175018
1338936246529113
1338937250434225
1338938254359348
1338939262200422
1338940267924370
1338941274976497
1338942283889231
1338943290994226
1338944295678250
1338945300839987
1338946308728227
1338947316017110
1338948322483680
1338949331943841
1338950341139516
1338951348742321
1338952356808184
1338953362570882
1338954369922248
1338955374402013
1338956378519736
1338957382908490
1338958387529619
1338959391368971
1338960395959968
1338961401184773
1338962405994271
1338963411418329
1338964417793813
1338965424418102
1338966430422341
1338967437121982
1338968443123143
1338969449709119
