1339175517474405
1339175521230160
1339175524852370
1339175528985735
1339175533121889
1339175537466381
1339175541835475
1339175545865118
1339175549475188
1339175553250589
1339175557413770
1339175561731794
1339175566210005
1339175570264475
1339175574799184
1339175578850654
1339175583253050
1339175587531743
1339175592052526
1339175596635564
1339175601089123
1339175605829878
1339175610200720
1339175614350698
1339175618839880
1339175623028784
1339175638798446
1339175642414161
1339175645654939
1339175649145800
1339175652302006
1339175656290700
1339175660097376
1339175663848303
1339175668545836
1339175673268503
1339175677766294
1339175682532237
1339175687665129
1339175693188512
1339175699221588
1339175703369647
1339175707465428
1339175711794279
1339175716329842
1339175720526561
1339175724849743
1339175730115699
1339175735596050
1339175740850212
1339175746132373
1339175750150242
1339175754091052
1339175757988870
1339175762397773
1339175767165283
1339175772021737
1339175776863909
1339175781178602
1339175785783088
1339175790832102
1339175796229285
1339175800948473
1339175805390463
1339175809892503
1339175814563565
1339175820550435
1339175826717088
1339175831075128
1339175834918022
1339175838798189
1339175843456457
1339175848479527
1339175853321206
1339175857829328
1339175862598843
1339175866871917
1339175871118599
1339175875486110
1339175879689817
1339175884391678
1339175889056768
1339175894034817
1339175898952666
1339175904967534
1339175910502086
1339175913772341
1339175917088094
1339175920536314
1339175924300591
1339175928495380
1339175932875522
1339175936311580
1339175939552813
1339175942725702
1339175946099446
1339175949909578
1339175953635412
1339175957388164
1339175962433940
