1339178501369559
1339178505018177
1339178508735345
1339178512639599
1339178516950036
1339178521211492
1339178526773539
1339178530863590
1339178534952065
1339178540359729
1339178545129469
1339178549085599
1339178553226878
1339178557231073
1339178560621628
1339178564153108
1339178567884127
1339178571641105
1339178575606267
1339178579606608
1339178583030740
1339178586671778
1339178590076695
1339178593620597
1339178597325388
1339178600963437
1339178604650805
1339178608380881
1339178612492496
1339178616514667
1339178620946973
1339178625918704
1339178630900631
1339178634162572
1339178637448038
1339178640618908
1339178643642223
1339178646701874
1339178650521516
1339178654739554
1339178658773513
1339178662587704
1339178667069556
1339178671299501
1339178679904928
1339178687691667
1339178691303671
1339178694623841
1339178698036006
1339178701727786
1339178705696152
1339178709670491
1339178714276449
1339178718838290
1339178723709822
1339178729497713
1339178733923618
1339178737091925
1339178740302043
1339178743802998
1339178747378278
1339178751847725
1339178756203020
1339178760845024
1339178765740079
1339178770593054
1339178774827610
1339178778907321
1339178782862647
1339178787888673
1339178794061241
1339178799506383
1339178804105971
1339178808682907
1339178813128451
1339178817654089
1339178822619108
1339178827736400
1339178832778489
1339178837681689
1339178842661445
1339178847572327
1339178850907990
1339178854488143
1339178858126948
1339178863460475
1339178868205219
1339178872347142
1339178877232202
1339178881581483
1339178885597643
1339178889326865
1339178893036884
1339178896848488
1339178900549968
1339178905184798
1339178908670339
1339178911816575
1339178914864141
1339178917962865
