1335241539739824
1335242546088153
1335243552886370
1335244558856224
1335245564230742
1335246569686807
1335247577226894
1335248583067619
1335249588347087
1335250593325873
1335251599200080
1335252605904506
1335253610564503
1335254616174102
1335255623467160
1335256630267970
1335257635739602
1335258643590476
1335259649349289
1335260654436241
1335261659512149
1335262663882086
1335263669478802
1335264675100845
1335265681577951
1335266687405517
1335267693216863
1335268699279203
1335269705425553
1335270712355994
1335271719605659
1335272725947847
1335273732140072
1335274738686584
1335275745446921
1335276752436060
1335277758607369
1335278764312650
1335279770851340
1335280776953786
1335281782914916
1335282788952261
1335283794325224
1335284800605771
1335285806141653
1335286811394558
1335287815413931
1335288820330635
1335289825466760
1335290831726053
1335291837688412
1335292843794175
1335293849431295
1335294855415377
1335295860734246
1335296867700684
1335297873332813
1335298879052302
1335299884397037
1335300889806219
1335301896221513
1335302903052040
1335303909495349
1335304915765254
1335305920865700
1335306927060347
1335307934321664
1335308940592207
1335309947393339
1335310954525479
1335311960702564
1335312966600241
1335313972235122
1335314978073155
1335315982835180
1335316988644777
1335317993840180
1335318998881404
1335320006939762
1335321011855426
1335322016687880
1335323022206625
1335324028391886
1335325034727216
1335326042057248
1335327047801584
1335328054112439
1335329059710263
1335330065931929
1335331074392098
1335332080329459
1335333086245840
1335334092105015
1335335096969976
1335336102685804
1335337109493463
1335338116456729
1335339121936948
1335340128515751
1335341135914888
