1339178103768516
1339178108403984
1339178112559308
1339178117522618
1339178123678826
1339178127124425
1339178130378216
1339178133800087
1339178137151949
1339178140388738
1339178143571263
1339178150046382
1339178153736142
1339178156911750
1339178160073168
1339178163488448
1339178166669160
1339178170104520
1339178176607911
1339178180328823
1339178194724240
1339178198081574
1339178201419896
1339178204556662
1339178207944207
1339178211368445
1339178214561845
1339178218876212
1339178222021352
1339178225169374
1339178228677311
1339178231757040
1339178234897109
1339178238101201
1339178241499867
1339178245039451
1339178248177687
1339178251378994
1339178258107282
1339178261730016
1339178264996340
1339178268176966
1339178271436568
1339178274751555
1339178278103319
1339178281377608
1339178284677777
1339178287985027
1339178291370067
1339178294636182
1339178297984868
1339178301595277
1339178305042732
1339178308578045
1339178311934300
1339178315437915
1339178318892012
1339178322502076
1339178325965512
1339178329574511
1339178333649146
1339178337641429
1339178341998800
1339178346548785
1339178350770796
1339178355298595
1339178360349548
1339178368998092
1339178372279672
1339178375712565
1339178380282159
1339178387713949
1339178391271226
1339178394437213
1339178397774471
1339178400917089
1339178404045740
1339178407594942
1339178411229086
1339178415482238
1339178419882881
1339178424116547
1339178428898206
1339178433611079
1339178438307050
1339178442985054
1339178446807109
1339178450448669
1339178454059489
1339178457613115
1339178461319551
1339178464982684
1339178469478888
1339178474345804
1339178479056145
1339178483471414
1339178486913012
1339178490329714
1339178493629531
1339178497059936
