1339171861446184
1339171865534507
1339171869513229
1339171873595431
1339171877734223
1339171881695515
1339171885733467
1339171890292538
1339171894578145
1339171899010226
1339171903392990
1339171907698802
1339171912056521
1339171916589432
1339171921095483
1339171925416194
1339171929780714
1339171933830434
1339171937746073
1339171941719957
1339171945083727
1339171948479713
1339171951886984
1339171956146282
1339171960911002
1339171964614583
1339171968382514
1339171972252960
1339171976630396
1339171981429502
1339171985356431
1339171989402482
1339171993548861
1339171997263693
1339172002062468
1339172005664956
1339172009250653
1339172013411809
1339172017661921
1339172022331678
1339172027053440
1339172031852537
1339172036543686
1339172041020974
1339172044338880
1339172047517660
1339172050727777
1339172055471643
1339172059636518
1339172063677582
1339172068682780
1339172074045649
1339172078971522
1339172083391711
1339172088107358
1339172093578222
1339172098507567
1339172102665953
1339172106575856
1339172110382364
1339172114469427
1339172118615866
1339172122711465
1339172126249229
1339172129477146
1339172132691527
1339172135847624
1339172139322963
1339172142729453
1339172145889218
1339172149174927
1339172152563763
1339172155832284
1339172159620385
1339172163084991
1339172170104053
1339172173654104
1339172176965718
1339172184240960
1339172187619210
1339172190710861
1339172193733078
1339172197038431
1339172200080438
1339172202993930
1339172206296518
1339172209542491
1339172212567565
1339172215664844
1339172218982101
1339172222294436
1339172225564683
1339172228644550
1339172231657032
1339172234954565
1339172238154200
1339172241363921
1339172244479615
1339172251061329
1339172254498429
