1337862301576922
1337863306579615
1337864316697403
1337865327475402
1337866341406014
1337867347172055
1337868358205429
1337869367445258
1337870372397625
1337871376391089
1337872380426100
1337873384581733
1337874389480196
1337875393481078
1337876398063261
1337877402501232
1337878407022043
1337879412258190
1337880418031810
1337881424458656
1337882430420028
1337883434894745
1337884440043802
1337885446028484
1337886454385859
1337887462600558
1337888471147494
1337889483153185
1337890495671077
1337891505480148
1337892518330745
1337893532277317
1337894538258318
1337895544883270
1337896549476525
1337897558039067
1337898570080345
1337899583023449
1337900592593831
1337901602398591
1337902611906250
1337903626885189
1337904637651880
1337905648128967
1337906656078495
1337907666981341
1337908678075243
1337909690308168
1337910702216717
1337911713437448
1337912726032479
1337913737972827
1337914750083462
1337915762119003
1337916772915552
1337917784134087
1337918795566226
1337919806229319
1337920811997954
1337921821951493
1337922829715873
1337923841631184
1337924851202096
1337925857054237
1337926864015814
1337927877385878
1337928884317211
1337929896637477
1337930905066353
1337931916246241
1337932924430441
1337933937828409
1337934946174944
1337935957269051
1337936968105656
1337937979633267
1337938989502141
1337939998139486
1337941007243440
1337942012266098
1337943016539098
1337944021901646
1337945031604923
1337946044892314
1337947057688093
1337948064495834
1337949072197213
1337950083918465
1337951096525865
1337952105695416
1337953116219318
1337954122976537
1337955127011204
1337956131949917
1337957135500766
1337958139690453
1337959143142567
1337960146553090
1337961149967634
1337962154199633
