1337761506831045
1337762517567483
1337763529993633
1337764544280393
1337765554830879
1337766567862932
1337767577442808
1337768590533624
1337769604457269
1337770616535696
1337771626905360
1337772634027217
1337773640237929
1337774645012408
1337775656154790
1337776663600234
1337777673955560
1337778682376356
1337779692217829
1337780700489578
1337781711596916
1337782717851308
1337783723182274
1337784730844206
1337785736523486
1337786743890230
1337787751283190
1337788757390341
1337789761901728
1337790767578927
1337791778606759
1337792790923421
1337793805516339
1337794812216126
1337795822875664
1337796833957694
1337797846138009
1337798857155727
1337799869480994
1337800880749387
1337801889971217
1337802903086148
1337803916877092
1337804927921915
1337805935569858
1337806948044109
1337807961182369
1337808970010184
1337809982278480
1337810992575756
1337812003968542
1337813011256003
1337814017502238
1337815023578014
1337816033989992
1337817045875124
1337818053993920
1337819063262112
1337820075044332
1337821088212747
1337822100773506
1337823110696041
1337824121085861
1337825129285578
1337826133463341
1337827137176354
1337828140932225
1337829145061394
1337830149010929
1337831153410075
1337832157026690
1337833161056605
1337834163926082
1337835166684367
1337836170596098
1337837174888777
1337838179159137
1337839183646350
1337840187640474
1337841191456885
1337842195098234
1337843199157168
1337844203051594
1337845206580895
1337846212220760
1337847217224684
1337848221075882
1337849224803008
1337850229632847
1337851233399710
1337852237553186
1337853241378903
1337854247546278
1337855253645019
1337856258447515
1337857264332171
1337858271035457
1337859277315059
1337860285715210
1337861295272585
