1339182758306163
1339182761793806
1339182765221498
1339182768509693
1339182772436169
1339182776567372
1339182781071040
1339182785380406
1339182789770858
1339182794782900
1339182799541535
1339182804067502
1339182808877444
1339182812740839
1339182816052227
1339182819285432
1339182822482763
1339182826449499
1339182831234840
1339182835795065
1339182840352094
1339182844952155
1339182848576899
1339182852216858
1339182855855840
1339182859462151
1339182863105371
1339182867005779
1339182871111974
1339182875148285
1339182878879122
1339182882897856
1339182886561657
1339182890263153
1339182894241977
1339182898687428
1339182903399921
1339182907790686
1339182912179839
1339182916491141
1339182921294675
1339182925441462
1339182929562874
1339182933568087
1339182937574984
1339182941923132
1339182946567727
1339182950999105
1339182956304224
1339182961810196
1339182966746175
1339182971768175
1339182977337850
1339182982626614
1339182987266191
1339182991146544
1339182995015550
1339182998950308
1339183005985351
1339183010128209
1339183013813898
1339183017412516
1339183021374249
1339183025685716
1339183029841388
1339183034045419
1339183038387290
1339183042926560
1339183046907065
1339183050897817
1339183055567794
1339183060405129
1339183064393816
1339183068602984
1339183072115502
1339183075832103
1339183079518684
1339183083114998
1339183087116732
1339183091375186
1339183095391318
1339183099054695
1339183103077567
1339183107425492
1339183111114469
1339183120134593
1339183124216097
1339183131124544
1339183134322814
1339183137515195
1339183144812032
1339183148254671
1339183151496012
1339183154717236
1339183158142713
1339183162455759
1339183166183294
1339183169426121
1339183172752637
1339183175873202
