1339172673977389
1339172678565256
1339172683160326
1339172687451117
1339172691709542
1339172695815114
1339172700267685
1339172704364638
1339172708656137
1339172713313548
1339172718231206
1339172722936434
1339172728124167
1339172732230180
1339172735447212
1339172738895537
1339172742187598
1339172746083570
1339172750391242
1339172754935763
1339172759535599
1339172764172702
1339172768901812
1339172773608834
1339172778350534
1339172782795853
1339172787263065
1339172791770758
1339172796908975
1339172800404446
1339172803773697
1339172807190483
1339172814186936
1339172817419393
1339172820702687
1339172824261046
1339172827424028
1339172830635352
1339172834044824
1339172840664893
1339172844094110
1339172847341766
1339172850686451
1339172853952543
1339172857409781
1339172860618381
1339172863877005
1339172867136287
1339172870403928
1339172873701259
1339172877018741
1339172880365410
1339172883563201
1339172886883289
1339172890149768
1339172893586868
1339172896561485
1339172899554317
1339172902519565
1339172905778021
1339172909418761
1339172912848971
1339172916482939
1339172919987010
1339172923116459
1339172926455620
1339172929843399
1339172932993621
1339172936296036
1339172939831160
1339172943117691
1339172946660312
1339172949960499
1339172953362858
1339172956511399
1339172959866462
1339172963350204
1339172966992316
1339172970312934
1339172973605002
1339172977064926
1339172980345687
1339172983847496
1339172987211085
1339172990503823
1339172993934486
1339172997267804
1339173002549855
1339173006225127
1339173009546481
1339173013230594
1339173018729894
1339173022065772
1339173025340798
1339173029017312
1339173032239742
1339173035686308
1339173039246963
1339173042530343
1339173045903897
