1339181897768876
1339181901761842
1339181905881448
1339181909971863
1339181914029656
1339181918154160
1339181922034359
1339181925896982
1339181929569196
1339181933637310
1339181937619714
1339181940930666
1339181944274487
1339181947906643
1339181951827414
1339181955723342
1339181960428191
1339181965660835
1339181970999564
1339181975154062
1339181978821852
1339181982424284
1339181986091351
1339181989799402
1339181994048626
1339181998484130
1339182004274216
1339182007527658
1339182011146553
1339182014814126
1339182018969709
1339182023228305
1339182026942130
1339182030645801
1339182034131405
1339182038079708
1339182042737053
1339182047794204
1339182053042811
1339182057768187
1339182062185344
1339182066666828
1339182070792265
1339182075467943
1339182079771010
1339182083746533
1339182087813004
1339182092470423
1339182097205761
1339182102236928
1339182107414877
1339182111853320
1339182115437580
1339182118602117
1339182121781989
1339182125137218
1339182128611295
1339182131913834
1339182135085941
1339182142284887
1339182145809968
1339182149041267
1339182156443123
1339182159921168
1339182163348863
1339182170410743
1339182173796665
1339182177011096
1339182187232721
1339182198131119
1339182201620743
1339182204775135
1339182207935392
1339182211091603
1339182214426491
1339182217896376
1339182221304639
1339182224562553
1339182228130918
1339182232094480
1339182235740547
1339182239406180
1339182242864837
1339182246454258
1339182250935552
1339182255395117
1339182259764930
1339182264151118
1339182267891206
1339182271385902
1339182274974286
1339182279050192
1339182282808485
1339182286552098
1339182290264067
1339182294653286
1339182299347982
1339182304032716
1339182309003322
1339182314245114
