1339071220840550
1339072225288483
1339073228825679
1339074233133101
1339075237897120
1339076243390255
1339077247398129
1339078251171560
1339079254810432
1339080257765513
1339081261327257
1339082265132737
1339083271382470
1339084275786495
1339085284524334
1339086294345903
1339087304234515
1339088312015493
1339089316912274
1339090322277180
1339091330800076
1339092336826413
1339093344917059
1339094354660814
1339095361235396
1339096366875450
1339097370996809
1339098374280509
1339099377267261
1339100381314483
1339101385570249
1339102389387285
1339103397569591
1339104404720796
1339105411828484
1339106418711886
1339107426435914
1339108433878578
1339109440487715
1339110447059056
1339111454857568
1339112463121708
1339113468727107
1339114477198038
1339115486035569
1339116493705077
1339117500446811
1339118509900921
1339119519366784
1339120526556026
1339121532723758
1339122537982626
1339123541395950
1339124545571375
1339125549387714
1339126553122084
1339127557571839
1339128562594888
1339129567756905
1339130571973630
1339131576214693
1339132580789370
1339133585080300
1339134590061241
1339135594896328
1339136600264286
1339137605619682
1339138611096631
1339139616227692
1339140621156320
1339141625631348
1339142630729045
1339143635154086
1339144647423063
1339145658175041
1339146672162666
1339147684542355
1339148692649201
1339149698944002
1339150704861304
1339151710932928
1339152718085249
1339153725049250
1339154729645762
1339155735085783
1339156741272506
1339157745823282
1339158751488693
1339159757862908
1339160763903748
1339161770743380
1339162777299862
1339163783631720
1339164793792375
1339165808561464
1339166820904526
1339167833462342
1339168841324124
1339169848358275
1339170853424637
