1339178103949927
1339178108592306
1339178112771042
1339178120087451
1339178123869880
1339178127339336
1339178130541178
1339178133944856
1339178137297897
1339178140555874
1339178143706937
1339178150180603
1339178153887080
1339178157049298
1339178160267180
1339178163652835
1339178166821236
1339178170252968
1339178176752067
1339178183196550
1339178194865633
1339178198237126
1339178201561142
1339178204721473
1339178208140881
1339178211502982
1339178214722379
1339178219072886
1339178222170893
1339178225421850
1339178228843758
1339178231889501
1339178235078666
1339178238260932
1339178241671028
1339178245187735
1339178248377265
1339178251550960
1339178258305729
1339178261897741
1339178265142600
1339178268378879
1339178271583503
1339178274924042
1339178278265914
1339178281530924
1339178284822059
1339178288231512
1339178291517468
1339178294782379
1339178298125212
1339178301750616
1339178305257542
1339178308765861
1339178312118166
1339178315588813
1339178319047568
1339178322653340
1339178326106187
1339178329731213
1339178333803050
1339178337833222
1339178342186521
1339178346741852
1339178350947280
1339178355497504
1339178360594474
1339178369173657
1339178372438554
1339178375864706
1339178384066418
1339178387881985
1339178391468629
1339178394568920
1339178397957804
1339178401045220
1339178404216245
1339178407765010
1339178411404665
1339178415663834
1339178420078789
1339178424414696
1339178429112904
1339178433832859
1339178438533618
1339178443213790
1339178446979412
1339178450618502
1339178454210842
1339178457807250
1339178461472158
1339178465193523
1339178469709068
1339178474580366
1339178479306969
1339178483631166
1339178487097851
1339178490470345
1339178493788639
1339178497231072
