1338366211879667
1338367215313042
1338368218284651
1338369222168453
1338370226091159
1338371230012853
1338372234484260
1338373242866237
1338374247471093
1338375254126368
1338376259460962
1338377269922332
1338378279242790
1338379285531382
1338380289513446
1338381293228026
1338382298383165
1338383303066932
1338384310932088
1338385317499555
1338386323044146
1338387329895557
1338388336927510
1338389343907409
1338390351322574
1338391358768057
1338392369689522
1338393374235051
1338394378168600
1338395383646473
1338396387980970
1338397391952841
1338398395761537
1338399399090618
1338400403431781
1338401408896478
1338402415960169
1338403422421593
1338404430584381
1338405440052362
1338406447878020
1338407454134959
1338408459259839
1338409463430983
1338410470450933
1338411478498217
1338412488415963
1338413499379090
1338414511320141
1338415518500390
1338416529735894
1338417544643133
1338418556962344
1338419569028264
1338420579039961
1338421590922392
1338422601997925
1338423615267425
1338424628066528
1338425642573242
1338426654938672
1338427668994422
1338428681535796
1338429694826253
1338430704434563
1338431718222597
1338432729331503
1338433742554719
1338434754956310
1338435767985140
1338436782029416
1338437795385399
1338438809107859
1338439821898021
1338440827465506
1338441831780752
1338442836959014
1338443843300465
1338444854453911
1338445866277351
1338446879622069
1338447891411185
1338448903762529
1338449908700728
1338450918630042
1338451931570447
1338452941451967
1338453953460576
1338454961417267
1338455966904773
1338456973818902
1338457980553718
1338458988541363
1338459995215477
1338460999356047
1338462005014108
1338463010976164
1338464014507179
1338465020696116
1338466030950301
