1339185262469863
1339185265651808
1339185268738132
1339185271799729
1339185274992189
1339185278391055
1339185281798333
1339185285034039
1339185288284034
1339185291524211
1339185294758536
1339185298118465
1339185301510320
1339185304788752
1339185308261506
1339185311446178
1339185314656347
1339185317828585
1339185321046786
1339185325622581
1339185329084785
1339185332302566
1339185335602592
1339185338936694
1339185342179527
1339185345274652
1339185349120199
1339185352435051
1339185355552382
1339185359520696
1339185363330872
1339185367144964
1339185370817679
1339185374605449
1339185382004838
1339185386336421
1339185390432968
1339185393601825
1339185396765508
1339185400075339
1339185403602054
1339185407731602
1339185411826634
1339185416927360
1339185422386543
1339185427832410
1339185434275576
1339185441053814
1339185446010350
1339185450956070
1339185455492488
1339185459556536
1339185463641266
1339185467442034
1339185471316751
1339185475082089
1339185478876043
1339185482573633
1339185486303492
1339185490038689
1339185494317763
1339185498798065
1339185502828743
1339185506945879
1339185511017132
1339185515306530
1339185519546674
1339185524029354
1339185527385465
1339185531050391
1339185534537818
1339185538874401
1339185542767200
1339185546299991
1339185549836212
1339185553350225
1339185556921894
1339185560449637
1339185563959355
1339185567498326
1339185571003888
1339185574748154
1339185578540315
1339185582302120
1339185586226461
1339185590092310
1339185593752333
1339185597403594
1339185601997946
1339185606251339
1339185610418762
1339185614133926
1339185617936993
1339185621595210
1339185625673592
1339185629940814
1339185634415000
1339185638532567
1339185642787566
1339185647399191
