1338367213714315
1338368216850483
1338369220160181
1338370224200152
1338371228048717
1338372232180588
1338373237250257
1338374245338228
1338375250134330
1338376257184449
1338377262673110
1338378275074825
1338379282733630
1338380287687434
1338381291462173
1338382295460867
1338383300852070
1338384305486775
1338385314500708
1338386320332427
1338387326444635
1338388333170497
1338389340203985
1338390347463745
1338391355029857
1338392363363660
1338393372526794
1338394376181634
1338395380559109
1338396385720709
1338397390069524
1338398393933651
1338399397593469
1338400401242670
1338401405929753
1338402411857296
1338403419488268
1338404425758868
1338405434524967
1338406443874239
1338407451174621
1338408456700272
1338409461267663
1338410466152909
1338411474559006
1338412482407547
1338413493380904
1338414505364797
1338415515926207
1338416521985732
1338417535877566
1338418550532852
1338419561948151
1338420573302237
1338421584420297
1338422596387256
1338423607992439
1338424621141612
1338425635624844
1338426647540074
1338427660626793
1338428673964992
1338429686862487
1338430698316507
1338431710563292
1338432722504078
1338433734577995
1338434748183274
1338435761103105
1338436773654807
1338437787190066
1338438801620815
1338439814164407
1338440825216549
1338441829666429
1338442834198436
1338443839845543
1338444847558521
1338445859842988
1338446872633159
1338447884149690
1338448897038208
1338449907084837
1338450912036315
1338451924292175
1338452935986741
1338453946681129
1338454957144216
1338455963622812
1338456969377579
1338457978047529
1338458983993907
1338459992073058
1338460997718434
1338462001567650
1338463008514141
1338464013093203
1338465016761037
1338466025024918
1338467036266240
