1339178501369835
1339178505018408
1339178508735611
1339178512639913
1339178516950325
1339178521211797
1339178526773828
1339178530863817
1339178534952431
1339178540360079
1339178545129787
1339178549085863
1339178553227230
1339178557231322
1339178560621903
1339178564153376
1339178567884412
1339178571641358
1339178575606530
1339178579606836
1339178583030960
1339178586671990
1339178590076923
1339178593620838
1339178597325679
1339178600963685
1339178604651063
1339178608381222
1339178612492751
1339178616514939
1339178620947343
1339178625919020
1339178630900872
1339178634162772
1339178637448271
1339178640619109
1339178643642429
1339178646702096
1339178650521835
1339178654739832
1339178658773781
1339178662587961
1339178667069855
1339178671299770
1339178679905402
1339178687692058
1339178691303894
1339178694624056
1339178698036254
1339178701728060
1339178705696443
1339178709670778
1339178714276840
1339178718838630
1339178723710143
1339178729498174
1339178733923847
1339178737092160
1339178740302265
1339178743803230
1339178747378555
1339178751847998
1339178756203380
1339178760845351
1339178765740412
1339178770593388
1339178774827856
1339178778907610
1339178782862906
1339178787889063
1339178794061686
1339178799506699
1339178804106280
1339178808683237
1339178813128757
1339178817654504
1339178822619532
1339178827736753
1339178832778831
1339178837682025
1339178842661825
1339178847572672
1339178850908197
1339178854488365
1339178858127177
1339178863460867
1339178868205536
1339178872347416
1339178877232528
1339178881581787
1339178885597896
1339178889327130
1339178893037132
1339178896848743
1339178900550312
1339178905185133
1339178908670556
1339178911816764
1339178914864325
1339178917963085
