1339180649482082
1339180658737422
1339180663092381
1339180667265763
1339180672481147
1339180676976819
1339180681204218
1339180685833288
1339180690708791
1339180694418332
1339180697998259
1339180701847189
1339180708144405
1339180714759589
1339180718102892
1339180721788551
1339180725354323
1339180728776055
1339180732177684
1339180735676127
1339180739158733
1339180742818521
1339180746814665
1339180751092743
1339180755536734
1339180760013872
1339180764061687
1339180767765262
1339180771630279
1339180775942937
1339180780789199
1339180785619838
1339180790798604
1339180795560162
1339180798858320
1339180802212695
1339180805761335
1339180809627384
1339180813417508
1339180817384204
1339180821232458
1339180824879671
1339180828665640
1339180832463962
1339180836621367
1339180841540094
1339180845977524
1339180850605009
1339180855669858
1339180861014567
1339180865607156
1339180870484736
1339180874952131
1339180879493188
1339180884294485
1339180889072689
1339180893616687
1339180897389774
1339180900937855
1339180904394570
1339180908105207
1339180912515207
1339180916897950
1339180921452628
1339180925781691
1339180929450395
1339180932976095
1339180936391104
1339180939737317
1339180943550712
1339180947702511
1339180951849165
1339180955998460
1339180960267390
1339180964935335
1339180969528155
1339180973905044
1339180978016701
1339180981895872
1339180985708902
1339180989523994
1339180993592938
1339180997879028
1339181003424860
1339181007274396
1339181010325914
1339181015866379
1339181019284345
1339181022682116
1339181026133296
1339181029465610
1339181033095823
1339181036484940
1339181039741375
1339181042907543
1339181046148615
1339181049541257
1339181052821328
1339181056647433
1339181060361016
