1336451459183728
1336452470821709
1336453481587057
1336454492845831
1336455504862145
1336456517955613
1336457528171533
1336458535284771
1336459541288336
1336460548382482
1336461555594240
1336462561390853
1336463565892733
1336464570729962
1336465574542076
1336466579055099
1336467585102409
1336468593890895
1336469602512345
1336470610552693
1336471623303215
1336472636490181
1336473647771257
1336474657416313
1336475668312136
1336476676775342
1336477688964779
1336478700447107
1336479706176908
1336480717021152
1336481727002224
1336482732391284
1336483743438156
1336484748365112
1336485760812448
1336486772623418
1336487781618815
1336488789489349
1336489798677462
1336490811019525
1336491819728643
1336492829816119
1336493838463263
1336494851115181
1336495861639114
1336496866975188
1336497877421465
1336498888681185
1336499898644407
1336500910845182
1336501922102639
1336502928643033
1336503940545823
1336504949955859
1336505955781773
1336506967422718
1336507976969925
1336508985893167
1336509993979856
1336511001394339
1336512011472779
1336513018523363
1336514028828365
1336515036760386
1336516043454168
1336517052325249
1336518065416282
1336519077359982
1336520088648314
1336521100089625
1336522110265237
1336523121813325
1336524132797323
1336525145474798
1336526157520618
1336527166881209
1336528176745495
1336529187568413
1336530192790380
1336531202583103
1336532210546188
1336533218986641
1336534229464328
1336535237814476
1336536249247470
1336537260596180
1336538269069078
1336539279753864
1336540288249039
1336541300632717
1336542307145783
1336543311819721
1336544317237431
1336545327353892
1336546337093594
1336547347979278
1336548356458719
1336549368044155
1336550371528971
1336551375137518
