1339180209396646
1339180212829924
1339180215883518
1339180219277869
1339180222855577
1339180229930289
1339180234688917
1339180239270210
1339180243934963
1339180248722085
1339180253577336
1339180257714096
1339180261671436
1339180265604086
1339180269751456
1339180273434188
1339180277336703
1339180281140847
1339180284925171
1339180288702780
1339180292481757
1339180296409011
1339180300483368
1339180304830590
1339180309166675
1339180313440654
1339180317810299
1339180322426807
1339180326999374
1339180331777864
1339180336822874
1339180342798169
1339180348343275
1339180353539763
1339180357806961
1339180362157900
1339180371705618
1339180375528595
1339180379441449
1339180382944570
1339180386314414
1339180389786849
1339180393501597
1339180397069314
1339180400623905
1339180404238686
1339180408149698
1339180411844750
1339180415299967
1339180419182528
1339180422995200
1339180426470988
1339180430455389
1339180434043910
1339180437973840
1339180441505496
1339180445139827
1339180448427555
1339180452106822
1339180455939109
1339180459933326
1339180463943204
1339180469092384
1339180474219673
1339180479475142
1339180483555612
1339180487412421
1339180494782377
1339180498817540
1339180502858035
1339180507702589
1339180512719896
1339180517574441
1339180522741680
1339180526729528
1339180530304551
1339180533783070
1339180537164673
1339180541013079
1339180544699191
1339180548288176
1339180551590057
1339180555751513
1339180560057803
1339180564491125
1339180569482982
1339180574400051
1339180579063171
1339180584136294
1339180589394445
1339180594614324
1339180599657976
1339180605325382
1339180611892473
1339180617977246
1339180622964438
1339180627564592
1339180632191858
1339180637538018
1339180643538602
