1338064917456668
1338065930647168
1338066943592046
1338067955102990
1338068963915407
1338069970375398
1338070982379572
1338071987822074
1338072995232603
1338074004506033
1338075012190030
1338076019066557
1338077029657170
1338078040595706
1338079052549163
1338080060412563
1338081066973758
1338082073089617
1338083080936494
1338084085126490
1338085090054043
1338086100372409
1338087110300769
1338088116584921
1338089121392230
1338090128882204
1338091133662182
1338092137022791
1338093140788592
1338094144419830
1338095148150332
1338096151958937
1338097155683541
1338098159890386
1338099163627416
1338100168100845
1338101171473139
1338102175090885
1338103179164192
1338104183243500
1338105186882336
1338106190399616
1338107194792659
1338108199684451
1338109203239289
1338110207441582
1338111210894423
1338112214637433
1338113218772972
1338114222671749
1338115227231975
1338116234403659
1338117240675687
1338118249189948
1338119253673087
1338120256974070
1338121260876481
1338122265493418
1338123276046911
1338124280651547
1338125288554639
1338126292751893
1338127299348557
1338128305174786
1338129315972540
1338130324786951
1338131333576605
1338132343138481
1338133351599168
1338134361008228
1338135368792868
1338136372830467
1338137377107525
1338138380958472
1338139386420566
1338140391373595
1338141396502287
1338142402600173
1338143408993270
1338144416311516
1338145424029115
1338146429319881
1338147436939447
1338148444304542
1338149452497179
1338150457586749
1338151466649614
1338152475979936
1338153487028629
1338154496373700
1338155503901276
1338156513530623
1338157524588513
1338158535658883
1338159546942441
1338160559894288
1338161573905745
1338162584886581
1338163592500759
1338164601328584
