1337258042324836
1337259048782128
1337260055490958
1337261061488870
1337262068374475
1337263077525095
1337264085905434
1337265095775325
1337266105133134
1337267114296815
1337268122060955
1337269129675132
1337270136438264
1337271140612948
1337272146963826
1337273157873964
1337274172222986
1337275180028153
1337276191582493
1337277203957097
1337278214912462
1337279223837082
1337280229108913
1337281241308766
1337282254599503
1337283268950132
1337284278838066
1337285293643357
1337286305821436
1337287317411356
1337288329552464
1337289343185771
1337290357647286
1337291369957933
1337292382139608
1337293391769507
1337294401062328
1337295413301030
1337296427150324
1337297441380443
1337298452772757
1337299466984496
1337300481105410
1337301494835962
1337302505038820
1337303517436036
1337304529974289
1337305542109383
1337306549588623
1337307561493397
1337308574342375
1337309584799444
1337310596172453
1337311608348228
1337312622818688
1337313633963455
1337314647657914
1337315660174286
1337316674874604
1337317688479007
1337318702876867
1337319715849503
1337320727857386
1337321739984643
1337322752421729
1337323763313394
1337324775769409
1337325786164845
1337326800074894
1337327812732619
1337328824603928
1337329833167089
1337330841769951
1337331854038762
1337332866325572
1337333870769391
1337334875025222
1337335879485615
1337336883211449
1337337886675224
1337338891054439
1337339903401654
1337340907579081
1337341912602375
1337342917189121
1337343920808878
1337344924408143
1337345927491696
1337346930589665
1337347938539340
1337348951936421
1337349965506954
1337350978630218
1337351988532961
1337352996971033
1337354002568895
1337355008917361
1337356014614178
1337357021971443
1337358027558483
