1337459688701847
1337460698083487
1337461709725233
1337462722997355
1337463733623411
1337464746285075
1337465751641522
1337466759552384
1337467767920796
1337468778268951
1337469789326510
1337470795894982
1337471800476588
1337472804959999
1337473809381472
1337474812701723
1337475820143160
1337476831921750
1337477843179781
1337478848907052
1337479858680667
1337480867140465
1337481873222077
1337482881882325
1337483890160706
1337484900928603
1337485912794739
1337486923362625
1337487935162149
1337488940156404
1337489950309828
1337490962319863
1337491974404882
1337492986387365
1337493996415553
1337495002739665
1337496006479834
1337497010590639
1337498015376659
1337499022255849
1337500026718038
1337501032444606
1337502044336773
1337503048814344
1337504052938966
1337505060139191
1337506069480801
1337507077465255
1337508087583317
1337509095206602
1337510107779337
1337511116572103
1337512128262850
1337513132067120
1337514135117833
1337515139441652
1337516145647939
1337517149372355
1337518152994683
1337519156192639
1337520159222736
1337521162874664
1337522166789825
1337523170610525
1337524174330615
1337525178534220
1337526182200765
1337527185790010
1337528188657103
1337529192675663
1337530196495028
1337531200123482
1337532203771999
1337533207511276
1337534211208732
1337535214325235
1337536218660541
1337537222255594
1337538227585678
1337539231708466
1337540235789802
1337541239089504
1337542242320867
1337543246043066
1337544250308628
1337545255014862
1337546258381768
1337547265210479
1337548271065104
1337549274685356
1337550283934094
1337551289274930
1337552296675026
1337553301432287
1337554305046122
1337555310448006
1337556313932250
1337557317301507
1337558324902135
1337559331382873
