1339175133983765
1339175137399461
1339175140535949
1339175143950388
1339175147005295
1339175150200609
1339175153424792
1339175156725786
1339175159860163
1339175163507628
1339175166739765
1339175170012919
1339175173314198
1339175176632125
1339175179974951
1339175183301286
1339175186476085
1339175189858720
1339175193113568
1339175196487718
1339175199655525
1339175202895584
1339175206185312
1339175209315467
1339175212565374
1339175218919033
1339175222777555
1339175226034894
1339175229517077
1339175235505805
1339175238663334
1339175241947437
1339175248540803
1339175252011177
1339175255134098
1339175258845191
1339175261952969
1339175265327898
1339175268767062
1339175272231804
1339175276200571
1339175281088857
1339175285719354
1339175290632069
1339175295180086
1339175299105938
1339175303034217
1339175306776351
1339175310504185
1339175314289039
1339175318018961
1339175322414802
1339175326920036
1339175332016515
1339175336604401
1339175341146645
1339175344936580
1339175348528931
1339175351974580
1339175355498542
1339175359749340
1339175364310989
1339175368693895
1339175372738035
1339175376900664
1339175380099769
1339175383366088
1339175386700210
1339175390165664
1339175393569750
1339175396894214
1339175400148217
1339175403621820
1339175407385027
1339175411529382
1339175416250130
1339175421742919
1339175426809373
1339175431646201
1339175436171589
1339175440976354
1339175445870105
1339175449508598
1339175453482081
1339175457483462
1339175461887069
1339175466106305
1339175469780058
1339175473320649
1339175476771562
1339175479980210
1339175482969375
1339175486411118
1339175489531347
1339175492828137
1339175496762256
1339175500690401
1339175504976817
1339175509092962
1339175513227086
