1339183981630938
1339183985431443
1339183989025520
1339183992701953
1339183996563158
1339184000801489
1339184005465310
1339184009427346
1339184013129333
1339184016797437
1339184020266809
1339184023973188
1339184027854990
1339184031766764
1339184035361856
1339184038619510
1339184041927421
1339184045231518
1339184048546947
1339184051883511
1339184055322073
1339184058607089
1339184061821745
1339184065025649
1339184068463584
1339184072409543
1339184076179204
1339184080049156
1339184083858931
1339184088102210
1339184093402625
1339184099000381
1339184105814014
1339184111572748
1339184117229873
1339184123059748
1339184126784975
1339184129904689
1339184133109226
1339184136198372
1339184139350069
1339184142506129
1339184152540703
1339184157249065
1339184168746814
1339184172481414
1339184176136186
1339184187608229
1339184200456864
1339184204943720
1339184208107642
1339184211625779
1339184215289113
1339184218958408
1339184222329196
1339184226062981
1339184230079553
1339184234011962
1339184238002603
1339184242185077
1339184246245332
1339184249887329
1339184253458146
1339184257361949
1339184260917300
1339184264579352
1339184269116154
1339184273733093
1339184279436690
1339184285595737
1339184291138070
1339184297195971
1339184302933915
1339184307540058
1339184311804446
1339184315826869
1339184319703357
1339184323326515
1339184327100564
1339184330905136
1339184334516909
1339184338101762
1339184341993953
1339184345618017
1339184349383165
1339184353678012
1339184357272498
1339184361371100
1339184365006537
1339184369174376
1339184373461748
1339184377526981
1339184381689635
1339184385695920
1339184389558748
1339184393435254
1339184397351523
1339184401225907
1339184405136993
1339184409459588
