1339182318719857
1339182324243866
1339182329430011
1339182335657165
1339182339224088
1339182342318685
1339182345457119
1339182349790112
1339182353740448
1339182357323255
1339182361368303
1339182364951139
1339182368528989
1339182375305068
1339182378633039
1339182382348067
1339182390643225
1339182394344537
1339182397863909
1339182401237255
1339182404800118
1339182408556410
1339182412366663
1339182416417410
1339182420735604
1339182425016911
1339182430086514
1339182435222896
1339182439917477
1339182444440975
1339182450000885
1339182454874609
1339182459829795
1339182465263866
1339182469151355
1339182472411860
1339182475867519
1339182479820863
1339182483291757
1339182486777965
1339182490381132
1339182496080136
1339182499492837
1339182503822804
1339182508506914
1339182513164221
1339182518076051
1339182522398453
1339182526850924
1339182530499972
1339182534294233
1339182537884517
1339182541188180
1339182544597027
1339182548954974
1339182553732798
1339182558173149
1339182562285416
1339182566406890
1339182570827624
1339182576307544
1339182581049110
1339182585886023
1339182590409468
1339182595638251
1339182601922567
1339182607092585
1339182612146407
1339182615741600
1339182619406141
1339182622807832
1339182626648095
1339182631119094
1339182636261064
1339182640826789
1339182645384270
1339182650073962
1339182655039666
1339182659996455
1339182665590948
1339182670435156
1339182674951989
1339182680214457
1339182684687174
1339182688976849
1339182693419856
1339182697908450
1339182702676099
1339182706434821
1339182709825229
1339182713003860
1339182716153235
1339182719520086
1339182722932016
1339182726878014
1339182730752643
1339182734486157
1339182738576540
1339182745005485
1339182751546360
