1339184413860478
1339184417606033
1339184421713019
1339184426650310
1339184431848127
1339184436567752
1339184441662322
1339184445408282
1339184449205061
1339184453004761
1339184456614381
1339184460240639
1339184463771133
1339184467265996
1339184470725383
1339184474486830
1339184478249439
1339184482046232
1339184486584632
1339184491446894
1339184496728308
1339184501382525
1339184505992315
1339184511729208
1339184517301066
1339184521810831
1339184525909098
1339184530159166
1339184534987456
1339184539522615
1339184543381334
1339184546909714
1339184550614515
1339184554266217
1339184558806197
1339184563333435
1339184567898604
1339184572118717
1339184575841341
1339184579600308
1339184583298397
1339184586904811
1339184590496101
1339184594152418
1339184597733512
1339184601294704
1339184604896801
1339184608326945
1339184612289783
1339184615957484
1339184620446011
1339184624903242
1339184629458062
1339184633355179
1339184637281869
1339184641103068
1339184644887053
1339184648685863
1339184652456475
1339184656890623
1339184661083042
1339184665321815
1339184669731207
1339184675037784
1339184680179939
1339184685310135
1339184690049885
1339184694652836
1339184700055098
1339184705402848
1339184709854078
1339184714272319
1339184718499549
1339184722722105
1339184727947106
1339184733529126
1339184739097169
1339184745730932
1339184750103717
1339184754062889
1339184757920094
1339184761675932
1339184765158755
1339184769711005
1339184780196792
1339184785106986
1339184788260686
1339184791619488
1339184795093540
1339184798691288
1339184802596111
1339184806700728
1339184810968140
1339184816031597
1339184821734995
1339184827388698
1339184832574636
1339184838119868
1339184843682540
1339184850303707
