1338164608781446
1338165618348989
1338166628445238
1338167638634656
1338168644783800
1338169650323758
1338170655454819
1338171659669412
1338172662854151
1338173672304788
1338174684452492
1338175698065807
1338176706970451
1338177718238899
1338178731772040
1338179743957352
1338180748192890
1338181752076941
1338182759734246
1338183765216853
1338184770457146
1338185775923752
1338186781512026
1338187791970777
1338188801398103
1338189812212323
1338190824618694
1338191831653050
1338192843755999
1338193856091038
1338194868946729
1338195882153573
1338196894724981
1338197906116653
1338198919787595
1338199933157197
1338200940475765
1338201952684121
1338202967587103
1338203980427653
1338204989652969
1338206001848012
1338207009320084
1338208014490570
1338209019747633
1338210027291873
1338211036159246
1338212046392310
1338213059001890
1338214065500981
1338215075793662
1338216088784079
1338217101293661
1338218113153789
1338219121248092
1338220125894784
1338221129345161
1338222133928097
1338223137182828
1338224141208247
1338225145148344
1338226149026869
1338227153486868
1338228157177007
1338229161099618
1338230165337858
1338231168989891
1338232173078295
1338233177435456
1338234181424755
1338235185531523
1338236189704315
1338237194063255
1338238197688332
1338239202018623
1338240205773818
1338241209377209
1338242213261776
1338243217234401
1338244221169288
1338245224843013
1338246228367786
1338247232257036
1338248238456755
1338249244090841
1338250249226925
1338251256602081
1338252264109461
1338253271574526
1338254278792096
1338255288079668
1338256297570044
1338257307107666
1338258316804173
1338259328681807
1338260333737261
1338261343893783
1338262352537451
1338263359101287
1338264364729451
