1337762512077374
1337763522977832
1337764535774458
1337765547912752
1337766560601380
1337767572732015
1337768582664328
1337769595881665
1337770609562911
1337771620902332
1337772632204972
1337773636509820
1337774643030229
1337775649022907
1337776661542257
1337777667436339
1337778678954963
1337779686155269
1337780695842048
1337781705710346
1337782715853927
1337783720745436
1337784725860859
1337785734684612
1337786739674157
1337787747527373
1337788754675520
1337789760265187
1337790764178105
1337791772084201
1337792783773453
1337793797357004
1337794808471998
1337795817114740
1337796827780738
1337797838357876
1337798851233966
1337799862635096
1337800874749443
1337801885337387
1337802895764344
1337803908659532
1337804921542223
1337805932475702
1337806940627378
1337807954761499
1337808964680289
1337809975820665
1337810987196246
1337811998293028
1337813008310650
1337814013954725
1337815020532863
1337816027444503
1337817039748266
1337818050336976
1337819058267770
1337820067970533
1337821081267661
1337822094091044
1337823104699080
1337824115850931
1337825125115630
1337826131486520
1337827135295283
1337828139273109
1337829142799845
1337830147101599
1337831151210740
1337832155320599
1337833159329429
1337834162583110
1337835165415679
1337836168592734
1337837172533950
1337838177227891
1337839181247138
1337840185625973
1337841189557660
1337842193322113
1337843197297198
1337844201031647
1337845204805173
1337846209601474
1337847215108944
1337848219102886
1337849222949390
1337850227395502
1337851231647961
1337852235517756
1337853239531185
1337854243733099
1337855250796715
1337856256278447
1337857260589676
1337858267904480
1337859274215581
1337860280615934
1337861289932472
1337862299263154
