1339183179964529
1339183183195780
1339183186504696
1339183189967301
1339183193152146
1339183196486588
1339183199681146
1339183202929672
1339183206233417
1339183209402612
1339183212885812
1339183216323747
1339183219613041
1339183222885863
1339183226197905
1339183229750254
1339183233246335
1339183236418059
1339183239577994
1339183243111645
1339183246566250
1339183250139390
1339183253719897
1339183257450475
1339183261454346
1339183265617185
1339183269751491
1339183274890467
1339183280239878
1339183286217581
1339183291137426
1339183296208227
1339183302335945
1339183309004173
1339183314724882
1339183320151682
1339183325841647
1339183331853074
1339183337726628
1339183341944875
1339183346086383
1339183351313729
1339183356687158
1339183361147394
1339183365134298
1339183369423120
1339183373852721
1339183378250707
1339183381852083
1339183385031568
1339183388244081
1339183391554963
1339183394799860
1339183398169853
1339183401728158
1339183405966000
1339183409898855
1339183413832180
1339183417733001
1339183421293549
1339183424627359
1339183427944437
1339183432127967
1339183435787600
1339183439138048
1339183442427717
1339183445834680
1339183449266525
1339183452706201
1339183456148815
1339183459541798
1339183462935782
1339183466325035
1339183470035935
1339183473665654
1339183477575435
1339183481577925
1339183485851894
1339183489797063
1339183494281612
1339183499013489
1339183503810059
1339183508793004
1339183513761542
1339183518719730
1339183522511366
1339183526451729
1339183530102713
1339183533836670
1339183537563497
1339183541647610
1339183546800941
1339183551582238
1339183555371963
1339183558982259
1339183564108734
1339183568614007
1339183572171558
1339183575755464
1339183579504193
