1335242542066641
1335243548732155
1335244555551910
1335245561116411
1335246566227293
1335247572575734
1335248579459720
1335249585649585
1335250590229343
1335251595938228
1335252601815526
1335253608297315
1335254612368231
1335255618544238
1335256626310028
1335257632762864
1335258638673467
1335259646389401
1335260651441287
1335261656697643
1335262661285382
1335263665917437
1335264671681761
1335265677999080
1335266683705691
1335267689783547
1335268695351380
1335269702329765
1335270707763114
1335271715169656
1335272722066236
1335273728593626
1335274735038058
1335275741422328
1335276748333422
1335277755083175
1335278761035447
1335279766823190
1335280773174769
1335281779257760
1335282785184839
1335283791549784
1335284796815092
1335285802717089
1335286808609814
1335287813161676
1335288817323964
1335289822589444
1335290827665950
1335291834146671
1335292840327276
1335293846304065
1335294851460902
1335295858031085
1335296863881198
1335297870322390
1335298875431931
1335299881144496
1335300886875273
1335301892509956
1335302898717805
1335303905578438
1335304911865812
1335305918011069
1335306923008041
1335307929594425
1335308936744180
1335309943084129
1335310950322229
1335311956974537
1335312963060093
1335313969125374
1335314974615858
1335315980030628
1335316985048771
1335317990891260
1335318995692484
1335320004116045
1335321009056479
1335322014279063
1335323018712811
1335324025202387
1335325030915670
1335326038306046
1335327044524033
1335328050497658
1335329056085770
1335330062617533
1335331068830969
1335332077037552
1335333082707466
1335334088686398
1335335094381127
1335336099218928
1335337105317945
1335338112622753
1335339118677442
1335340124124800
1335341131547345
1335342138249174
