1337258042330804
1337259048788842
1337260055499818
1337261061494888
1337262068384268
1337263077535391
1337264085916315
1337265095783063
1337266105144673
1337267114305986
1337268122069081
1337269129685931
1337270136444942
1337271140617417
1337272146974391
1337273157886629
1337274172238862
1337275180037104
1337276191591797
1337277203965587
1337278214921665
1337279223847874
1337280229115200
1337281241324186
1337282254612157
1337283268958423
1337284278849121
1337285293651465
1337286305835475
1337287317421579
1337288329564074
1337289343200302
1337290357663433
1337291369968184
1337292382151369
1337293391779067
1337294401076565
1337295413311712
1337296427166246
1337297441395010
1337298452782768
1337299466997362
1337300481121551
1337301494851808
1337302505045295
1337303517444896
1337304529983766
1337305542115841
1337306549599912
1337307561505251
1337308574358667
1337309584812754
1337310596184658
1337311608357800
1337312622836008
1337313633973463
1337314647676244
1337315660188947
1337316674885432
1337317688494768
1337318702886904
1337319715857777
1337320727874937
1337321739991689
1337322752434658
1337323763321302
1337324775782295
1337325786172057
1337326800083001
1337327812745179
1337328824617870
1337329833177089
1337330841783422
1337331854049140
1337332866333338
1337333870776623
1337334875035244
1337335879489993
1337336883216664
1337337886679810
1337338891064173
1337339903420136
1337340907586775
1337341912609520
1337342917197823
1337343920816940
1337344924415797
1337345927498199
1337346930595844
1337347938551753
1337348951950384
1337349965513171
1337350978639846
1337351988540677
1337352996981396
1337354002577726
1337355008925438
1337356014620212
1337357021982313
1337358027562600
