1335947704569748
1335948710362233
1335949714561139
1335950719281079
1335951727170043
1335952732253990
1335953738160974
1335954746946791
1335955753069845
1335956764431550
1335957772837345
1335958783502375
1335959792019692
1335960797034112
1335961806251324
1335962811207329
1335963821286463
1335964829222752
1335965839675010
1335966845041096
1335967855396435
1335968863007547
1335969868294551
1335970875628689
1335971881970508
1335972887983889
1335973893673653
1335974897669248
1335975903249151
1335976908243957
1335977916699728
1335978923012554
1335979934779649
1335980942840509
1335981950269169
1335982962247649
1335983974433302
1335984987687907
1335985999097272
1335987007387818
1335988012802198
1335989018593469
1335990028411519
1335991038386866
1335992046139203
1335993058401573
1335994070156594
1335995079813582
1335996092331853
1335997104369457
1335998115706158
1335999123433242
1336000127226083
1336001135668631
1336002146497933
1336003154201674
1336004161795806
1336005165273114
1336006169772337
1336007174953851
1336008187678988
1336009196299430
1336010206573394
1336011216862254
1336012222545191
1336013229230694
1336014233917377
1336015240618456
1336016246734810
1336017252332577
1336018261097662
1336019267147431
1336020273511100
1336021279706783
1336022289722750
1336023297182684
1336024307915304
1336025318588635
1336026323493242
1336027330246673
1336028335142161
1336029343661084
1336030353582440
1336031365932467
1336032374615023
1336033378207092
1336034383779250
1336035387145338
1336036390744292
1336037394967764
1336038398848183
1336039404814284
1336040409204905
1336041415760541
1336042421459582
1336043429466163
1336044435642327
1336045445739729
1336046454929535
1336047460845324
