1336854890339057
1336855899822638
1336856912585483
1336857923506002
1336858932767815
1336859945002894
1336860957465982
1336861967808241
1336862981328037
1336863993819613
1336865004343716
1336866012391445
1336867019227773
1336868027039362
1336869033503636
1336870043053631
1336871053925423
1336872064172889
1336873075532352
1336874086733058
1336875101309900
1336876111671301
1336877123809545
1336878136678187
1336879149089737
1336880163039515
1336881173147076
1336882180858297
1336883191646598
1336884202853980
1336885212056955
1336886225711533
1336887237406680
1336888249967987
1336889262312842
1336890269583495
1336891281681846
1336892292586694
1336893301837687
1336894314465629
1336895327148402
1336896342747629
1336897351748314
1336898364300089
1336899370639902
1336900376876383
1336901380947158
1336902385169915
1336903389736632
1336904394076893
1336905398482645
1336906403719797
1336907409391125
1336908414156603
1336909421104710
1336910426184014
1336911433948217
1336912442152870
1336913450215406
1336914454547303
1336915463496188
1336916472455659
1336917481492373
1336918487813697
1336919497034887
1336920506368972
1336921516462023
1336922526344506
1336923536119752
1336924546917555
1336925556067496
1336926570877474
1336927583653631
1336928595948616
1336929605529167
1336930616957187
1336931627539130
1336932640966728
1336933654467974
1336934666380137
1336935679535884
1336936693241712
1336937705744310
1336938717444318
1336939728141703
1336940738920166
1336941747946494
1336942759069942
1336943768537809
1336944773123507
1336945778276852
1336946782786258
1336947790096842
1336948795770243
1336949799196480
1336950803522353
1336951811796977
1336952820214660
1336953830838067
1336954839916867
