1339177231785525
1339177238717268
1339177241924606
1339177245050120
1339177251743451
1339177254797568
1339177258051924
1339177265418035
1339177268705661
1339177271901478
1339177275263183
1339177278760668
1339177282223117
1339177285713490
1339177289269881
1339177292560148
1339177296064874
1339177300035598
1339177303874891
1339177307846069
1339177311715990
1339177315689220
1339177319557048
1339177323680550
1339177327455455
1339177331511816
1339177336171308
1339177341327473
1339177346455361
1339177351832800
1339177356844203
1339177363121743
1339177367236010
1339177370521255
1339177373948923
1339177377972772
1339177381577395
1339177385137094
1339177388507232
1339177391778588
1339177394919562
1339177398498654
1339177402258012
1339177406225550
1339177410345413
1339177414478761
1339177418735193
1339177422639144
1339177426634962
1339177430879942
1339177435636305
1339177440133718
1339177444248934
1339177447854669
1339177451753582
1339177456389059
1339177460993355
1339177465345061
1339177470133112
1339177474775821
1339177479477192
1339177484313448
1339177494511065
1339177498247761
1339177502023763
1339177505609585
1339177508880316
1339177512474280
1339177516092504
1339177519862133
1339177524130801
1339177528457303
1339177532332241
1339177536097212
1339177539813741
1339177544863023
1339177549885555
1339177553793342
1339177557809940
1339177561880120
1339177566011500
1339177570263399
1339177574364967
1339177578575765
1339177583314125
1339177587296354
1339177591111318
1339177596336764
1339177601893675
1339177605759338
1339177609620543
1339177613609196
1339177618609620
1339177623841264
1339177627354577
1339177630701940
1339177634105299
1339177637803241
1339177642438336
1339177646805035
