1337862301573695
1337863306573685
1337864316684446
1337865327461730
1337866341396062
1337867347167723
1337868358191367
1337869367431752
1337870372392492
1337871376384423
1337872380420661
1337873384576167
1337874389475116
1337875393476495
1337876398058243
1337877402486203
1337878407016400
1337879412251780
1337880418025032
1337881424452244
1337882430412884
1337883434890322
1337884440036747
1337885446020612
1337886454375908
1337887462590533
1337888471137332
1337889483140540
1337890495663744
1337891505466166
1337892518318998
1337893532266685
1337894538241633
1337895544877955
1337896549472102
1337897558027369
1337898570066113
1337899583014376
1337900592580658
1337901602389081
1337902611896070
1337903626876343
1337904637640888
1337905648118276
1337906656072159
1337907666968659
1337908678066337
1337909690297487
1337910702203811
1337911713426812
1337912726020901
1337913737964297
1337914750069790
1337915762111731
1337916772905588
1337917784122475
1337918795560648
1337919806215034
1337920811991384
1337921821942269
1337922829709571
1337923841620072
1337924851193056
1337925857048578
1337926863999103
1337927877369455
1337928884310324
1337929896624768
1337930905057210
1337931916237447
1337932924409821
1337933937817564
1337934946168040
1337935957253358
1337936968094251
1337937979623883
1337938989491125
1337939998129423
1337941007234676
1337942012261423
1337943016535094
1337944021896534
1337945031593786
1337946044878103
1337947057675372
1337948064489994
1337949072185339
1337950083905930
1337951096513228
1337952105687317
1337953116210350
1337954122969448
1337955127006355
1337956131942662
1337957135496235
1337958139686363
1337959143138056
1337960146548365
1337961149961883
1337962154195188
