1339181896219315
1339181900202944
1339181904187196
1339181908341969
1339181912399143
1339181916508287
1339181920657427
1339181924389232
1339181928106237
1339181931811242
1339181936277651
1339181939621215
1339181942954615
1339181946244615
1339181950362160
1339181954128655
1339181958284400
1339181963528186
1339181968887984
1339181973691074
1339181977478496
1339181981023333
1339181984668579
1339181988463535
1339181992450016
1339181996790728
1339182002717404
1339182006068128
1339182009775687
1339182013306377
1339182017412263
1339182021622959
1339182025515521
1339182029177287
1339182032722765
1339182036329248
1339182040848114
1339182045913782
1339182050932035
1339182055790767
1339182060461119
1339182064839859
1339182069214388
1339182073668790
1339182078144493
1339182082177775
1339182086154179
1339182090723411
1339182095280212
1339182100030567
1339182105455223
1339182110146572
1339182114031566
1339182117412671
1339182120546208
1339182123788918
1339182127130801
1339182130580721
1339182133860189
1339182140766371
1339182144481278
1339182147742804
1339182151061470
1339182158586941
1339182161954452
1339182169093538
1339182172471970
1339182175736277
1339182183169267
1339182196384065
1339182200187074
1339182203552874
1339182206671261
1339182209841820
1339182213068411
1339182216387684
1339182219905560
1339182223173801
1339182226685741
1339182230509634
1339182234350730
1339182237927250
1339182241595560
1339182245022100
1339182249238079
1339182253697919
1339182258068009
1339182262466832
1339182266391191
1339182270018285
1339182273646046
1339182277136696
1339182281389589
1339182285083435
1339182288756117
1339182292814017
1339182297467329
1339182302158351
1339182307069518
1339182311974314
