1339176816041561
1339176821379522
1339176826302772
1339176830071511
1339176833920161
1339176837709509
1339176841661537
1339176845692585
1339176849909132
1339176854481989
1339176858354058
1339176862633805
1339176867229858
1339176871552756
1339176876261385
1339176881039822
1339176885803424
1339176889839548
1339176893554646
1339176897273644
1339176901065756
1339176905517204
1339176914674177
1339176918560900
1339176922541570
1339176926922582
1339176931586113
1339176935533009
1339176939504235
1339176943225684
1339176947248908
1339176951622350
1339176956042489
1339176960944920
1339176965844203
1339176969784822
1339176973787120
1339176977732795
1339176981260049
1339176985794031
1339176989556878
1339176994352116
1339176998165699
1339177002771659
1339177006076800
1339177009743321
1339177014195962
1339177018746132
1339177023519853
1339177027913545
1339177031990641
1339177036339985
1339177041788584
1339177045972422
1339177050062526
1339177054052550
1339177058099147
1339177062094287
1339177066010056
1339177070186220
1339177074997131
1339177079390264
1339177084447462
1339177089523085
1339177093879018
1339177097927477
1339177102046839
1339177106894363
1339177117243682
1339177121652047
1339177126083429
1339177129715307
1339177132961978
1339177136177355
1339177139572200
1339177142901145
1339177146181888
1339177149408444
1339177152674897
1339177155975033
1339177159199949
1339177162382128
1339177165682698
1339177168864783
1339177172067755
1339177175268802
1339177178645016
1339177185198249
1339177188427991
1339177192011744
1339177196096854
1339177199590282
1339177202762665
1339177205985010
1339177209322661
1339177212768779
1339177216053602
1339177220142711
1339177223500656
1339177226877863
