1335946702241633
1335947707900292
1335948712438096
1335949716753190
1335950724283336
1335951730014928
1335952735178628
1335953743942601
1335954749563412
1335955760811480
1335956768931040
1335957779870370
1335958788992984
1335959794582787
1335960802898794
1335961808694493
1335962817541042
1335963825072090
1335964837243231
1335965842054501
1335966851532060
1335967859682548
1335968866034129
1335969872722023
1335970879190728
1335971885532962
1335972891270761
1335973895697476
1335974900990420
1335975905705074
1335976913688535
1335977919929749
1335978930044079
1335979939563758
1335980946765757
1335981958184993
1335982969237265
1335983983395688
1335984994719373
1335986004711457
1335987010794636
1335988015841196
1335989024118226
1335990034845458
1335991041984558
1335992053788809
1335993065717963
1335994075484308
1335995087949497
1335996100149761
1335997110921613
1335998120755865
1335999125029845
1336000131853992
1336001142606737
1336002151230484
1336003159083399
1336004163510065
1336005168171864
1336006171365159
1336007183253579
1336008192871890
1336009201786044
1336010213427057
1336011220010137
1336012226764335
1336013231720850
1336014237999079
1336015244351209
1336016249597777
1336017257918627
1336018264774407
1336019270740421
1336020276824944
1336021286035271
1336022293548241
1336023303786944
1336024314951383
1336025320927850
1336026327658189
1336027332680158
1336028339850154
1336029349147426
1336030361938696
1336031371519082
1336032376339807
1336033381539677
1336034385559929
1336035389102337
1336036393331026
1336037397024403
1336038402399941
1336039407106004
1336040413151841
1336041418853947
1336042426255919
1336043432741508
1336044441124340
1336045451413730
1336046457974254
