1335745255977300
1335746260619303
1335747264955154
1335748269161291
1335749273932705
1335750285159986
1335751291569819
1335752303019387
1335753313776045
1335754326242824
1335755339302904
1335756351881219
1335757360344856
1335758367628459
1335759371797097
1335760376031535
1335761379183639
1335762383106498
1335763387641051
1335764392056774
1335765395760073
1335766399543958
1335767403758096
1335768407770309
1335769414345147
1335770419316058
1335771425308886
1335772432261706
1335773439835160
1335774445705549
1335775455525531
1335776461174913
1335777468993016
1335778478372884
1335779483355795
1335780486903321
1335781492734374
1335782499243778
1335783507345755
1335784512270023
1335785517602469
1335786521725411
1335787526677159
1335788531899840
1335789536985124
1335790542456455
1335791553299906
1335792559056968
1335793562583855
1335794567908794
1335795575104001
1335796582140092
1335797591596434
1335798597127341
1335799605108577
1335800611462986
1335801620036922
1335802630353849
1335803636156054
1335804644598449
1335805652117278
1335806659034900
1335807663956248
1335808673982664
1335809683474253
1335810693756887
1335811700340661
1335812708423700
1335813718955826
1335814730000702
1335815740528377
1335816749371606
1335817756527614
1335818763814859
1335819768525710
1335820772552622
1335821778526202
1335822786201653
1335823793796394
1335824803050535
1335825810701330
1335826816108128
1335827822442911
1335828828402576
1335829836295688
1335830841964561
1335831845289323
1335832849382101
1335833857378735
1335834863251163
1335835868957262
1335836875693114
1335837881586338
1335838886595016
1335839897739117
1335840908902836
1335841920853505
1335842928041658
1335843932913236
1335844940936115
