1335141969622676
1335142974989335
1335143980687291
1335144988701028
1335145994717075
1335147002334046
1335148006970351
1335149012831497
1335150017793348
1335151023675478
1335152029611563
1335153035342153
1335154041142985
1335155047774504
1335156053628617
1335157060130856
1335158065924723
1335159072569594
1335160078703748
1335161084916867
1335162091390675
1335163096880002
1335164103690012
1335165111292591
1335166117411990
1335167124098071
1335168131037086
1335169136842742
1335170142856481
1335171148755914
1335172155520937
1335173161718922
1335174167931222
1335175174508492
1335176180079820
1335177187493487
1335178192630505
1335179197436607
1335180200939790
1335181203874968
1335182207473297
1335183212294507
1335184219122066
1335185225081284
1335186230314576
1335187236265106
1335188243564467
1335189250473920
1335190256273714
1335191262975339
1335192269308930
1335193276268647
1335194282510915
1335195288417984
1335196295773444
1335197303209168
1335198309612401
1335199315642992
1335200319044356
1335201324947501
1335202330870601
1335203337069096
1335204341417476
1335205347655645
1335206352961429
1335207356320859
1335208360346666
1335209366587527
1335210371048360
1335211374604436
1335212378462863
1335213382152023
1335214385377518
1335215388930889
1335216392778764
1335217396518160
1335218400264772
1335219404473726
1335220409091254
1335221413285694
1335222417831309
1335223423775949
1335224430504896
1335225437577190
1335226444141029
1335227449967292
1335228456200580
1335229461452785
1335230466648877
1335231472224671
1335232478276178
1335233485226567
1335234491852614
1335235497897734
1335236502179303
1335237507989308
1335238515254833
1335239521887045
1335240529620709
1335241535672926
