1337964160499560
1337965164370744
1337966167989605
1337967172229090
1337968176359127
1337969180159436
1337970183334202
1337971186801783
1337972189869383
1337973193596991
1337974197657898
1337975201540280
1337976206036548
1337977209637404
1337978213512421
1337979218667350
1337980222267343
1337981226062243
1337982230115592
1337983233475947
1337984236624105
1337985239955709
1337986243731633
1337987248166843
1337988256301696
1337989261132380
1337990267073308
1337991271456515
1337992281677835
1337993288864213
1337994292941077
1337995300120933
1337996309883065
1337997318990757
1337998323613943
1337999331832267
1338000342093419
1338001350165809
1338002361930541
1338003372452783
1338004376319521
1338005382413258
1338006386206842
1338007390106269
1338008394971812
1338009400353894
1338010406067810
1338011410746571
1338012416490560
1338013422856545
1338014429490110
1338015438057569
1338016444627503
1338017451506800
1338018460113303
1338019468497198
1338020476352907
1338021485725072
1338022495646797
1338023506287916
1338024518395987
1338025529303176
1338026540878244
1338027553468153
1338028565603558
1338029575643022
1338030586715618
1338031599294844
1338032612830379
1338033623826414
1338034634857096
1338035641246906
1338036646836703
1338037651932135
1338038658101870
1338039664585481
1338040668639953
1338041679385022
1338042688510819
1338043697625495
1338044705044696
1338045712851626
1338046724390773
1338047728636468
1338048736135694
1338049745652399
1338050757829651
1338051770213348
1338052784589069
1338053796653087
1338054801789224
1338055813656470
1338056825145929
1338057837669585
1338058849601671
1338059860019560
1338060871085761
1338061878498895
1338062890946834
1338063903593071
