1338366212084172
1338367215546292
1338368218486074
1338369222454022
1338370226312500
1338371230283471
1338372234713156
1338373243267794
1338374248012994
1338375254616376
1338376259726821
1338377270751460
1338378279775766
1338379285833619
1338380289743108
1338381293403050
1338382298720930
1338383303314522
1338384311470793
1338385317846684
1338386323412160
1338387330332036
1338388337364367
1338389344363111
1338390351782531
1338391359189854
1338392370273463
1338393374442789
1338394378399802
1338395383918489
1338396388282946
1338397392158972
1338398395999362
1338399399300342
1338400403667725
1338401409251628
1338402416528738
1338403422765253
1338404431084230
1338405440709953
1338406448317480
1338407454482392
1338408459481525
1338409463775961
1338410470988873
1338411478926866
1338412489089701
1338413501048989
1338414511892587
1338415518754599
1338416530637263
1338417545452779
1338418557604585
1338419569697452
1338420579757384
1338421591664584
1338422602658181
1338423615981958
1338424628816743
1338425643110464
1338426655544758
1338427669556294
1338428682448113
1338429695182174
1338430705207466
1338431718633209
1338432729912434
1338433743343112
1338434755659571
1338435768611872
1338436782822593
1338437796226019
1338438809748383
1338439822605943
1338440827700004
1338441832075933
1338442837322555
1338443843729712
1338444855132476
1338445867140806
1338446880114904
1338447892230665
1338448904229854
1338449908942738
1338450920259182
1338451932325217
1338452942023120
1338453954251360
1338454961752342
1338455967206476
1338456974332411
1338457980983552
1338458989044388
1338459995590397
1338460999627675
1338462005536793
1338463011325857
1338464014774919
1338465021228132
1338466031668643
