1339178102419799
1339178107051883
1339178111269042
1339178116114435
1339178122600446
1339178126122338
1339178129428325
1339178132792243
1339178136202237
1339178139373492
1339178142651654
1339178149057598
1339178152557660
1339178155861306
1339178159132300
1339178162414304
1339178165751262
1339178169111665
1339178175577710
1339178179374695
1339178193441755
1339178197178296
1339178200470929
1339178203640444
1339178206880085
1339178210363016
1339178213596065
1339178217084272
1339178221097725
1339178224262406
1339178227623211
1339178230868789
1339178233903424
1339178237175757
1339178240411986
1339178243964956
1339178247159766
1339178250430686
1339178253624390
1339178260815828
1339178263966751
1339178267175449
1339178270455968
1339178273669333
1339178277146842
1339178280416162
1339178283675835
1339178287025425
1339178290430792
1339178293634690
1339178297030681
1339178300333407
1339178303941989
1339178307422365
1339178310914718
1339178314417245
1339178317831891
1339178321450297
1339178324951978
1339178328396953
1339178332360713
1339178336409590
1339178340559726
1339178345181160
1339178349491264
1339178353955791
1339178358793048
1339178363509574
1339178371277765
1339178374569033
1339178378021167
1339178386690781
1339178390288703
1339178393461000
1339178396717667
1339178399994754
1339178402983867
1339178406485262
1339178410111259
1339178414169613
1339178418582280
1339178422767509
1339178427437216
1339178432253279
1339178436878062
1339178441630605
1339178445721801
1339178449343794
1339178452998435
1339178456491176
1339178460142392
1339178463719961
1339178468131207
1339178472783959
1339178477665919
1339178482337670
1339178485837390
1339178489328118
1339178492615524
1339178495910135
