1337762511364936
1337763522153591
1337764534854600
1337765547210438
1337766559740397
1337767572163542
1337768581747210
1337769594851999
1337770608543212
1337771620130664
1337772631641935
1337773636023268
1337774642707609
1337775648102654
1337776661151682
1337777666607491
1337778678563841
1337779685461368
1337780695390078
1337781705004344
1337782715483729
1337783720339351
1337784725371404
1337785734276464
1337786739106692
1337787747070451
1337788753710978
1337789759945326
1337790763746405
1337791771040047
1337792782931325
1337793796336137
1337794807972050
1337795816099817
1337796826898741
1337797837440763
1337798850197063
1337799861723991
1337800874031426
1337801884721727
1337802894730187
1337803907617898
1337804920799700
1337805932010285
1337806939678314
1337807953741870
1337808964204386
1337809974813916
1337810986180451
1337811997266314
1337813007880879
1337814013534703
1337815019993147
1337816026641489
1337817038265516
1337818049789248
1337819057725396
1337820067228327
1337821080441017
1337822093257663
1337823104029843
1337824115056802
1337825124382629
1337826131135148
1337827134895934
1337828138909188
1337829142441987
1337830146745206
1337831150852768
1337832155007192
1337833158939874
1337834162249316
1337835165167959
1337836168274723
1337837172177720
1337838176830522
1337839180891682
1337840185271288
1337841189223412
1337842192965355
1337843196945398
1337844200675037
1337845204569814
1337846208581372
1337847214748421
1337848218743494
1337849222585412
1337850227062561
1337851231256814
1337852235127928
1337853239194254
1337854243273424
1337855250325632
1337856255921007
1337857260082857
1337858267429102
1337859273724418
1337860280070175
1337861289353259
1337862298909078
