1336450456553133
1336451466589368
1336452479235176
1336453489583561
1336454500502177
1336455514511630
1336456525240978
1336457532812227
1336458539348744
1336459545778398
1336460552940751
1336461559485777
1336462564436159
1336463569022330
1336464573123996
1336465577459863
1336466582855553
1336467590897037
1336468599503524
1336469607052662
1336470619650339
1336471632358512
1336472644360889
1336473653773838
1336474665553047
1336475672905510
1336476685210772
1336477697871709
1336478703578812
1336479714657264
1336480723757071
1336481729976303
1336482740355586
1336483745563855
1336484756868670
1336485769883340
1336486778792398
1336487786572319
1336488795162330
1336489807200290
1336490816629778
1336491827419265
1336492835166046
1336493846703731
1336494858968279
1336495864581454
1336496874291559
1336497884983442
1336498894951576
1336499908242921
1336500919645577
1336501925907420
1336502937791492
1336503946902219
1336504953163223
1336505963889563
1336506973840106
1336507983940810
1336508991167002
1336509998970219
1336511009274937
1336512016070334
1336513025589537
1336514034079830
1336515040956907
1336516048778267
1336517062179954
1336518073551725
1336519085701567
1336520096754510
1336521106882567
1336522118392220
1336523128846646
1336524141682101
1336525154237131
1336526163031589
1336527174502008
1336528184314308
1336529190661676
1336530199372766
1336531207564132
1336532215670580
1336533226800866
1336534234033240
1336535245732413
1336536258027121
1336537266280462
1336538276998851
1336539284826308
1336540297646589
1336541305324732
1336542309810397
1336543314749194
1336544324325572
1336545333428086
1336546344698013
1336547353368558
1336548366210651
1336549370354927
1336550373769361
