1338568710907254
1338569723513873
1338570734169658
1338571742209874
1338572745683581
1338573753929254
1338574765817613
1338575777365753
1338576788376627
1338577796719567
1338578808574353
1338579821648045
1338580833169188
1338581843885667
1338582854428248
1338583866658230
1338584876132408
1338585884556491
1338586894894639
1338587900962546
1338588906964031
1338589915699165
1338590929242428
1338591940307509
1338592951139245
1338593963023275
1338594974836198
1338595985872739
1338596993528357
1338598005784582
1338599013277232
1338600022722983
1338601029787164
1338602040683633
1338603047785300
1338604055349286
1338605060222627
1338606068098698
1338607074517933
1338608082047114
1338609086713298
1338610094528057
1338611104777602
1338612113307619
1338613123951700
1338614127595393
1338615131492890
1338616135212635
1338617139053642
1338618143110312
1338619146678186
1338620150536905
1338621154428505
1338622157673830
1338623162043805
1338624165322134
1338625169158166
1338626173467314
1338627178060226
1338628182124205
1338629186060215
1338630190261918
1338631193899776
1338632198136714
1338633201566147
1338634205692391
1338635209557221
1338636213748760
1338637217447824
1338638221127767
1338639225074909
1338640228904520
1338641232930358
1338642237006910
1338643240639657
1338644245192412
1338645248741356
1338646251990072
1338647255771367
1338648259993392
1338649263149702
1338650267125250
1338651273929663
1338652281868484
1338653287233868
1338654295624367
1338655302086254
1338656306179879
1338657316812657
1338658326346338
1338659334888202
1338660340370168
1338661345265132
1338662355481259
1338663364466356
1338664367803706
1338665371392775
1338666377448749
1338667384672875
1338668388050010
