1339178102184504
1339178106844508
1339178111026311
1339178115848766
1339178122435678
1339178125973802
1339178129277519
1339178132599573
1339178135994788
1339178139179332
1339178142503445
1339178148887015
1339178152097935
1339178155708249
1339178158943614
1339178162265057
1339178165600639
1339178168945576
1339178172141008
1339178179186961
1339178193157714
1339178197030645
1339178200309915
1339178203493491
1339178206737193
1339178210171715
1339178213445300
1339178216908062
1339178220947392
1339178224109297
1339178227465320
1339178230727297
1339178233754784
1339178237025157
1339178240238871
1339178243699090
1339178247004469
1339178250283402
1339178253464618
1339178260650433
1339178263826210
1339178267002773
1339178270294900
1339178273511904
1339178276983664
1339178280194317
1339178283528824
1339178286875492
1339178290285329
1339178293454142
1339178296880894
1339178300105745
1339178303773491
1339178307232850
1339178310758402
1339178314241195
1339178317667222
1339178321270664
1339178324772601
1339178328204167
1339178332148265
1339178336213957
1339178340338148
1339178344951917
1339178349286678
1339178353733633
1339178358522620
1339178363263573
1339178371090139
1339178374412691
1339178377832035
1339178386507881
1339178390121128
1339178393317730
1339178396508263
1339178399844152
1339178402838145
1339178406296529
1339178409927098
1339178413963675
1339178418364524
1339178422573829
1339178427199999
1339178431994861
1339178436664813
1339178441407895
1339178445548493
1339178449178594
1339178452827296
1339178456310552
1339178459959053
1339178463542288
1339178467896936
1339178472556513
1339178477444986
1339178482106409
1339178485683016
1339178489181102
1339178492464461
1339178495762592
