1337661027282391
1337662033713609
1337663036652696
1337664040345535
1337665045063813
1337666053105194
1337667063462256
1337668071849760
1337669076170667
1337670082787725
1337671088238764
1337672095003324
1337673104108925
1337674113703252
1337675117844084
1337676120877653
1337677125315841
1337678128746663
1337679132337469
1337680136428321
1337681140741497
1337682144438644
1337683147999439
1337684150978159
1337685154510501
1337686157593979
1337687160832997
1337688164844734
1337689167886205
1337690170833523
1337691174572522
1337692177976004
1337693181967728
1337694185756589
1337695189821806
1337696193493437
1337697196518964
1337698200462091
1337699204153159
1337700207927058
1337701215239358
1337702222544574
1337703226602664
1337704230211479
1337705233438861
1337706236543688
1337707239593066
1337708246905221
1337709251444267
1337710254669125
1337711258172922
1337712261556503
1337713265408583
1337714270388323
1337715275001518
1337716280872043
1337717286311818
1337718290881899
1337719294739201
1337720298833446
1337721302366264
1337722309884956
1337723315105504
1337724319255810
1337725324254803
1337726330969354
1337727336334194
1337728341217566
1337729348854142
1337730354710820
1337731363754243
1337732369117482
1337733373041385
1337734376620616
1337735380818213
1337736384259504
1337737387756042
1337738392173739
1337739396031790
1337740400955834
1337741405378644
1337742410300638
1337743415536856
1337744418438508
1337745423695696
1337746429806129
1337747436064241
1337748444185288
1337749450903575
1337750456217804
1337751461052863
1337752465602369
1337753469185122
1337754472627109
1337755476158985
1337756479699360
1337757483477847
1337758488893638
1337759493477911
1337760498644480
