1338165612649649
1338166621460373
1338167632639932
1338168642116580
1338169646377808
1338170652779603
1338171657464017
1338172661119894
1338173665626836
1338174675140933
1338175689046761
1338176701427131
1338177711451655
1338178723041096
1338179736113316
1338180745773637
1338181750032634
1338182754053714
1338183762944956
1338184766870459
1338185772736720
1338186777868929
1338187784687691
1338188796059704
1338189805443692
1338190816759613
1338191828744766
1338192834464403
1338193847513746
1338194860332080
1338195873413721
1338196886150305
1338197898990598
1338198910880819
1338199925023648
1338200936297844
1338201944159318
1338202958377505
1338203971871045
1338204984460575
1338205993928253
1338207005536948
1338208011275270
1338209016774803
1338210022883047
1338211030670027
1338212039810635
1338213050659538
1338214062332202
1338215068912877
1338216080512027
1338217093879421
1338218106474306
1338219117178947
1338220122958562
1338221127747902
1338222130907098
1338223135575290
1338224138632163
1338225142932077
1338226146826121
1338227150854633
1338228155095003
1338229158798867
1338230162996463
1338231167059858
1338232170523067
1338233174692470
1338234179051613
1338235183022683
1338236187276443
1338237191282019
1338238195750481
1338239199558643
1338240203498278
1338241207320555
1338242210965170
1338243214744399
1338244218678198
1338245223026007
1338246226307732
1338247230064983
1338248234113657
1338249241413696
1338250245981733
1338251251513150
1338252259674757
1338253266977784
1338254274823031
1338255281859646
1338256292174036
1338257300834125
1338258311598125
1338259321115212
1338260331679352
1338261336386690
1338262347653398
1338263355643241
1338264361368052
1338265366595548
