1338971460979600
1338972468545485
1338973478788962
1338974487076051
1338975498874414
1338976508749508
1338977520195586
1338978531238404
1338979541277118
1338980548900416
1338981558887023
1338982567616042
1338983572530764
1338984582098291
1338985591128818
1338986602739419
1338987613425438
1338988621140060
1338989629977210
1338990636705584
1338991643541129
1338992652196847
1338993662046484
1338994670866292
1338995678376386
1338996688748220
1338997697668763
1338998709980920
1338999721221505
1339000729474387
1339001737309860
1339002747075559
1339003758444064
1339004766050364
1339005774845739
1339006783937452
1339007790009758
1339008798700456
1339009805247414
1339010813867925
1339011820517334
1339012826551832
1339013830599477
1339014840289402
1339015850497089
1339016863384345
1339017870630215
1339018881814713
1339019889766914
1339020899099404
1339021908023065
1339022917322053
1339023927408678
1339024936045321
1339025947942379
1339026957118789
1339027967463420
1339028977963155
1339029986979076
1339030996269857
1339032002306905
1339033008114365
1339034015599832
1339035026933236
1339036037854253
1339037043468455
1339038050140356
1339039055859260
1339040068156220
1339041075860124
1339042087407330
1339043096226077
1339044102493309
1339045111872899
1339046121490313
1339047127481916
1339048131324574
1339049135587822
1339050139994274
1339051143595897
1339052147288351
1339053150624061
1339054154566431
1339055157531969
1339056160941409
1339057164128514
1339058168127540
1339059171897346
1339060176024464
1339061179261632
1339062182693259
1339063186308150
1339064190075230
1339065193774503
1339066197588695
1339067201207169
1339068205486646
1339069209085273
1339070213201293
1339071217226384
