1335141969097034
1335142974533440
1335143980021039
1335144988254989
1335145994214379
1335147001069131
1335148006589135
1335149012575120
1335150016554057
1335151023282263
1335152029267863
1335153034891260
1335154040738345
1335155047292679
1335156053168448
1335157059685226
1335158065442126
1335159072177472
1335160078200389
1335161084388535
1335162090764454
1335163096441833
1335164103126988
1335165110798571
1335166116803263
1335167123503011
1335168130665781
1335169136352512
1335170142402808
1335171148206265
1335172155138483
1335173161269072
1335174167502023
1335175174042500
1335176179602186
1335177186479659
1335178192307975
1335179197114700
1335180200629416
1335181203651757
1335182207121068
1335183211840804
1335184218656354
1335185224613934
1335186229877350
1335187235755227
1335188243070528
1335189249988232
1335190255892176
1335191262420198
1335192268734090
1335193275765844
1335194282112661
1335195287908442
1335196295252257
1335197302683164
1335198309084187
1335199315263139
1335200318596407
1335201324440156
1335202330375444
1335203336720386
1335204340915699
1335205347325093
1335206352089463
1335207355982392
1335208359975891
1335209366177162
1335210370766667
1335211374283923
1335212378108088
1335213381809441
1335214385110169
1335215388489195
1335216392461115
1335217396207755
1335218399915073
1335219404120661
1335220408709806
1335221412909959
1335222417431400
1335223423166846
1335224429997705
1335225436948518
1335226443669066
1335227449422764
1335228455789806
1335229460977651
1335230466181813
1335231471705342
1335232477678396
1335233484718024
1335234490741271
1335235497521988
1335236501726490
1335237507557073
1335238514759521
1335239521375542
1335240529090558
1335241535180460
