1339182320999597
1339182326273193
1339182331670403
1339182337121827
1339182340484632
1339182343631568
1339182347019975
1339182351460941
1339182355125814
1339182359048346
1339182362893955
1339182366406858
1339182373451544
1339182376562715
1339182380116081
1339182388537834
1339182392048995
1339182395662556
1339182399235308
1339182402553534
1339182406334217
1339182410041669
1339182414009799
1339182418116999
1339182422462760
1339182426831859
1339182432178666
1339182437057637
1339182441823088
1339182446439887
1339182451905007
1339182456995076
1339182461960857
1339182467055970
1339182470418764
1339182473880541
1339182477292728
1339182481209783
1339182484654282
1339182488136512
1339182493992525
1339182497432855
1339182501045028
1339182505665565
1339182510311443
1339182515286889
1339182519856514
1339182523867001
1339182528347066
1339182532093681
1339182535700103
1339182539186799
1339182542512300
1339182545991854
1339182550873767
1339182555488977
1339182559839184
1339182563937692
1339182567979467
1339182573449430
1339182578179287
1339182582940653
1339182587676055
1339182592421418
1339182597993907
1339182604007528
1339182609272956
1339182613610433
1339182617300402
1339182620775795
1339182624247151
1339182628387116
1339182633537475
1339182638116032
1339182642617365
1339182647122424
1339182652073012
1339182656976402
1339182662214999
1339182667660989
1339182672308832
1339182677244729
1339182682044648
1339182686394752
1339182690592468
1339182695080150
1339182699652734
1339182704137185
1339182707767218
1339182711160486
1339182714161911
1339182717610350
1339182720918678
1339182724563323
1339182728419490
1339182732222158
1339182736128538
1339182741672724
1339182749159484
1339182754524327
