1338266370424868
1338267374079246
1338268377330879
1338269380889506
1338270385807301
1338271390027178
1338272394293599
1338273399818867
1338274405889407
1338275411526317
1338276418067893
1338277425237981
1338278432614266
1338279442036384
1338280449142288
1338281456297825
1338282466050572
1338283478131924
1338284489626834
1338285500087487
1338286512937033
1338287525590220
1338288533563040
1338289544721660
1338290554124595
1338291566709516
1338292578947416
1338293592969921
1338294607786840
1338295620246571
1338296632183552
1338297646086182
1338298658611751
1338299670282822
1338300681452702
1338301694370152
1338302708095697
1338303720950048
1338304732793135
1338305745661470
1338306757196257
1338307771084404
1338308785224109
1338309799045305
1338310811779317
1338311822445106
1338312833481931
1338313841233747
1338314849802066
1338315854167615
1338316862070391
1338317867840946
1338318876162107
1338319885588259
1338320896016430
1338321903848766
1338322913905988
1338323924162234
1338324936686817
1338325945282073
1338326952580034
1338327959926617
1338328968356679
1338329975171260
1338330982329351
1338331991076364
1338333001899840
1338334010011265
1338335015824651
1338336022766852
1338337033141685
1338338045000968
1338339056495651
1338340068810100
1338341081349156
1338342092258366
1338343104999070
1338344115929542
1338345123356451
1338346130381239
1338347134627753
1338348137991942
1338349141824795
1338350146099897
1338351150256185
1338352154316899
1338353158498882
1338354162749441
1338355167226041
1338356171574836
1338357175198081
1338358179224391
1338359183243652
1338360187743092
1338361190934065
1338362194646370
1338363198447649
1338364202292367
1338365205701686
1338366209420991
