1335443750329468
1335444755118435
1335445759858402
1335446764378580
1335447769783086
1335448775365076
1335449780198354
1335450783829340
1335451787688579
1335452792996542
1335453799546466
1335454805715558
1335455809904708
1335456814810351
1335457820112221
1335458824107444
1335459829760227
1335460835935847
1335461842548185
1335462848866156
1335463854634346
1335464862492577
1335465868787023
1335466874741571
1335467880923687
1335468888134890
1335469895972184
1335470901475638
1335471906655467
1335472912576886
1335473918326567
1335474924795813
1335475930537061
1335476936755662
1335477942809560
1335478948272208
1335479955586733
1335480962055468
1335481969118969
1335482976087421
1335483982249553
1335484988598873
1335485994974115
1335487001868349
1335488007453808
1335489013426721
1335490020588604
1335491027146812
1335492032849104
1335493038025732
1335494044265475
1335495049362182
1335496055730627
1335497061380210
1335498067747887
1335499073563751
1335500079221895
1335501085564826
1335502091095674
1335503095587057
1335504101291586
1335505107885546
1335506114302441
1335507119811702
1335508125042396
1335509131698419
1335510138179615
1335511144303615
1335512150299121
1335513157037993
1335514163512915
1335515170433801
1335516177064398
1335517182291229
1335518189894586
1335519196176104
1335520201744583
1335521208775683
1335522220138394
1335523229651103
1335524237345326
1335525244273330
1335526254386155
1335527259465015
1335528265984351
1335529272874453
1335530278848663
1335531284960802
1335532290027457
1335533295151438
1335534300385923
1335535310129864
1335536321313114
1335537330819017
1335538341052648
1335539351966093
1335540361624784
1335541370208494
1335542375999101
1335543379320532
