1339186899109065
1339186902960468
1339186907392819
1339186911354133
1339186915255660
1339186919113632
1339186922857864
1339186926694538
1339186930678753
1339186934762371
1339186939074217
1339186943153530
1339186947181635
1339186951216471
1339186955055636
1339186958979824
1339186962793849
1339186966936993
1339186971875899
1339186975703283
1339186979218766
1339186983066994
1339186987166177
1339186991067401
1339186995481347
1339186999699392
1339187005709003
1339187010860707
1339187015977352
1339187021716450
1339187027901561
1339187034835994
1339187041204372
1339187045949644
1339187050691247
1339187055745750
1339187064262628
1339187071480308
1339187077775557
1339187082745817
1339187087828440
1339187093669202
1339187100436463
1339187106143491
1339187110856597
1339187115476113
1339187120505061
1339187125311433
1339187128698582
1339187132096829
1339187135683769
1339187138852253
1339187142305362
1339187145626961
1339187148893260
1339187152056996
1339187155337852
1339187158521513
1339187161699243
1339187164992976
1339187168271766
1339187171621126
1339187175121998
1339187178599089
1339187181908727
1339187185165881
1339187188537747
1339187191763069
1339187194942589
1339187198341731
1339187201514745
1339187204700589
1339187208006030
1339187211189030
1339187214527940
1339187217956680
1339187221123198
1339187224380208
1339187227720492
1339187230875495
1339187234154557
1339187237567702
1339187240960605
1339187244173028
1339187247388924
1339187250555743
1339187253874611
1339187257209129
1339187260557739
1339187264131626
1339187267679642
1339187271635515
1339187275475518
1339187280126948
1339187285062323
1339187290133455
1339187295095478
1339187300087676
1339187304158789
1339187308279824
