1335746257890238
1335747262206954
1335748266500822
1335749270527881
1335750276686866
1335751287948712
1335752294355334
1335753306921389
1335754317401558
1335755329642757
1335756343121657
1335757355861637
1335758362991309
1335759369590539
1335760373324048
1335761377306075
1335762380404588
1335763384508444
1335764389042731
1335765393633086
1335766397114672
1335767401171760
1335768405139393
1335769409411644
1335770416511353
1335771421013052
1335772427662090
1335773434448186
1335774442384865
1335775448035870
1335776458081198
1335777463467908
1335778472484500
1335779480588230
1335780484806883
1335781488276134
1335782495224409
1335783501329995
1335784509937992
1335785513768404
1335786519421980
1335787523065219
1335788528525618
1335789533650171
1335790539243641
1335791545303978
1335792555979796
1335793560332794
1335794564130124
1335795570382075
1335796577419233
1335797584997891
1335798594832285
1335799598849802
1335800608687062
1335801613483050
1335802623083698
1335803633232712
1335804638513343
1335805646717523
1335806654953030
1335807660664858
1335808666729593
1335809676911872
1335810687157025
1335811695680394
1335812703000723
1335813711571422
1335814722669873
1335815733398365
1335816743356335
1335817752260614
1335818759196247
1335819765933469
1335820770029263
1335821774599654
1335822780567421
1335823788914805
1335824796688434
1335825805639908
1335826812958556
1335827817832055
1335828825505053
1335829830314137
1335830839115096
1335831843417307
1335832846584140
1335833851220595
1335834860172157
1335835865115484
1335836871016253
1335837878177083
1335838883538582
1335839889607748
1335840901246700
1335841912472159
1335842923690499
1335843929919118
1335844934644277
1335845943544160
