1339072222649261
1339073226906404
1339074230596706
1339075235020107
1339076240063080
1339077245562097
1339078249072877
1339079252844946
1339080256171399
1339081259281462
1339082262995563
1339083267100075
1339084273515605
1339085278357338
1339086288496342
1339087297860765
1339088307840977
1339089314545214
1339090318684861
1339091324742393
1339092334405033
1339093338985337
1339094348927066
1339095357813203
1339096363550207
1339097369036457
1339098372546929
1339099375475869
1339100379042165
1339101382998527
1339102387276808
1339103391553948
1339104401148775
1339105407050488
1339106414977718
1339107421764324
1339108429526220
1339109436330250
1339110442565076
1339111450420211
1339112457459021
1339113466032515
1339114471507495
1339115480568582
1339116488927966
1339117497291453
1339118502971219
1339119513836291
1339120521633732
1339121529737466
1339122534967589
1339123539473342
1339124543034243
1339125546973132
1339126550895179
1339127554615916
1339128559539021
1339129564711635
1339130569674255
1339131574136815
1339132577935607
1339133582361305
1339134587202097
1339135591598504
1339136597030886
1339137601956293
1339138607846448
1339139613638325
1339140618126005
1339141622727041
1339142627417290
1339143632924114
1339144637928501
1339145650640881
1339146663172301
1339147677093632
1339148688235162
1339149695634971
1339150701259865
1339151707166505
1339152713624672
1339153721010461
1339154727071288
1339155731435495
1339156737438900
1339157743841157
1339158747577964
1339159753981429
1339160760434837
1339161766669031
1339162773211341
1339163779845775
1339164786520934
1339165798998635
1339166812548632
1339167824619748
1339168837611651
1339169843597247
1339170850835403
1339171855371421
