1339177649904422
1339177653807473
1339177657841882
1339177671739066
1339177674994113
1339177678523912
1339177682166781
1339177686062977
1339177690306158
1339177694254949
1339177698522989
1339177703229470
1339177708480683
1339177713862363
1339177718645303
1339177722890813
1339177726945499
1339177731460958
1339177735655883
1339177739911666
1339177744098279
1339177748127995
1339177751688930
1339177755256908
1339177758968329
1339177763559179
1339177768359589
1339177772791818
1339177777090413
1339177781339730
1339177785866790
1339177791528753
1339177797214962
1339177802421521
1339177807636053
1339177812709660
1339177816534593
1339177820160616
1339177824551255
1339177829609599
1339177834977510
1339177840466603
1339177845570123
1339177850524437
1339177856200322
1339177860317028
1339177864445166
1339177868942910
1339177873459374
1339177877760144
1339177881588165
1339177885244730
1339177888731409
1339177893094020
1339177897704458
1339177901876455
1339177905852755
1339177909435387
1339177913387684
1339177917200312
1339177921795620
1339177926516777
1339177931469543
1339177937592351
1339177942598751
1339177947541623
1339177951922401
1339177956474132
1339177961050780
1339177965928426
1339177970325979
1339177974597920
1339177978588117
1339177982102832
1339177985107176
1339177988408580
1339177992130738
1339177995745010
1339178001884917
1339178006378988
1339178009842211
1339178013372714
1339178017114193
1339178021268902
1339178025746161
1339178030106554
1339178034223685
1339178038643928
1339178043056405
1339178047244388
1339178051378283
1339178056177325
1339178061215003
1339178066892857
1339178072676015
1339178077790453
1339178082367235
1339178086512326
1339178091930440
1339178096823552
