1339173404727164
1339173408557881
1339173412383982
1339173416359338
1339173420492405
1339173424165212
1339173427364589
1339173430481815
1339173433841371
1339173437749608
1339173441758457
1339173445878789
1339173450653783
1339173455743405
1339173460272498
1339173464439474
1339173467637722
1339173470863709
1339173474678576
1339173477914929
1339173481075788
1339173485837253
1339173489543252
1339173493103093
1339173496264846
1339173499709066
1339173503168795
1339173506610989
1339173510529793
1339173514363747
1339173518407198
1339173522760037
1339173527223382
1339173531799734
1339173535839855
1339173539902742
1339173544200649
1339173549434470
1339173554491074
1339173560161772
1339173563504232
1339173566599492
1339173569740539
1339173573270569
1339173576960849
1339173580580141
1339173584175687
1339173587795911
1339173591419282
1339173594931489
1339173605174322
1339173610613760
1339173614363289
1339173617822234
1339173621303436
1339173624895670
1339173628564315
1339173632404443
1339173637142322
1339173641387389
1339173645767705
1339173650742024
1339173655618132
1339173661022655
1339173666025336
1339173670162892
1339173674255914
1339173678426445
1339173683175514
1339173687538177
1339173691453213
1339173695301140
1339173698971769
1339173702495245
1339173706171185
1339173710159531
1339173714350617
1339173718565951
1339173722791553
1339173727093000
1339173730916873
1339173734696503
1339173738338621
1339173741844759
1339173745590552
1339173749233279
1339173752678445
1339173757760299
1339173762551875
1339173767112531
1339173771904328
1339173777119298
1339173781867432
1339173785872814
1339173790080831
1339173793891387
1339173797294241
1339173800616784
1339173804708308
1339173810960950
