1339180656128816
1339180660512057
1339180664903885
1339180668965994
1339180674347485
1339180678580395
1339180682860936
1339180687894694
1339180692155982
1339180695781476
1339180699465223
1339180703558848
1339180712813552
1339180716016513
1339180719697232
1339180723091958
1339180726772428
1339180730085324
1339180733570962
1339180737098630
1339180740680505
1339180744358651
1339180748515366
1339180752923482
1339180757341507
1339180761638473
1339180765504852
1339180769372813
1339180773134111
1339180777865452
1339180782721786
1339180787609209
1339180792878384
1339180796922279
1339180800244604
1339180803662394
1339180807239584
1339180811055698
1339180814907947
1339180818941054
1339180822739596
1339180826386410
1339180830109623
1339180834039354
1339180838659078
1339180843242926
1339180847733743
1339180852490756
1339180858126232
1339180862831016
1339180867465496
1339180872368431
1339180876818614
1339180881321576
1339180886150036
1339180890915790
1339180895052032
1339180898809424
1339180902331060
1339180905779923
1339180909877182
1339180914249182
1339180918623626
1339180923094915
1339180927318144
1339180930858193
1339180934339691
1339180937695020
1339180941166355
1339180945155449
1339180949383657
1339180953479300
1339180957780154
1339180962048365
1339180966627293
1339180971198281
1339180975623221
1339180979537771
1339180983491493
1339180987096074
1339180991097677
1339180995267655
1339180999535225
1339181005156443
1339181008486605
1339181011624941
1339181017457118
1339181020771022
1339181024078585
1339181027570503
1339181030815873
1339181034401259
1339181037885231
1339181041184157
1339181044205341
1339181047445864
1339181050709090
1339181054152330
1339181058101047
1339181061725804
