1338770144221814
1338771147950224
1338772152465785
1338773156383157
1338774160605410
1338775163692094
1338776166622694
1338777169958251
1338778173647186
1338779177527749
1338780180587720
1338781183417997
1338782186789247
1338783190304612
1338784193498117
1338785197295659
1338786201583201
1338787204994718
1338788208536123
1338789211868277
1338790215684522
1338791219637288
1338792223401622
1338793227575792
1338794232102885
1338795238792428
1338796248240101
1338797256387371
1338798260552230
1338799264855117
1338800273925633
1338801281084315
1338802287455409
1338803291979527
1338804300173029
1338805307756459
1338806317537340
1338807328600810
1338808338596345
1338809344437857
1338810352371836
1338811361162204
1338812367514354
1338813371632442
1338814375663613
1338815380386451
1338816385788966
1338817389629647
1338818393626071
1338819398632599
1338820402504886
1338821406785358
1338822410984764
1338823414812311
1338824418167128
1338825423251406
1338826429323258
1338827434710818
1338828441168931
1338829448805741
1338830454738954
1338831464405455
1338832475200909
1338833482275094
1338834489534498
1338835496835121
1338836506313280
1338837513434595
1338838520377608
1338839528865206
1338840532819107
1338841542287486
1338842553022631
1338843564541736
1338844573408367
1338845583728001
1338846596480457
1338847606223781
1338848612738569
1338849619305799
1338850629526221
1338851637435817
1338852643703321
1338853656383299
1338854669183958
1338855682510167
1338856694457889
1338857701544766
1338858708533454
1338859718759020
1338860727152167
1338861737011440
1338862746839898
1338863759077545
1338864769159354
1338865780063957
1338866791271996
1338867796916756
1338868806998117
1338869818208806
