1336954846829450
1336955855012729
1336956867329163
1336957876655359
1336958886090970
1336959893748137
1336960899918619
1336961905197710
1336962909708170
1336963913742684
1336964918041544
1336965921994747
1336966926433118
1336967931230965
1336968936907803
1336969941498471
1336970945798006
1336971957937292
1336972970084131
1336973984728892
1336974999617891
1336976007243812
1336977010910206
1336978015100234
1336979019428967
1336980023118506
1336981026388525
1336982031948377
1336983038895369
1336984046905438
1336985055600994
1336986062548839
1336987067710767
1336988075149389
1336989083015079
1336990088880111
1336991097333035
1336992107066560
1336993117358241
1336994128408973
1336995139340086
1336996149613685
1336997159428010
1336998171829164
1336999183763824
1337000196101077
1337001203901554
1337002214238118
1337003227678931
1337004240428026
1337005251988738
1337006263958658
1337007275563402
1337008289338705
1337009296276547
1337010307885855
1337011318493716
1337012332465388
1337013345515683
1337014359379807
1337015371624310
1337016382992472
1337017396756480
1337018407525719
1337019419345975
1337020430322352
1337021443313114
1337022453149339
1337023466531580
1337024481116725
1337025494941077
1337026505643606
1337027518498806
1337028529285154
1337029540629020
1337030550937666
1337031562066967
1337032574269565
1337033584586337
1337034593284693
1337035601700736
1337036610093662
1337037620724841
1337038630341656
1337039638524462
1337040645289925
1337041651837920
1337042657582821
1337043661394721
1337044669828921
1337045681188183
1337046692601231
1337047706821365
1337048717955600
1337049729093159
1337050741181798
1337051755069234
1337052768464756
1337053782031080
1337054795153281
