1339177230475453
1339177237345870
1339177240710593
1339177243807665
1339177250505705
1339177253585260
1339177256852289
1339177263595656
1339177267395061
1339177270612918
1339177273939190
1339177277284690
1339177280885680
1339177284404488
1339177287879343
1339177291242929
1339177294717694
1339177298533233
1339177302393829
1339177306294683
1339177310194986
1339177314097531
1339177318052259
1339177322085880
1339177326018220
1339177329878924
1339177334212715
1339177339050440
1339177344229261
1339177349807240
1339177354847039
1339177361033840
1339177365897928
1339177369251630
1339177372617800
1339177376154928
1339177380149746
1339177383739997
1339177387093199
1339177390506072
1339177393677684
1339177397068433
1339177400674799
1339177404562174
1339177408739524
1339177412875101
1339177417119074
1339177421187871
1339177425249736
1339177429096976
1339177433832742
1339177438385405
1339177442850668
1339177446398523
1339177450226765
1339177454458160
1339177459150460
1339177463546763
1339177468179213
1339177473012023
1339177477607164
1339177482200544
1339177487695036
1339177496819698
1339177500518520
1339177504220311
1339177507642780
1339177510972816
1339177514583822
1339177518365778
1339177522455546
1339177526700428
1339177530806855
1339177534558969
1339177538420597
1339177542815040
1339177547918415
1339177552337767
1339177556134576
1339177560137242
1339177564280102
1339177568597734
1339177572791118
1339177576866180
1339177581559826
1339177585669517
1339177589602590
1339177594129326
1339177599756820
1339177604218497
1339177608095727
1339177611915849
1339177616386629
1339177621897727
1339177626014597
1339177629397472
1339177632706520
1339177636164825
1339177640586908
1339177645247113
