1338769142035498
1338770145663638
1338771150401567
1338772154527592
1338773158482180
1338774162155459
1338775164950801
1338776168090891
1338777171768042
1338778175862849
1338779178981737
1338780181868165
1338781184928876
1338782188401857
1338783191766218
1338784195403262
1338785199741651
1338786203436778
1338787206452799
1338788210042454
1338789213831894
1338790217539648
1338791221368038
1338792225683890
1338793229733304
1338794235569374
1338795244486687
1338796253019531
1338797258196801
1338798262371990
1338799269924316
1338800277939347
1338801284486013
1338802289247855
1338803296404357
1338804303873878
1338805313240167
1338806322943866
1338807335016833
1338808341453778
1338809348519650
1338810356725965
1338811364920147
1338812369599321
1338813373734415
1338814378113357
1338815383134784
1338816387450660
1338817391453259
1338818396523644
1338819400506462
1338820404857318
1338821408781612
1338822412874673
1338823416408308
1338824420524199
1338825426502417
1338826431760220
1338827438047286
1338828444947992
1338829451575902
1338830459551193
1338831470520715
1338832478708134
1338833485930983
1338834492733982
1338835501948656
1338836510482198
1338837516581898
1338838525068503
1338839530311862
1338840537701639
1338841547834788
1338842559510509
1338843569251413
1338844577943043
1338845590791234
1338846601986008
1338847609730003
1338848615130043
1338849624968752
1338850633889061
1338851640209073
1338852649894853
1338853663200266
1338854677979236
1338855688946403
1338856699065106
1338857704668321
1338858715647130
1338859723118063
1338860731853258
1338861743045798
1338862753699840
1338863764715009
1338864776248333
1338865785340004
1338866794163991
1338867801069224
1338868814074317
