1337359040918130
1337360049111469
1337361054608276
1337362065708265
1337363075106389
1337364086516832
1337365099196878
1337366110925889
1337367119919302
1337368131138348
1337369137406886
1337370141195550
1337371144803999
1337372148625884
1337373152464319
1337374155847188
1337375158637042
1337376161567057
1337377165349240
1337378168751390
1337379172076200
1337380175705764
1337381178665998
1337382181910848
1337383185335129
1337384188813360
1337385192222894
1337386195831607
1337387199993017
1337388206199817
1337389210699403
1337390214344671
1337391218712886
1337392222487108
1337393226215726
1337394229223890
1337395232903440
1337396236473931
1337397239595891
1337398245206541
1337399249499808
1337400252697316
1337401256567425
1337402263506374
1337403268819354
1337404273254425
1337405282610222
1337406288443051
1337407295388119
1337408302584803
1337409310929445
1337410320211591
1337411325146066
1337412328707612
1337413335931589
1337414346546959
1337415356023162
1337416365058202
1337417368353174
1337418373962112
1337419378332298
1337420382136156
1337421385398222
1337422388715777
1337423397372137
1337424404358029
1337425409748946
1337426415852135
1337427424479865
1337428432267583
1337429439013615
1337430446924689
1337431456762493
1337432467468896
1337433476250067
1337434482214500
1337435489660497
1337436493091238
1337437503458870
1337438510810348
1337439520483741
1337440525471159
1337441529556637
1337442539975425
1337443551564840
1337444563507343
1337445571861365
1337446578860701
1337447587317566
1337448594725071
1337449599469200
1337450604521561
1337451609760717
1337452614231248
1337453622839263
1337454634441513
1337455641412060
1337456651754058
1337457662678450
1337458675198447
