1339179786166857
1339179790666610
1339179795443301
1339179800328176
1339179804977987
1339179809109662
1339179813609977
1339179818350622
1339179823155917
1339179828155948
1339179833069688
1339179837112023
1339179840945430
1339179844773718
1339179848979050
1339179853756640
1339179858594408
1339179863898928
1339179868221690
1339179872247971
1339179876426759
1339179881315240
1339179886015732
1339179890889961
1339179896540066
1339179901981216
1339179906046712
1339179910104546
1339179914337983
1339179918960115
1339179923358364
1339179927779320
1339179932371321
1339179937224228
1339179940996694
1339179944634534
1339179948331529
1339179951884792
1339179955357900
1339179958904679
1339179961851260
1339179965171993
1339179968893492
1339179972716986
1339179977092678
1339179981416719
1339179985672440
1339179990092713
1339179994328499
1339179998691113
1339180005123815
1339180009311159
1339180013025641
1339180016971017
1339180020553597
1339180024625105
1339180028725011
1339180032625556
1339180036655137
1339180041351423
1339180045905778
1339180049851570
1339180053530693
1339180057476416
1339180061169443
1339180064751918
1339180068635201
1339180072762220
1339180077434532
1339180081894120
1339180086685557
1339180091868557
1339180096605954
1339180100230496
1339180103952546
1339180108010267
1339180112872695
1339180120488135
1339180124476652
1339180127668659
1339180131151351
1339180134670445
1339180137892616
1339180140998977
1339180144421942
1339180147625118
1339180150761242
1339180154100752
1339180159368944
1339180162508631
1339180165891613
1339180171066495
1339180174375422
1339180177548040
1339180180681935
1339180192116696
1339180195819413
1339180199500271
1339180203113873
1339180206504373
