1338164609422069
1338165618783854
1338166629134839
1338167639250653
1338168645000768
1338169650669251
1338170655714172
1338171659863731
1338172663052775
1338173672518860
1338174685090645
1338175698564527
1338176707569867
1338177719019164
1338178732710461
1338179744255843
1338180748789879
1338181752326204
1338182760363425
1338183765432309
1338184770776821
1338185776234780
1338186781979200
1338187792665522
1338188801976961
1338189812896835
1338190825388021
1338191831892537
1338192844158837
1338193856699242
1338194869598603
1338195882785085
1338196895353383
1338197906857057
1338198920736688
1338199933616997
1338200940889691
1338201953570664
1338202968225393
1338203981125394
1338204990211222
1338206002553060
1338207009564713
1338208014761986
1338209020224409
1338210027760417
1338211036738246
1338212047019625
1338213059726235
1338214065862501
1338215076496720
1338216089694326
1338217102147632
1338218113851412
1338219121513451
1338220126236959
1338221129529567
1338222134204836
1338223137362440
1338224141463374
1338225145331194
1338226149327542
1338227153782319
1338228157404313
1338229161742952
1338230165563336
1338231169191715
1338232173321438
1338233177653777
1338234181651109
1338235185839164
1338236189966208
1338237194274345
1338238197966097
1338239202256912
1338240205992092
1338241209546258
1338242213435377
1338243217486498
1338244221481955
1338245225067995
1338246228654030
1338247232439353
1338248239017174
1338249244346453
1338250249497942
1338251257093529
1338252264546155
1338253272079316
1338254279181984
1338255288762303
1338256298019033
1338257307764389
1338258317415849
1338259329465557
1338260333976689
1338261344583644
1338262352968127
1338263359447535
1338264365068819
