1339173048432805
1339173051660794
1339173054843003
1339173058162402
1339173061762208
1339173065169367
1339173068726279
1339173071984538
1339173075247093
1339173078463376
1339173081595646
1339173086153188
1339173089444839
1339173092921648
1339173096352837
1339173099877392
1339173103376249
1339173106932341
1339173110441032
1339173114123139
1339173117410272
1339173120819241
1339173124363056
1339173127920846
1339173131227264
1339173134622335
1339173141604102
1339173145078037
1339173148431166
1339173152251852
1339173156165046
1339173159574003
1339173163041229
1339173166461410
1339173169824865
1339173173218373
1339173176521824
1339173180502609
1339173184145257
1339173187503866
1339173191155828
1339173197388883
1339173200909045
1339173204238210
1339173207920181
1339173211234627
1339173214620895
1339173218419539
1339173222223439
1339173225837130
1339173229238615
1339173232444670
1339173235939977
1339173239113806
1339173242337526
1339173245670271
1339173249198331
1339173252478986
1339173255858751
1339173259250189
1339173262661720
1339173265929248
1339173269192119
1339173272659458
1339173276062007
1339173279707490
1339173283113501
1339173286280751
1339173289692992
1339173293110166
1339173296406759
1339173299705661
1339173303060710
1339173306235833
1339173309406950
1339173312463650
1339173315694092
1339173318824653
1339173321895422
1339173325209890
1339173328569358
1339173332702248
1339173336979833
1339173340679024
1339173343811358
1339173346952201
1339173349964215
1339173353224599
1339173356701385
1339173360952073
1339173364769092
1339173368693005
1339173372417054
1339173375847158
1339173379341461
1339173382720158
1339173389984202
1339173393467405
1339173396630821
1339173400036831
