1339179785974580
1339179790453997
1339179795233496
1339179800060656
1339179804798951
1339179808856801
1339179813371325
1339179818134408
1339179822946984
1339179827944281
1339179832900960
1339179836929586
1339179840792011
1339179844579727
1339179848768516
1339179853489219
1339179858325418
1339179863707443
1339179867986128
1339179872055772
1339179876191748
1339179881110606
1339179885788397
1339179890652182
1339179896253428
1339179901778382
1339179905877662
1339179909932396
1339179914135907
1339179918761648
1339179923180982
1339179927573022
1339179932163277
1339179937013240
1339179940846831
1339179944466874
1339179948128408
1339179951732864
1339179955168186
1339179958771538
1339179961721042
1339179965004975
1339179968740565
1339179972514497
1339179976902101
1339179981240342
1339179985477421
1339179989911324
1339179994145402
1339179998469055
1339180004938996
1339180009146350
1339180012844286
1339180016763887
1339180020371217
1339180024443988
1339180028531707
1339180032447821
1339180036485532
1339180041152806
1339180045728380
1339180049701383
1339180053382314
1339180057317851
1339180061019336
1339180064567590
1339180068450037
1339180072539065
1339180077216015
1339180081713469
1339180086453476
1339180091618453
1339180096453756
1339180100064307
1339180103773667
1339180107843324
1339180112650222
1339180120247060
1339180124278704
1339180127520240
1339180130967042
1339180134527513
1339180137759286
1339180140851273
1339180144247576
1339180147477872
1339180150624280
1339180153920990
1339180159160845
1339180162360275
1339180165739005
1339180170827266
1339180174226741
1339180177412819
1339180180534768
1339180191848035
1339180195671213
1339180199333470
1339180202922719
1339180206353630
