1335242542456982
1335243549258212
1335244555967671
1335245561602203
1335246566677436
1335247573157257
1335248579882291
1335249586028326
1335250590638540
1335251596407470
1335252602354033
1335253608582851
1335254612837122
1335255619155727
1335256626844670
1335257633144844
1335258639166589
1335259646805025
1335260651991280
1335261657075678
1335262661658219
1335263666624739
1335264672192032
1335265678524222
1335266684272084
1335267690222998
1335268695830283
1335269702798191
1335270708282596
1335271715592810
1335272722552935
1335273729089670
1335274735537361
1335275741863263
1335276748916776
1335277755680552
1335278761519308
1335279767424631
1335280773716617
1335281779693301
1335282785732318
1335283791896975
1335284797343941
1335285803057804
1335286808993228
1335287813730658
1335288817880630
1335289823002826
1335290828172049
1335291834607593
1335292840835012
1335293846758461
1335294852047266
1335295858362583
1335296865008942
1335297870820654
1335298875938021
1335299881611408
1335300887275996
1335301893078156
1335302899219277
1335303906139672
1335304912380663
1335305918380177
1335306923439844
1335307930282553
1335308937246480
1335309943550983
1335310950861113
1335311957411641
1335312963492383
1335313969488090
1335314975121081
1335315980532610
1335316985509429
1335317991269507
1335318996255544
1335320004557545
1335321009406883
1335322014642220
1335323019231625
1335324025635477
1335325031431205
1335326038806363
1335327045024622
1335328051019619
1335329056613123
1335330063093966
1335331070126168
1335332077540168
1335333083150184
1335334089208293
1335335094713260
1335336099745570
1335337105805454
1335338113203531
1335339119358950
1335340124620165
1335341132053404
1335342138798559
