1335342143727122
1335343150602249
1335344155208011
1335345160353601
1335346166736234
1335347174679339
1335348181559895
1335349187564856
1335350193728857
1335351199890100
1335352206634177
1335353212046989
1335354218838523
1335355225252822
1335356231304686
1335357238439736
1335358243869197
1335359249278916
1335360255420126
1335361262458496
1335362268649938
1335363276263566
1335364282641284
1335365288644293
1335366295897206
1335367303069631
1335368309050049
1335369314434916
1335370317929025
1335371323833402
1335372331067005
1335373337839055
1335374343638596
1335375349952034
1335376355883961
1335377361684284
1335378366738902
1335379372212946
1335380376253526
1335381380187495
1335382383739348
1335383389725753
1335384394374119
1335385398471220
1335386402540542
1335387408179827
1335388412278256
1335389418913215
1335390424261050
1335391430712502
1335392437593933
1335393443849659
1335394449477736
1335395456605694
1335396461909466
1335397468226492
1335398474183468
1335399480544221
1335400487263844
1335401493272122
1335402499740910
1335403506239919
1335404511469290
1335405515750079
1335406522195995
1335407529224762
1335408535064505
1335409541012743
1335410547546763
1335411554472672
1335412559826340
1335413565774215
1335414571809838
1335415577100980
1335416582824246
1335417587875180
1335418593379053
1335419599928360
1335420606946972
1335421613438701
1335422619648730
1335423626866170
1335424632591490
1335425638113821
1335426644399211
1335427650957142
1335428657707750
1335429664864152
1335430672015391
1335431678108243
1335432684880475
1335433690896021
1335434696712351
1335435703595316
1335436709332170
1335437715040485
1335438720807830
1335439727025865
1335440735428121
1335441741863767
