1339173405978872
1339173409870678
1339173413705209
1339173417855845
1339173421964283
1339173425237725
1339173428458896
1339173431607839
1339173435156976
1339173439124040
1339173443058480
1339173447470655
1339173452470808
1339173457355500
1339173461755912
1339173465637025
1339173468729355
1339173472417625
1339173475797476
1339173479013865
1339173482496282
1339173487120812
1339173490812491
1339173494147450
1339173497579026
1339173501100079
1339173504297261
1339173507941683
1339173511897083
1339173515777297
1339173519964193
1339173524282126
1339173528942491
1339173533328102
1339173537380739
1339173541546493
1339173545875231
1339173551109219
1339173556492877
1339173561349017
1339173564654813
1339173567751585
1339173570826335
1339173574541952
1339173578191414
1339173581835319
1339173585482837
1339173589085606
1339173592683531
1339173597445809
1339173606635075
1339173611868400
1339173615592000
1339173618983253
1339173622528147
1339173626157733
1339173629815337
1339173634214313
1339173638629076
1339173642831741
1339173647536683
1339173652483617
1339173657614935
1339173662732223
1339173667510251
1339173671507768
1339173675652401
1339173680097556
1339173684813820
1339173688939013
1339173692783440
1339173696625298
1339173700203345
1339173703743695
1339173707471209
1339173711676211
1339173715865206
1339173719974423
1339173724254213
1339173728533559
1339173732286198
1339173735983965
1339173739631210
1339173743016596
1339173746909697
1339173750454975
1339173753973149
1339173759484840
1339173764109490
1339173768844471
1339173773893785
1339173778766423
1339173783223097
1339173787224004
1339173791525752
1339173795055034
1339173798426938
1339173801776285
1339173806494593
1339173812757191
