1335442747836606
1335443753022020
1335444757548272
1335445762120800
1335446767084795
1335447772373175
1335448777938094
1335449781881669
1335450785270682
1335451790411632
1335452796685064
1335453801448095
1335454807747070
1335455812433251
1335456817437828
1335457821925852
1335458826745558
1335459833303209
1335460839687387
1335461845804589
1335462851807066
1335463858905984
1335464865573206
1335465871835328
1335466877726117
1335467884629672
1335468892354228
1335469898526224
1335470904071169
1335471909352021
1335472915869577
1335473921781409
1335474927899425
1335475933616668
1335476939740324
1335477945248463
1335478952378301
1335479958641305
1335480965838801
1335481972967935
1335482979517108
1335483985123870
1335484991844148
1335485998014327
1335487004444478
1335488010567629
1335489017640308
1335490023726874
1335491030369271
1335492035296974
1335493041826800
1335494046971468
1335495052403983
1335496058691942
1335497064234391
1335498070840241
1335499076235721
1335500082504337
1335501088769344
1335502092806875
1335503098721504
1335504104273244
1335505111575348
1335506116796658
1335507122576916
1335508128713151
1335509134853739
1335510141170619
1335511146768434
1335512154274157
1335513160633210
1335514167406771
1335515174209386
1335516179217543
1335517186519101
1335518193344015
1335519198925464
1335520205343865
1335521214490181
1335522225977249
1335523233699549
1335524240853775
1335525250053807
1335526257091968
1335527262765659
1335528269454855
1335529276077597
1335530282030518
1335531287947636
1335532291591187
1335533297764002
1335534304785506
1335535318388262
1335536325279836
1335537336871051
1335538347224512
1335539356908429
1335540365344096
1335541373658659
1335542377535105
