1335140967034652
1335141972772202
1335142977957075
1335143985580977
1335144992053516
1335145998444920
1335147004909515
1335148010604067
1335149014739373
1335150021301422
1335151027181639
1335152032828079
1335153038513641
1335154045195650
1335155051038479
1335156057218247
1335157063406055
1335158070192758
1335159075637443
1335160081941487
1335161088890047
1335162094338767
1335163100982168
1335164108061834
1335165114572986
1335166120849172
1335167128208320
1335168134349162
1335169140205874
1335170146442958
1335171152809623
1335172159224907
1335173165489416
1335174171991502
1335175177574203
1335176183922493
1335177190435789
1335178195264471
1335179199415770
1335180202552697
1335181205636107
1335182210172328
1335183216300113
1335184222577111
1335185228186749
1335186233542571
1335187240987475
1335188247478440
1335189254236081
1335190259907102
1335191266750338
1335192273713819
1335193279725891
1335194285652308
1335195293090275
1335196300348259
1335197306610746
1335198313623304
1335199317206225
1335200322295621
1335201328337247
1335202334656310
1335203339026994
1335204345546957
1335205349706046
1335206354558081
1335207358383759
1335208364124108
1335209369363178
1335210372960250
1335211376614781
1335212380399456
1335213383953473
1335214387268961
1335215391055447
1335216394771117
1335217398406267
1335218402626710
1335219406887659
1335220411430450
1335221415775838
1335222421252985
1335223427523055
1335224434267827
1335225441556116
1335226447332854
1335227453981857
1335228459028661
1335229464502313
1335230469355787
1335231475738548
1335232482386040
1335233488360042
1335234495744280
1335235500086953
1335236505219233
1335237512027375
1335238519294378
1335239526466809
1335240533154254
