1336047469055114
1336048473816577
1336049483202767
1336050490050235
1336051494802610
1336052498644462
1336053503153278
1336054510254529
1336055514631166
1336056521114204
1336057526688412
1336058535787286
1336059541936811
1336060553132927
1336061560414696
1336062569469740
1336063575341576
1336064579724386
1336065585250008
1336066590348552
1336067597316631
1336068603502260
1336069610810091
1336070617564914
1336071628162024
1336072635660901
1336073640390807
1336074648429514
1336075654935078
1336076663311948
1336077668406455
1336078673486771
1336079678785978
1336080688720345
1336081698981173
1336082703856350
1336083706884540
1336084712250467
1336085722193827
1336086729312659
1336087738413986
1336088746531333
1336089752143823
1336090759887346
1336091765272682
1336092771281625
1336093776449357
1336094780055423
1336095783955525
1336096788563991
1336097792471020
1336098799803901
1336099807392260
1336100812172448
1336101819072067
1336102825125552
1336103836090577
1336104843578407
1336105853086711
1336106858662498
1336107868997617
1336108873477510
1336109877207465
1336110881678629
1336111886348396
1336112890205057
1336113895969903
1336114901630063
1336115908936935
1336116917050041
1336117929146445
1336118935328480
1336119940895893
1336120946906263
1336121957705428
1336122967204334
1336123979204229
1336124990159114
1336125996288510
1336127000857417
1336128006076013
1336129013956183
1336130019333733
1336131027880800
1336132034558805
1336133042698252
1336134055372159
1336135065409797
1336136070648739
1336137080707351
1336138087285045
1336139095919555
1336140105035712
1336141114719151
1336142123660036
1336143129874084
1336144136889650
1336145148877150
1336146159414430
1336147170204661
