1338669392982063
1338670397802811
1338671402614333
1338672408539172
1338673414685045
1338674419444840
1338675425385604
1338676430868423
1338677437472601
1338678444552448
1338679453411222
1338680463086451
1338681469054962
1338682476107154
1338683486535695
1338684493235496
1338685500149193
1338686506332036
1338687516872812
1338688530338417
1338689541531901
1338690554789583
1338691565170987
1338692576054888
1338693586881001
1338694595956553
1338695601619655
1338696612392733
1338697624682566
1338698635235013
1338699643628697
1338700648100668
1338701654865217
1338702660014353
1338703667728223
1338704674616768
1338705680601904
1338706688612866
1338707695084150
1338708701541190
1338709708866167
1338710714223139
1338711725765399
1338712733051269
1338713742600019
1338714751407605
1338715755814917
1338716762630877
1338717769673056
1338718779054083
1338719791234463
1338720801915285
1338721813435296
1338722825024390
1338723836897338
1338724848026087
1338725856063610
1338726862645795
1338727870973908
1338728881927650
1338729889597859
1338730895714525
1338731901339785
1338732908683203
1338733914064543
1338734921638879
1338735927697969
1338736936045237
1338737946320545
1338738954159703
1338739959621401
1338740966588645
1338741971960742
1338742976521548
1338743980907967
1338744989631726
1338745997529160
1338747005198784
1338748008837277
1338749012836380
1338750016679550
1338751020845873
1338752025246767
1338753029162217
1338754033262306
1338755041348675
1338756050707682
1338757061928751
1338758070598750
1338759080479538
1338760088763763
1338761095532197
1338762102085899
1338763111199155
1338764117330512
1338765124233172
1338766128359780
1338767132591970
1338768136215851
1338769139711763
