1336048471861328
1336049476720080
1336050486216243
1336051492401661
1336052496672633
1336053500707825
1336054505834872
1336055512784560
1336056516903210
1336057523504137
1336058529458535
1336059538968422
1336060545620907
1336061555970705
1336062563395955
1336063571623616
1336064577657043
1336065581945034
1336066587451472
1336067592884353
1336068600746701
1336069605918599
1336070614230471
1336071621027055
1336072630839458
1336073638624457
1336074642787762
1336075651541566
1336076657633459
1336077666168461
1336078670773168
1336079675768387
1336080682052526
1336081692500008
1336082702184842
1336083705353314
1336084708618718
1336085715430606
1336086725352272
1336087733356819
1336088741186258
1336089749474054
1336090754857021
1336091763212193
1336092767314855
1336093773943859
1336094778122470
1336095781924221
1336096785740441
1336097790440541
1336098795319416
1336099802331482
1336100810158056
1336101814588829
1336102822123535
1336103828234533
1336104840198429
1336105846727699
1336106856118814
1336107861819126
1336108871485491
1336109875432021
1336110878959534
1336111883831189
1336112888007924
1336113892069519
1336114898304273
1336115904201555
1336116912028496
1336117921026256
1336118932347642
1336119937462058
1336120943702569
1336121950220131
1336122961619905
1336123972529882
1336124983024893
1336125993144291
1336126998359678
1336128002795676
1336129008839004
1336130016762763
1336131021889653
1336132031018092
1336133037401353
1336134047607425
1336135059162197
1336136068510610
1336137073638638
1336138084184063
1336139090112407
1336140099907479
1336141109235103
1336142118165552
1336143126824539
1336144132528844
1336145141487143
1336146151918987
1336147165071361
1336148174454182
