1339175966688730
1339175971154998
1339175975873297
1339175980427640
1339175984426460
1339175988737426
1339175993076309
1339175997818222
1339176004541799
1339176009622899
1339176022421947
1339176027356637
1339176031903409
1339176036284763
1339176040808288
1339176045519856
1339176050208482
1339176055041292
1339176060455740
1339176067145456
1339176072150604
1339176076363958
1339176080407886
1339176085248581
1339176089856321
1339176094247735
1339176098239749
1339176102488427
1339176109547591
1339176113861832
1339176117705014
1339176121540491
1339176125368518
1339176128895065
1339176132022389
1339176135387817
1339176138650556
1339176141853268
1339176145032654
1339176148251574
1339176151992044
1339176155176364
1339176158523725
1339176165537469
1339176170065245
1339176173340976
1339176177533568
1339176191500623
1339176195315532
1339176198816194
1339176201869169
1339176205029375
1339176208469258
1339176211625705
1339176214817198
1339176222185442
1339176225382051
1339176228759978
1339176232097752
1339176235090334
1339176238062944
1339176241325332
1339176244561749
1339176247805515
1339176251143458
1339176254454565
1339176260249562
1339176263995121
1339176267227975
1339176270465245
1339176275382405
1339176278858205
1339176282497662
1339176289637179
1339176293416651
1339176296829645
1339176300288590
1339176303634739
1339176307044391
1339176310395473
1339176314195062
1339176318274842
1339176322470611
1339176326657015
1339176330740354
1339176335501189
1339176340425752
1339176344934217
1339176348233722
1339176351495807
1339176354758022
1339176358870104
1339176362680743
1339176366439964
1339176369820354
1339176373231832
1339176376855504
1339176380374676
1339176385401340
1339176388880351
