1337156959814795
1337157968879150
1337158975312946
1337159980555050
1337160986244607
1337161990863984
1337162994844760
1337164002023892
1337165008286746
1337166016308032
1337167020959402
1337168026158211
1337169031353109
1337170037277822
1337171043109785
1337172050988060
1337173058918152
1337174067883844
1337175076710115
1337176087188083
1337177097056981
1337178106322653
1337179117245317
1337180130156330
1337181138705680
1337182150342877
1337183160320366
1337184174659264
1337185185191157
1337186200023807
1337187210974323
1337188224806898
1337189232572847
1337190244334309
1337191259214726
1337192270498893
1337193281921205
1337194293879851
1337195306340577
1337196319979411
1337197333272355
1337198347584974
1337199360868771
1337200372063008
1337201385572706
1337202398392957
1337203410339852
1337204421890666
1337205433777029
1337206446094976
1337207459054954
1337208472248808
1337209485693326
1337210498458603
1337211512508352
1337212522135005
1337213535001130
1337214548172695
1337215562799547
1337216576208116
1337217586641904
1337218600776514
1337219611169459
1337220624031875
1337221636027112
1337222650421152
1337223664111199
1337224676085843
1337225689720272
1337226703306746
1337227713771475
1337228726121098
1337229739276712
1337230750352160
1337231763236879
1337232775197598
1337233789928617
1337234802810670
1337235813089464
1337236824576669
1337237837417603
1337238850448174
1337239862640027
1337240874874445
1337241886485612
1337242898521060
1337243912658745
1337244924021558
1337245935489096
1337246949499143
1337247963057546
1337248976295756
1337249983009896
1337250993622150
1337252006636732
1337253012448281
1337254017186231
1337255021562611
1337256026935858
1337257033298390
