1339184858749613
1339184862838928
1339184866984701
1339184872470973
1339184878576198
1339184884596546
1339184890188107
1339184895315309
1339184899458171
1339184903622964
1339184907561660
1339184911471479
1339184915325763
1339184919199999
1339184923736318
1339184929946053
1339184935388194
1339184941263976
1339184946633477
1339184951157791
1339184955224052
1339184959259241
1339184962929908
1339184966562568
1339184970184201
1339184973822279
1339184977466454
1339184981085861
1339184984832040
1339184988651180
1339184992785776
1339184996632092
1339185001529751
1339185005532396
1339185009599868
1339185013860755
1339185019104248
1339185024268223
1339185029262134
1339185033654347
1339185038319332
1339185042888054
1339185048268965
1339185054166492
1339185058291439
1339185062310196
1339185066464658
1339185070278516
1339185074316140
1339185078264136
1339185082340463
1339185086420642
1339185092035015
1339185095930486
1339185100030677
1339185103909888
1339185109364960
1339185114300692
1339185119192467
1339185124258094
1339185128870021
1339185132183166
1339185135360007
1339185138704404
1339185142069258
1339185145595107
1339185148838771
1339185152424326
1339185155614979
1339185158917257
1339185162159161
1339185165405442
1339185168910516
1339185172223102
1339185175436072
1339185178834796
1339185182330088
1339185185708599
1339185188867250
1339185192098703
1339185195218232
1339185198540017
1339185201783381
1339185204965852
1339185208252953
1339185211533881
1339185214855795
1339185218318381
1339185222477045
1339185225779134
1339185229000272
1339185232380839
1339185235754625
1339185239004506
1339185242407090
1339185245732428
1339185249170420
1339185252391828
1339185255579722
1339185258776886
