1339184413694619
1339184417414201
1339184421486440
1339184426407752
1339184431610148
1339184436331384
1339184441471521
1339184445242378
1339184449016448
1339184452820610
1339184456437569
1339184460077341
1339184463601096
1339184467108295
1339184470564414
1339184474283614
1339184478080580
1339184481816574
1339184486378608
1339184491170096
1339184496518619
1339184501164183
1339184505738195
1339184511448529
1339184517014308
1339184521614268
1339184525696626
1339184529904105
1339184534767241
1339184539360783
1339184543214055
1339184546731385
1339184550429072
1339184554082966
1339184558572723
1339184563105585
1339184567658867
1339184571926343
1339184575649814
1339184579415275
1339184583122289
1339184586728194
1339184590322354
1339184593986227
1339184597573002
1339184601121528
1339184604733134
1339184608134235
1339184612095678
1339184615788519
1339184620212091
1339184624673972
1339184629235784
1339184633184627
1339184637110933
1339184640936287
1339184644696411
1339184648522197
1339184652251970
1339184656673357
1339184660870575
1339184665097224
1339184669529565
1339184674760101
1339184679930040
1339184685088293
1339184689823951
1339184694462380
1339184699792259
1339184705209463
1339184709649602
1339184714080680
1339184718294000
1339184722527713
1339184727724449
1339184733273817
1339184738828152
1339184745432961
1339184749918889
1339184753884563
1339184757707336
1339184761511491
1339184764978726
1339184769158477
1339184779953409
1339184784898609
1339184788116852
1339184791487614
1339184794917850
1339184798518449
1339184802393217
1339184806521518
1339184810758770
1339184815777819
1339184821441984
1339184827108076
1339184832307099
1339184837845793
1339184843397932
1339184850003401
