1335845946278954
1335846954334715
1335847961218296
1335848970950579
1335849977583796
1335850986428829
1335851995492443
1335853004511665
1335854010791894
1335855017622129
1335856022887127
1335857026671420
1335858035104631
1335859044508701
1335860055956801
1335861067658605
1335862078257427
1335863091121775
1335864099311962
1335865108351202
1335866115995371
1335867120166435
1335868124696884
1335869129285085
1335870135372603
1335871140636404
1335872147299009
1335873154066571
1335874159996527
1335875167363212
1335876175718188
1335877186943076
1335878198509862
1335879209302702
1335880221930846
1335881232217569
1335882242809338
1335883253829421
1335884264293654
1335885276870599
1335886288289065
1335887296246824
1335888304507686
1335889310359992
1335890318063512
1335891325474622
1335892336375076
1335893345670665
1335894356148591
1335895361672704
1335896369474459
1335897374053384
1335898378960680
1335899383013353
1335900387648980
1335901393051328
1335902397939566
1335903403535053
1335904408481958
1335905414524350
1335906420267711
1335907427469888
1335908433300537
1335909439342695
1335910447608697
1335911454859773
1335912459190209
1335913462773723
1335914467236976
1335915473819264
1335916478448973
1335917483491161
1335918493685567
1335919500531513
1335920510227911
1335921517499450
1335922522604387
1335923526377594
1335924535779466
1335925545715952
1335926554032889
1335927561604786
1335928567697194
1335929577299773
1335930582846809
1335931592119946
1335932599146060
1335933609606493
1335934618241229
1335935627476380
1335936635673664
1335937644213106
1335938649352236
1335939653765453
1335940663742505
1335941670455234
1335942676295978
1335943683870104
1335944689773212
1335945695654489
