1338669392593097
1338670397408371
1338671402170588
1338672408078571
1338673413810524
1338674418947118
1338675424924863
1338676430448004
1338677436996247
1338678443958327
1338679452830956
1338680462580913
1338681468532734
1338682475383981
1338683485701755
1338684492777310
1338685499654422
1338686505689513
1338687516038541
1338688529691108
1338689540614127
1338690554179644
1338691564248236
1338692575294614
1338693586178927
1338694595605018
1338695600776275
1338696611486570
1338697623879366
1338698634590372
1338699643356947
1338700647493357
1338701654520937
1338702659457061
1338703667255203
1338704674178125
1338705680038699
1338706688135192
1338707694615206
1338708700963684
1338709708495341
1338710713296252
1338711725302847
1338712732114167
1338713742106161
1338714750683337
1338715755219150
1338716762189130
1338717769074500
1338718778127974
1338719790496469
1338720801182092
1338721812665858
1338722824368181
1338723836121886
1338724847201329
1338725855137473
1338726861645201
1338727870346762
1338728881208089
1338729889134284
1338730895385566
1338731900593842
1338732908292547
1338733913518491
1338734921216988
1338735927095672
1338736935422133
1338737945763412
1338738953761475
1338739959194217
1338740966162472
1338741971702656
1338742976252096
1338743980274965
1338744989170344
1338745996975875
1338747004922435
1338748008554941
1338749012478410
1338750016370422
1338751020481711
1338752024897439
1338753028825728
1338754032781813
1338755040550406
1338756049947569
1338757061027610
1338758069958412
1338759079962053
1338760088283203
1338761095044379
1338762101481673
1338763110761916
1338764116905062
1338765123567713
1338766128010703
1338767132236299
1338768135934163
1338769139398101
