1336149186301801
1336150194885657
1336151202352932
1336152209137635
1336153220522326
1336154229370223
1336155237413790
1336156248752226
1336157261807059
1336158271037457
1336159275182077
1336160281664573
1336161290420335
1336162299545926
1336163310265537
1336164314230149
1336165320728940
1336166328920984
1336167338560805
1336168344429838
1336169351813647
1336170356819666
1336171364418213
1336172369973449
1336173373716181
1336174377234338
1336175381465881
1336176386025187
1336177390492008
1336178395092869
1336179399850288
1336180403543014
1336181407995343
1336182413527173
1336183420503811
1336184428953901
1336185436157627
1336186442417249
1336187448160246
1336188451938481
1336189456794417
1336190467671463
1336191476555613
1336192487259167
1336193497629022
1336194509689920
1336195519568793
1336196526649483
1336197538323679
1336198543208162
1336199548337003
1336200553987478
1336201561285856
1336202566159492
1336203576038273
1336204583120991
1336205591891541
1336206598984896
1336207608664829
1336208617589170
1336209623229073
1336210631122530
1336211636040708
1336212646218377
1336213652355433
1336214661664769
1336215669249438
1336216676225879
1336217685677631
1336218690839357
1336219700967474
1336220705317408
1336221715622253
1336222725522296
1336223729752908
1336224735482837
1336225739745517
1336226749743020
1336227756107396
1336228762117137
1336229769317081
1336230778262125
1336231785894046
1336232791968301
1336233801019048
1336234807406061
1336235817670884
1336236827948911
1336237837248197
1336238847482770
1336239855358276
1336240860383242
1336241871101501
1336242878541858
1336243887893587
1336244893925404
1336245903184124
1336246912554103
1336247916962552
1336248924049533
