1339181064615903
1339181068444243
1339181072798255
1339181077340915
1339181081575580
1339181085968018
1339181090211546
1339181094630076
1339181099347179
1339181102857317
1339181106275315
1339181109678185
1339181113118038
1339181116650641
1339181120486674
1339181128559642
1339181131841861
1339181135093777
1339181138406220
1339181141621640
1339181144801409
1339181147912360
1339181155193485
1339181158498598
1339181161705274
1339181168972743
1339181172456175
1339181175558076
1339181182737674
1339181185993171
1339181189188210
1339181192385606
1339181195745500
1339181198940570
1339181202162915
1339181210017312
1339181213176819
1339181216582742
1339181220015036
1339181223532489
1339181226723500
1339181230080445
1339181237023758
1339181240685487
1339181243862334
1339181247326776
1339181250609307
1339181253845592
1339181257199540
1339181260474038
1339181263861322
1339181267615977
1339181270944423
1339181278256649
1339181282078619
1339181285600044
1339181291808742
1339181295809049
1339181300755551
1339181306299863
1339181310005363
1339181313728047
1339181317371923
1339181320952606
1339181324963329
1339181328993535
1339181333085566
1339181337398565
1339181342576878
1339181347192574
1339181351849296
1339181356611995
1339181361876974
1339181366886612
1339181370723474
1339181373999118
1339181377326312
1339181383663618
1339181387489481
1339181391560536
1339181395620554
1339181399723949
1339181403575195
1339181407403054
1339181413641390
1339181418393748
1339181422168624
1339181426184124
1339181430062835
1339181434524129
1339181438679939
1339181443084070
1339181447236702
1339181451554221
1339181455780414
1339181460355709
1339181464660685
1339181468549010
1339181472266497
1339181476677398
