1338568711543900
1338569724354548
1338570735155582
1338571742583269
1338572746147791
1338573754926214
1338574766589143
1338575778363394
1338576788956321
1338577797588859
1338578809443825
1338579822486373
1338580833966598
1338581844721031
1338582855340244
1338583867362978
1338584876601487
1338585885243965
1338586895360486
1338587901383073
1338588907524804
1338589917837897
1338590929967552
1338591941156606
1338592952041440
1338593963970607
1338594975697429
1338595986242414
1338596994290498
1338598006251020
1338599013909055
1338600023484658
1338601030389251
1338602041170083
1338603048396975
1338604055844694
1338605060627026
1338606068668903
1338607074922744
1338608082448803
1338609087166952
1338610095154944
1338611105327290
1338612114088438
1338613124279735
1338614127907204
1338615131870519
1338616135547028
1338617139347115
1338618143394633
1338619147022601
1338620150874067
1338621154738827
1338622158030485
1338623162382192
1338624165636214
1338625169504581
1338626173799717
1338627178437520
1338628182481931
1338629186414815
1338630190621833
1338631194664694
1338632198376151
1338633201922443
1338634206038656
1338635209913304
1338636214155163
1338637217822363
1338638221496144
1338639225431349
1338640229260818
1338641233328654
1338642237346116
1338643241005255
1338644245501194
1338645249105049
1338646252318090
1338647256035703
1338648260306106
1338649263506310
1338650267660753
1338651274422182
1338652282261713
1338653287673001
1338654296135213
1338655302396730
1338656306991347
1338657317478803
1338658326919818
1338659335339353
1338660340719429
1338661345929597
1338662356209685
1338663364772881
1338664368047979
1338665372063896
1338666378003723
1338667385024093
1338668388328628
