1339186482513838
1339186486672554
1339186490654076
1339186494530113
1339186498388964
1339186502290158
1339186506235625
1339186511070675
1339186515926626
1339186520952981
1339186526075250
1339186530238368
1339186534296879
1339186538386482
1339186542306164
1339186546618523
1339186551943715
1339186557367035
1339186562623797
1339186567292254
1339186571939321
1339186578139365
1339186584335983
1339186588624017
1339186592070403
1339186595515430
1339186598840771
1339186602321642
1339186605581524
1339186608940846
1339186612390564
1339186615766827
1339186619331210
1339186622844639
1339186626542505
1339186630211906
1339186633990033
1339186637921595
1339186641676122
1339186646446329
1339186650295892
1339186654097228
1339186657835402
1339186661825243
1339186666367813
1339186670630491
1339186675060178
1339186679781397
1339186684519693
1339186689309537
1339186695061758
1339186699946290
1339186704274130
1339186708152491
1339186711913973
1339186715689869
1339186719368091
1339186722808907
1339186726240080
1339186729652570
1339186733048143
1339186736432879
1339186739804482
1339186743043458
1339186746316924
1339186749602681
1339186752991629
1339186756398187
1339186759778706
1339186763146298
1339186766438303
1339186769920763
1339186773187439
1339186776809532
1339186781207542
1339186785116550
1339186788958213
1339186792927732
1339186796937852
1339186814607615
1339186818338151
1339186821650277
1339186825205665
1339186828699167
1339186832109653
1339186835718481
1339186839430667
1339186843154641
1339186846805905
1339186850482773
1339186854126323
1339186857708543
1339186861324158
1339186865158698
1339186869446009
1339186874352133
1339186879101631
1339186884105159
1339186889443475
1339186893397160
