1336853887014650
1336854896422625
1336855906720745
1336856919477577
1336857928019495
1336858940313595
1336859952419257
1336860963601197
1336861976532176
1336862988487389
1336864000341654
1336865009550690
1336866016534477
1336867023808214
1336868030780386
1336869038458277
1336870050429056
1336871059724748
1336872071484784
1336873081522965
1336874096244045
1336875107583072
1336876119403492
1336877132623973
1336878145080358
1336879158038877
1336880170500880
1336881176708522
1336882186734765
1336883199616419
1336884207200276
1336885219932548
1336886233294965
1336887244993128
1336888258562359
1336889265624931
1336890277885609
1336891288303142
1336892297602506
1336893310121630
1336894322153881
1336895336837777
1336896347240599
1336897360359659
1336898367810081
1336899374574985
1336900378980810
1336901383346858
1336902387833102
1336903392104881
1336904396311497
1336905401687057
1336906406854365
1336907411728696
1336908418302572
1336909423705665
1336910430634437
1336911438857935
1336912447209261
1336913452187832
1336914459707156
1336915468719866
1336916478115379
1336917484842390
1336918493253688
1336919502268465
1336920512498417
1336921523067609
1336922531630007
1336923542845056
1336924551783735
1336925565056298
1336926578487756
1336927592222571
1336928601540642
1336929611641432
1336930623364044
1336931635445638
1336932649575014
1336933661602960
1336934675022205
1336935687947786
1336936701784999
1336937712478641
1336938724816620
1336939734862028
1336940744408303
1336941754983613
1336942764849573
1336943770859109
1336944776133017
1336945780905308
1336946786980757
1336947793821718
1336948797749532
1336949801073598
1336950808972179
1336951815709919
1336952827324231
1336953835384015
