1337863303519308
1337864309596608
1337865321239431
1337866332451571
1337867344712584
1337868349998508
1337869361910096
1337870369907906
1337871373966077
1337872377964038
1337873382321787
1337874386633530
1337875391070431
1337876395445309
1337877400151787
1337878404761559
1337879408695882
1337880414963374
1337881420602827
1337882426763750
1337883432583070
1337884436835091
1337885441827716
1337886448957191
1337887457874258
1337888465438493
1337889475097349
1337890488865272
1337891498509778
1337892510518969
1337893522434897
1337894534465010
1337895540413127
1337896546477500
1337897551881544
1337898562163928
1337899575397127
1337900586636957
1337901596464334
1337902605830540
1337903616897990
1337904630347203
1337905641441916
1337906652356789
1337907659221561
1337908670730806
1337909682259181
1337910694424626
1337911706444126
1337912717530790
1337913731660550
1337914741793388
1337915754792641
1337916765510397
1337917777302235
1337918788455587
1337919798596808
1337920810347410
1337921814970350
1337922825730091
1337923832776243
1337924845624338
1337925854222891
1337926859798181
1337927867392543
1337928880761005
1337929888158986
1337930900736939
1337931909350089
1337932919100982
1337933928639859
1337934941618239
1337935949428220
1337936961153397
1337937972933114
1337938982895435
1337939993283292
1337941001738944
1337942009619493
1337943013898120
1337944018801837
1337945025034183
1337946036213088
1337947049490752
1337948061303809
1337949067127546
1337950076623779
1337951088283428
1337952100020646
1337953109360641
1337954119598152
1337955124952569
1337956128729434
1337957133615548
1337958137029255
1337959141181858
1337960144739663
1337961148016093
1337962151498693
1337963155849000
