1336048471861853
1336049476721069
1336050486216754
1336051492402082
1336052496673317
1336053500708417
1336054505835562
1336055512785041
1336056516903939
1336057523504818
1336058529459916
1336059538968863
1336060545622159
1336061555971457
1336062563397058
1336063571624672
1336064577657522
1336065581945654
1336066587452038
1336067592885222
1336068600747709
1336069605919528
1336070614231098
1336071621028185
1336072630840111
1336073638624929
1336074642788703
1336075651542177
1336076657634331
1336077666168909
1336078670773614
1336079675768946
1336080682053688
1336081692500991
1336082702185322
1336083705353609
1336084708619285
1336085715431588
1336086725352822
1336087733358166
1336088741186888
1336089749474981
1336090754857866
1336091763212650
1336092767315492
1336093773944400
1336094778122915
1336095781924917
1336096785741116
1336097790440982
1336098795320402
1336099802332344
1336100810158500
1336101814589599
1336102822124092
1336103828235727
1336104840199051
1336105846728678
1336106856119410
1336107861820354
1336108871485939
1336109875432454
1336110878959984
1336111883831706
1336112888008478
1336113892070232
1336114898304954
1336115904202258
1336116912029346
1336117921027403
1336118932348031
1336119937462680
1336120943703137
1336121950221614
1336122961620824
1336123972531265
1336124983026129
1336125993144899
1336126998360156
1336128002796273
1336129008839822
1336130016763305
1336131021890648
1336132031018693
1336133037402228
1336134047608730
1336135059163686
1336136068511068
1336137073639709
1336138084184792
1336139090113275
1336140099908310
1336141109236413
1336142118166477
1336143126825276
1336144132529623
1336145141488802
1336146151920049
1336147165072814
1336148174455650
